        Nr       101       103       222       301       402       501
         1      14.8       9.2   10.2300      2.10      0.47       1.4
         2      15.8       9.6   10.2300      2.40      0.55       2.0
         3      17.5      10.8   10.7400      2.80      0.59       2.9
         4      19.7      12.5   11.9600      2.40      0.60       3.6
         5      22.5      15.1   14.7900      2.20      0.70       4.4
         6      25.6      18.3   18.2400      2.20      0.70       5.0
         7      28.5      21.0   21.4800      2.00      0.77       5.4
         8      29.1      21.8   22.2900      2.40      0.79       5.3
         9      27.1      20.3   20.5700      2.00      0.73       4.0
        10      23.1      17.0   16.0100      2.00      0.61       2.7
        11      19.0      13.1   12.5600      2.00      0.50       1.8
        12      15.6      10.2   10.6400      2.10      0.49       1.4
