        Nr       101       103       210       301       402       501
         1      25.0      16.0      20.2      1.40      0.50       3.7
         2      26.0      16.0      19.9      1.20      0.57       3.9
         3      25.0      16.0      19.8      1.40      0.52       3.3
         4      24.0      15.0      17.7      1.40      0.68       3.1
         5      22.0      12.0      15.4      1.40      0.66       2.4
         6      21.0      10.0      13.1      1.40      0.65       2.1
         7      20.0      10.0      12.3      1.40      0.63       2.2
         8      20.0      10.0      12.3      1.40      0.66       2.6
         9      22.0      11.0      13.3      1.40      0.69       3.4
        10      25.0      12.0      15.1      1.40      0.70       4.1
        11      26.0      15.0      17.1      1.20      0.58       4.2
        12      25.0      16.0      19.3      1.40      0.51       3.8
