        Nr       101       103       210       301       402       501
         1      29.5      17.9      16.5      2.20      0.65       5.6
         2      28.5      17.5      16.6      2.00      0.66       4.9
         3      25.9      15.5      16.0      1.70      0.58       3.5
         4      21.8      11.4      12.3      1.70      0.59       2.3
         5      18.4       9.0      10.7      1.50      0.52       1.4
         6      15.3       6.9       8.5      1.50      0.43       0.9
         7      14.7       6.3       7.7      1.70      0.48       1.1
         8      16.2       6.8       7.3      2.20      0.53       1.8
         9      18.4       8.8       9.0      2.20      0.52       2.5
        10      21.5      11.5      11.8      2.20      0.57       3.5
        11      24.9      14.1      13.4      2.20      0.63       4.7
        12      27.9      16.3      15.0      2.20      0.61       5.4
