        Nr       101       103       222       301       402       501
         1      31.3      22.1   28.2000      0.60      0.50       4.0
         2      31.0      22.2   28.2000      0.60      0.54       4.2
         3      31.7      22.3   28.6000      0.60      0.64       4.5
         4      32.0      22.5   29.2000      0.60      0.69       4.3
         5      32.0      22.4   28.6000      0.60      0.71       4.0
         6      31.7      21.8   28.1000      0.60      0.71       3.7
         7      31.6      21.2   26.7000      0.60      0.75       3.8
         8      32.2      21.1   26.3000      0.80      0.79       4.4
         9      32.9      21.6   26.6000      0.80      0.78       4.9
        10      33.0      22.1   27.3000      0.70      0.71       4.8
        11      32.7      22.2   27.8000      0.60      0.63       4.5
        12      32.0      22.1   28.1000      0.60      0.55       4.2
