        Nr       101       103       222       301       402       501
         1      13.0       9.0    8.2000      1.50      0.50       3.2
         2      13.0       3.0    8.3000      1.50      0.49       2.6
         3      14.0       3.0    8.0000      1.50      0.51       2.6
         4      14.0       3.0    7.5000      1.50      0.51       2.3
         5      13.0       2.0    5.6000      1.50      0.78       2.4
         6      13.0       0.0    4.6000      1.80      0.67       2.3
         7      13.0      -2.0    5.2000      1.80      0.64       2.2
         8      14.0      -2.0    5.1000      1.80      0.59       2.5
         9      14.0       0.0    6.2000      1.80      0.51       2.6
        10      16.0       2.0    7.4000      1.80      0.57       3.1
        11      16.0       3.0    7.5000      1.80      0.49       3.2
        12      14.0       3.0    7.6000      1.80      0.55       3.0
