        Nr       101       103       501
         1      22.7      13.0       3.9
         2      23.6      12.0       4.3
         3      23.8      12.0       4.4
         4      24.0      12.0       4.4
         5      24.8       8.0       5.3
         6      24.7       8.0       5.3
         7      24.9       8.0       5.4
         8      26.3      10.0       5.5
         9      23.7      10.0       4.7
        10      22.1      13.0       3.7
        11      24.8      10.0       5.1
        12      24.0      12.0       4.5
        13      24.0      12.0       4.5
        14      24.3      10.0       4.9
        15      24.3      10.0       4.9
        16      24.6      11.6       4.7
        17      23.8      12.1       4.4
        18      23.7      12.0       4.4
        19      23.7      11.8       4.4
        20      23.8      12.0       4.4
        21      23.5      11.8       4.4
        22      23.6      11.6       4.5
        23      23.2      11.6       4.3
        24      24.8      11.7       4.8
        25      23.6      11.6       4.5
        26      24.8      10.0       5.1
        27      24.8       9.0       5.3
        28      27.2       9.8       5.9
        29      27.8      10.8       5.9
        30      27.8      10.0       6.1
        31      26.2      10.2       5.5
        32      25.0       7.2       5.6
        33      24.7       7.2       5.5
        34      25.1       9.1       5.4
        35      26.4       9.5       5.7
        36      25.1       9.5       5.3
        37      25.4       6.0       5.9
        38      25.4       6.7       5.8
        39      25.6       8.0       5.7
        40      26.0       6.5       6.1
        41      25.2       8.2       5.6
        42      24.6       8.6       5.3
        43      24.6       8.0       5.4
        44      25.0       8.6       5.5
        45      26.8       8.6       6.0
        46      26.5      10.6       5.6
        47      26.1       7.0       6.1
        48      26.2       8.5       5.9
        49      26.2       6.8       6.1
        50      25.5       8.2       5.7
        51      24.9       7.8       5.6
        52      25.2       7.8       5.7
        53      26.2      10.5       5.6
        54      26.4       8.9       5.9
        55      27.0       9.8       5.9
        56      27.0      10.0       5.9
        57      27.4       9.0       6.2
        58      27.1       9.0       6.1
        59      27.5       9.6       6.2
        60      28.0       9.0       6.4
        61      24.5       9.1       5.3
        62      23.8       8.5       5.2
        63      26.6       8.6       6.0
        64      24.4       9.0       5.3
        65      26.8      10.5       5.8
        66      27.5       9.0       6.3
        67      26.8      10.0       5.9
        68      22.8       8.8       4.8
        69      25.6       8.5       5.7
        70      26.0       8.9       5.8
        71      27.4       9.2       6.2
        72      25.3       9.2       5.5
        73      26.6       8.6       6.0
        74      27.0       9.1       6.1
        75      27.3      10.5       6.0
        76      25.4      10.3       5.4
        77      25.4       9.4       5.5
        78      25.7      11.0       5.4
        79      25.3       9.7       5.4
        80      25.6      10.0       5.5
        81      26.0      10.1       5.6
        82      26.0      10.4       5.5
        83      25.4       8.5       5.7
        84      26.8      10.8       5.7
        85      26.1       9.2       5.8
        86      25.3       8.8       5.6
        87      25.2       8.8       5.5
        88      26.0      11.5       5.3
        89      26.6       9.9       5.8
        90      25.6      10.5       5.4
        91      26.6      10.9       5.6
        92      26.8      10.6       5.7
        93      26.0      12.1       5.2
        94      25.9      11.4       5.3
        95      26.6      10.6       5.7
        96      23.2       9.0       4.9
        97      23.2       8.2       5.0
        98      25.8      10.5       5.4
        99      25.8       9.4       5.6
       100      25.0       9.5       5.3
       101      25.2      10.0       5.3
       102      25.4      10.6       5.2
       103      25.5      10.2       5.3
       104      25.2       8.5       5.5
       105      25.2       9.6       5.3
       106      24.5       9.5       5.1
       107      25.8      10.2       5.4
       108      26.0       8.5       5.7
       109      27.1       9.0       6.0
       110      26.8       9.6       5.8
       111      26.2      10.0       5.5
       112      26.8      10.1       5.7
       113      25.4      10.0       5.3
       114      21.2       9.6       4.1
       115      25.5       9.2       5.4
       116      22.0       8.4       4.5
       117      24.4      10.0       5.0
       118      25.1      10.5       5.1
       119      21.9      10.0       4.2
       120      25.4       9.5       5.3
       121      25.1       8.2       5.4
       122      24.0       9.5       4.9
       123      23.4      11.0       4.4
       124      23.3      10.5       4.5
       125      23.0       9.5       4.6
       126      23.2      10.4       4.5
       127      23.0      10.1       4.5
       128      24.5      10.0       4.9
       129      23.0       9.5       4.5
       130      20.5      12.3       3.3
       131      20.4      11.0       3.5
       132      18.8      12.5       2.7
       133      23.0      11.8       4.1
       134      21.7      11.7       3.8
       135      22.9      10.0       4.4
       136      23.6       8.6       4.8
       137      24.3       8.8       5.0
       138      23.7      10.8       4.5
       139      23.9       9.1       4.8
       140      24.2       8.5       5.0
       141      24.5       9.6       4.9
       142      24.0       8.6       4.9
       143      23.8       8.5       4.8
       144      24.0       8.5       4.9
       145      24.2       8.6       4.9
       146      21.9       8.5       4.3
       147      22.0       9.5       4.2
       148      22.2       9.6       4.2
       149      22.2      10.1       4.1
       150      23.3       8.4       4.7
       151      24.0       8.8       4.8
       152      24.0      10.0       4.6
       153      23.0       7.5       4.7
       154      23.4       7.4       4.8
       155      23.7       7.5       4.9
       156      23.5       7.5       4.8
       157      23.5       8.0       4.8
       158      23.7      10.0       4.5
       159      23.2      10.6       4.3
       160      23.1       8.6       4.6
       161      21.6       9.8       3.9
       162      21.8       9.5       4.0
       163      22.0       8.5       4.3
       164      22.9       8.5       4.5
       165      21.4      10.4       3.8
       166      22.2       9.1       4.2
       167      22.4      10.8       4.0
       168      22.8       9.8       4.3
       169      21.6       8.5       4.1
       170      21.1       8.2       4.0
       171      21.4       8.2       4.1
       172      21.9       7.5       4.4
       173      22.2      10.0       4.1
       174      21.2       8.9       4.0
       175      21.9      11.0       3.8
       176      21.8       9.8       4.0
       177      20.6       8.6       3.8
       178      19.8       9.7       3.4
       179      20.7       7.6       4.0
       180      21.0       8.9       3.9
       181      19.0       9.8       3.2
       182      21.4       9.1       4.0
       183      22.0       8.9       4.2
       184      22.0       9.4       4.1
       185      20.6       9.8       3.7
       186      21.1       9.5       3.9
       187      21.8       9.0       4.1
       188      21.5      11.0       3.7
       189      22.2       8.2       4.4
       190      21.2      11.1       3.6
       191      21.2       9.8       3.8
       192      19.1      10.3       3.2
       193      20.8      10.6       3.6
       194      22.5      10.4       4.1
       195      22.8      10.5       4.2
       196      23.4       9.2       4.6
       197      21.8       9.6       4.1
       198      21.2       9.4       3.9
       199      21.5      10.2       3.9
       200      22.2       9.5       4.2
       201      21.6      10.0       4.0
       202      21.4      11.5       3.6
       203      20.8       9.4       3.8
       204      19.5      10.3       3.3
       205      19.5       9.0       3.5
       206      15.7      10.5       2.2
       207      21.5      10.0       3.9
       208      21.7       8.0       4.3
       209      21.7       8.4       4.3
       210      21.4       8.4       4.2
       211      21.7       8.3       4.3
       212      20.7       8.4       4.0
       213      21.5       8.4       4.2
       214      22.0       8.4       4.4
       215      21.5       7.8       4.3
       216      21.6       6.6       4.5
       217      22.4       8.1       4.6
       218      22.0       7.5       4.5
       219      19.4       6.5       4.0
       220      20.0      10.0       3.6
       221      21.5       7.5       4.4
       222      20.5       8.0       4.1
       223      20.6      10.5       3.7
       224      19.2       7.9       3.7
       225      21.6       7.5       4.5
       226      19.4      10.0       3.4
       227      21.2      10.5       3.9
       228      18.4       9.4       3.3
       229      19.7       9.0       3.7
       230      20.6       7.6       4.2
       231      20.1       9.4       3.8
       232      20.3       7.8       4.1
       233      21.8       8.4       4.4
       234      21.0       7.9       4.3
       235      21.1       7.2       4.4
       236      21.5       7.2       4.5
       237      21.5      10.3       4.0
       238      21.1       9.0       4.2
       239      20.5       9.0       4.0
       240      20.4       9.5       3.9
       241      20.7      10.6       3.8
       242      21.1       8.6       4.2
       243      23.0       8.4       4.8
       244      21.5       9.8       4.2
       245      22.6       8.2       4.8
       246      22.4       9.2       4.5
       247      22.2       9.4       4.5
       248      22.6       9.6       4.5
       249      22.2       8.6       4.6
       250      22.1       9.0       4.5
       251      22.0       8.7       4.5
       252      21.6      10.0       4.2
       253      22.9       8.6       4.8
       254      22.7       7.6       4.9
       255      22.2       7.2       4.8
       256      22.4       8.0       4.8
       257      23.0       8.0       4.9
       258      21.0      10.6       3.9
       259      21.2       8.9       4.3
       260      22.7       9.0       4.7
       261      24.2       9.0       5.2
       262      23.9       9.0       5.1
       263      24.0       8.1       5.2
       264      23.0       8.3       4.9
       265      21.7       9.3       4.4
       266      22.0      10.6       4.2
       267      22.3      10.0       4.4
       268      22.4       8.0       4.8
       269      23.1       7.1       5.1
       270      24.3       8.6       5.3
       271      23.0       8.4       4.9
       272      22.4       9.6       4.5
       273      21.6       9.2       4.4
       274      21.6       9.4       4.3
       275      24.0       9.6       5.0
       276      20.7       9.5       4.0
       277      22.5       7.5       4.9
       278      21.0      10.2       4.0
       279      21.4       8.3       4.5
       280      22.8       8.1       4.9
       281      23.0       8.5       4.9
       282      24.0       7.7       5.3
       283      20.2       8.5       4.1
       284      21.7       8.8       4.5
       285      24.0       8.9       5.1
       286      23.2       9.2       4.8
       287      22.4       9.0       4.6
       288      23.0       9.2       4.8
       289      22.3       9.0       4.6
       290      22.5       8.2       4.8
       291      21.1      11.6       3.8
       292      21.3      11.0       3.9
       293      22.5       9.5       4.6
       294      21.4      11.5       3.9
       295      18.6      11.0       3.1
       296      21.4       9.5       4.2
       297      22.0       9.9       4.3
       298      22.4       8.8       4.6
       299      22.5      10.0       4.5
       300      23.0      10.0       4.6
       301      23.3       8.7       4.9
       302      23.2       9.4       4.8
       303      23.9       8.9       5.0
       304      22.5      10.2       4.4
       305      21.5      11.5       3.9
       306      21.7      11.1       4.0
       307      22.0      12.3       3.9
       308      22.7      10.3       4.4
       309      22.7      10.9       4.3
       310      23.2      10.8       4.5
       311      18.4      10.0       3.2
       312      22.0       9.6       4.3
       313      23.2       9.3       4.7
       314      22.6       9.0       4.6
       315      22.4      11.0       4.2
       316      22.6      11.0       4.3
       317      22.1      11.0       4.1
       318      23.9      10.0       4.8
       319      24.0      10.5       4.8
       320      24.1      10.0       4.9
       321      23.6       8.7       4.9
       322      19.5      12.0       3.1
       323      21.1      11.0       3.8
       324      24.0       9.7       4.9
       325      22.2      11.1       4.1
       326      22.8       9.2       4.6
       327      18.4      10.2       3.1
       328      22.6       9.2       4.5
       329      21.7      10.6       4.0
       330      21.8      10.2       4.1
       331      19.6       9.4       3.6
       332      22.6      10.6       4.3
       333      23.5       9.1       4.8
       334      24.4       9.1       5.1
       335      23.4       9.6       4.7
       336      23.7       7.5       5.1
       337      23.6      10.0       4.7
       338      23.7       7.7       5.1
       339      23.4       8.1       4.9
       340      23.5       8.5       4.9
       341      23.7       8.6       4.9
       342      24.4       9.0       5.1
       343      24.7       9.0       5.1
       344      24.4       9.5       5.0
       345      23.2       9.2       4.7
       346      23.7       8.7       4.9
       347      24.0       9.5       4.9
       348      24.1       9.5       4.9
       349      23.4       8.6       4.8
       350      24.1       8.6       5.0
       351      24.0       8.7       5.0
       352      20.2      11.0       3.5
       353      21.8       8.1       4.4
       354      23.8       9.6       4.8
       355      24.0       8.8       5.0
       356      23.2       9.0       4.7
       357      22.8       9.2       4.5
       358      23.2       9.4       4.6
       359      24.2       9.1       5.0
       360      24.4       9.4       5.0
       361      24.8       9.6       5.1
       362      24.8      10.0       5.0
       363      25.2       9.4       5.2
       364      25.6      10.1       5.2
       365      24.6      10.2       4.9
       366      24.8       9.9       5.0
       367      24.8       8.9       5.2
       368      25.2       9.2       5.3
       369      24.2       9.1       5.0
       370      23.8       9.6       4.8
       371      20.9       9.3       4.0
       372      21.5       8.8       4.3
       373      19.2       8.2       3.7
       374      20.2       8.4       4.0
       375      20.5       8.7       4.0
       376      20.1       8.7       3.9
       377      21.0       8.8       4.1
       378      21.4       9.0       4.2
       379      21.7       9.2       4.3
       380      23.4       9.4       4.7
       381      24.0       9.0       5.0
       382      25.6       9.7       5.4
       383      26.0       9.4       5.5
       384      25.2       9.8       5.2
       385      21.4       9.7       4.1
       386      21.0       8.4       4.2
       387      21.4       9.0       4.2
       388      22.6       8.0       4.7
       389      22.2       8.8       4.5
       390      15.8       8.1       2.8
       391      18.1       6.8       3.7
       392      17.6       7.2       3.5
       393      18.6       8.4       3.6
       394      22.4       8.2       4.7
       395      21.6       8.4       4.4
       396      22.7      10.2       4.5
       397      24.0       7.5       5.3
       398      23.5       7.9       5.1
       399      24.0       8.0       5.2
       400      25.1       7.0       5.7
       401      22.8       7.9       4.9
       402      24.7       9.2       5.3
       403      24.4      10.0       5.0
       404      24.2       9.0       5.1
       405      21.2       9.0       4.2
       406      23.2       8.7       4.9
       407      23.4       8.5       5.0
       408      23.2       9.3       4.8
       409      24.0      10.0       4.9
       410      23.9       9.4       5.0
       411      23.8       9.5       5.0
       412      24.0       9.0       5.1
       413      24.1       7.5       5.4
       414      24.5      10.0       5.1
       415      25.8       8.4       5.8
       416      25.6       8.5       5.7
       417      25.4       9.2       5.5
       418      25.4       9.0       5.6
       419      25.7       9.2       5.6
       420      25.4       9.4       5.5
       421      25.5       9.2       5.6
       422      25.4       9.4       5.5
       423      25.7       8.4       5.8
       424      25.9      11.5       5.3
       425      25.0      10.0       5.3
       426      24.4      11.0       4.9
       427      25.6       8.5       5.7
       428      26.0       7.5       6.0
       429      27.5       9.0       6.3
       430      26.7      10.5       5.8
       431      21.6      10.2       4.2
       432      20.6       8.2       4.3
       433      22.5      11.2       4.3
       434      24.5       8.5       5.4
       435      24.7       8.2       5.5
       436      24.6       8.4       5.4
       437      25.0       9.4       5.4
       438      24.6       9.5       5.3
       439      25.4       8.9       5.6
       440      25.1       8.3       5.6
       441      25.2       8.0       5.7
       442      25.4       9.0       5.6
       443      24.4       9.9       5.1
       444      25.7      10.0       5.5
       445      24.8       9.0       5.4
       446      25.2       9.0       5.5
       447      25.0       9.5       5.4
       448      24.7       9.4       5.3
       449      21.4       8.8       4.4
       450      24.2       8.7       5.3
       451      23.2       9.4       4.8
       452      20.8       9.0       4.2
       453      22.4       9.0       4.7
       454      22.2       9.6       4.5
       455      17.0       9.0       3.1
       456      19.2       8.6       3.8
       457      20.0       8.6       4.0
       458      23.6       9.8       4.9
       459      24.5       9.8       5.1
       460      24.8       9.8       5.2
       461      22.6       9.4       4.6
       462      21.4       8.8       4.4
       463      22.0       8.6       4.6
       464      22.6       9.0       4.7
       465      22.9       9.4       4.7
       466      22.5      10.6       4.4
       467      23.1       8.3       4.9
       468      23.4       8.6       5.0
       469      24.0       8.5       5.1
       470      24.0       8.5       5.1
       471      23.7       8.5       5.0
       472      22.7      10.5       4.4
       473      22.5      10.5       4.3
       474      24.0       9.5       5.0
       475      23.5       9.0       4.9
       476      22.8       9.1       4.7
       477      24.2       9.1       5.1
       478      20.6       9.0       4.0
       479      21.4       9.0       4.2
       480      22.5       9.1       4.5
       481      23.2      10.0       4.6
       482      23.6      10.5       4.6
       483      22.9       9.4       4.6
       484      22.2      10.0       4.3
       485      24.2      10.0       4.9
       486      22.5      10.0       4.4
       487      22.8      11.1       4.3
       488      22.8       9.8       4.5
       489      24.4      10.0       4.9
       490      23.5      10.5       4.5
       491      24.0      10.2       4.7
       492      23.0       9.3       4.6
       493      24.2      10.0       4.8
       494      24.2       8.9       5.0
       495      24.6       8.3       5.2
       496      24.0       9.0       4.9
       497      23.7       8.5       4.9
       498      23.0       9.6       4.5
       499      23.4       9.0       4.7
       500      23.0       9.2       4.6
       501      23.0       8.7       4.6
       502      21.0      11.5       3.6
       503      22.5      11.5       4.0
       504      22.2      10.5       4.1
       505      22.5      10.0       4.3
       506      22.6       7.7       4.6
       507      21.8       8.4       4.3
       508      24.0       8.2       4.9
       509      22.4       8.9       4.4
       510      23.4       9.0       4.6
       511      23.6       7.5       4.9
       512      23.8       8.9       4.8
       513      23.7       8.8       4.7
       514      21.2      10.0       3.8
       515      21.0      10.0       3.8
       516      21.6       9.5       4.0
       517      19.6       9.6       3.4
       518      21.8       9.4       4.1
       519      21.4       8.9       4.1
       520      22.0       8.5       4.3
       521      22.6       7.5       4.6
       522      22.4       7.6       4.5
       523      21.2       7.6       4.2
       524      21.6       9.8       4.0
       525      21.2       9.4       3.9
       526      19.5      10.4       3.3
       527      20.6       8.9       3.8
       528      20.5       8.0       3.9
       529      19.4       8.6       3.5
       530      19.5      10.5       3.2
       531      20.0      10.0       3.5
       532      21.2       9.0       4.0
       533      21.4       9.2       4.0
       534      22.0       8.8       4.2
       535      22.2       8.7       4.3
       536      21.6       8.5       4.1
       537      22.3       8.6       4.3
       538      21.4       7.5       4.2
       539      21.4       6.9       4.3
       540      21.6       8.4       4.1
       541      22.0       8.3       4.3
       542      21.2       8.1       4.1
       543      19.2       9.2       3.4
       544      20.9       8.2       4.0
       545      20.5       8.5       3.8
       546      21.0       9.0       3.9
       547      20.6       9.6       3.7
       548      21.2       9.2       3.9
       549      24.2       7.6       5.0
       550      23.0       8.6       4.5
       551      23.2       7.6       4.7
       552      24.8       8.8       5.0
       553      23.6       7.8       4.8
       554      23.8       8.7       4.7
       555      22.8       8.9       4.4
       556      21.6       8.2       4.2
       557      21.6       8.2       4.2
       558      21.4       9.0       4.0
       559      21.1       9.0       3.9
       560      21.4      10.9       3.7
       561      20.8       9.5       3.8
       562      21.6      10.1       3.9
       563      22.8       7.6       4.6
       564      21.4       7.4       4.3
       565      20.2       9.0       3.7
       566      19.8       9.6       3.5
       567      20.4       8.0       3.9
       568      20.2       8.2       3.9
       569      20.8       9.4       3.8
       570      19.2       9.1       3.4
       571      19.4       9.2       3.5
       572      21.6       7.5       4.4
       573      18.2       8.9       3.2
       574      19.5       9.6       3.5
       575      20.3       7.5       4.0
       576      21.6       7.4       4.4
       577      18.0       7.5       3.4
       578      18.4       7.8       3.5
       579      18.4       7.2       3.6
       580      19.3       7.0       3.8
       581      20.4       8.6       3.9
       582      21.0       8.5       4.1
       583      21.2       7.5       4.3
       584      20.7       8.6       4.0
       585      21.5       8.5       4.3
       586      21.0      10.0       3.9
       587      19.2       9.9       3.4
       588      19.8      10.2       3.5
       589      22.6       8.6       4.6
       590      19.7       8.5       3.8
       591      21.1       9.1       4.1
       592      21.6       8.0       4.4
       593      23.4       9.4       4.7
       594      22.6       9.4       4.5
       595      21.6       8.7       4.3
       596      21.5       9.3       4.2
       597      22.8       9.0       4.6
       598      22.9       8.6       4.7
       599      22.5       7.0       4.8
       600      22.6       7.7       4.8
       601      20.7       8.5       4.1
       602      22.4       8.6       4.6
       603      21.8      10.0       4.2
       604      21.4       7.0       4.6
       605      22.8       7.8       4.8
       606      21.4       8.2       4.4
       607      22.1       7.8       4.7
       608      21.0       8.4       4.2
       609      20.6       8.5       4.1
       610      21.5       7.8       4.5
       611      20.4       9.9       3.8
       612      21.1       8.0       4.4
       613      22.4       9.4       4.5
       614      22.4       9.0       4.6
       615      24.4       8.0       5.3
       616      24.6       9.5       5.2
       617      24.8       9.2       5.3
       618      21.6       9.6       4.3
       619      21.6       7.2       4.6
       620      23.0       7.2       5.1
       621      22.6       7.2       4.9
       622      23.6       7.0       5.3
       623      23.8       6.2       5.4
       624      23.8       6.8       5.4
       625      22.5       7.0       5.0
       626      23.5       7.6       5.2
       627      22.8      11.5       4.3
       628      23.1       7.1       5.1
       629      23.2       8.7       4.9
       630      23.7       7.5       5.2
       631      22.1       9.6       4.4
       632      22.4       8.5       4.7
       633      23.5       8.1       5.1
       634      23.3       7.0       5.2
       635      21.2       9.0       4.3
       636      22.7      10.0       4.6
       637      24.5       8.3       5.4
       638      23.6       7.8       5.2
       639      20.8       7.2       4.4
       640      22.3       9.4       4.5
       641      20.5       8.9       4.1
       642      21.6      10.6       4.1
       643      22.0      10.6       4.2
       644      24.6       7.8       5.5
       645      22.6       8.8       4.7
       646      23.2      10.9       4.6
       647      21.0       7.6       4.4
       648      23.1       7.6       5.1
       649      23.6       9.5       4.9
       650      23.6       7.1       5.3
       651      22.8       9.4       4.7
       652      23.5       7.4       5.2
       653      23.5       9.1       4.9
       654      23.4       6.4       5.3
       655      23.0       7.1       5.1
       656      24.4       7.6       5.4
       657      25.0       7.4       5.6
       658      24.0       8.0       5.2
       659      24.4       9.0       5.2
       660      25.0       8.1       5.5
       661      24.5       8.0       5.4
       662      25.0       8.2       5.5
       663      23.5       8.2       5.1
       664      21.1      11.0       3.9
       665      22.2       9.2       4.5
       666      19.7      10.0       3.6
       667      21.6      10.0       4.2
       668      22.4      11.2       4.2
       669      22.0      11.4       4.0
       670      21.7      11.0       4.0
       671      22.0      10.1       4.3
       672      22.2       9.1       4.5
       673      20.0       9.2       3.8
       674      20.0      10.0       3.7
       675      20.5      10.0       3.8
       676      22.0       9.8       4.3
       677      22.4       8.9       4.6
       678      22.6       9.8       4.5
       679      22.6       9.6       4.5
       680      22.7      10.5       4.4
       681      21.3      10.5       4.0
       682      21.2      10.0       4.0
       683      19.0      10.5       3.3
       684      19.7      10.8       3.4
       685      22.1      10.5       4.2
       686      20.6      10.0       3.8
       687      20.5      10.5       3.7
       688      21.4       9.9       4.1
       689      20.4       9.4       3.9
       690      22.1       8.6       4.5
       691      21.8       8.9       4.3
       692      21.4       9.0       4.2
       693      22.4      10.0       4.3
       694      22.2       9.8       4.3
       695      21.4      10.0       4.0
       696      20.2       9.5       3.8
       697      21.3       9.4       4.1
       698      20.8       8.9       4.0
       699      24.2       9.7       4.9
       700      23.6       9.0       4.8
       701      23.4       9.1       4.8
       702      24.2       8.9       5.0
       703      22.4       9.0       4.5
       704      23.8       8.8       4.9
       705      23.6       8.8       4.9
       706      23.8       8.9       4.9
       707      24.0       9.1       4.9
       708      22.5       9.0       4.5
       709      22.5       8.9       4.5
       710      23.6       9.6       4.7
       711      23.4       9.4       4.7
       712      23.8       9.4       4.8
       713      20.8       8.7       4.1
       714      21.9       8.8       4.3
       715      22.0       8.7       4.4
       716      22.0       9.0       4.3
       717      22.2       8.4       4.5
       718      23.2       9.3       4.6
       719      22.8       9.6       4.5
       720      23.6      10.1       4.6
       721      24.8       9.8       5.0
       722      24.6      10.0       4.9
       723      25.2       9.6       5.2
       724      24.5       9.8       5.0
       725      25.0       9.4       5.2
       726      25.3       9.6       5.2
       727      26.0       9.8       5.4
       728      25.6       9.4       5.4
       729      25.2       9.5       5.2
       730      26.0       9.4       5.5
       731      24.5       9.0       5.1
       732      25.5       8.5       5.5
       733      25.2       9.2       5.3
       734      25.0       8.9       5.3
       735      25.2      10.1       5.1
       736      24.6       8.8       5.2
       737      24.7       9.0       5.2
       738      24.6       9.2       5.1
       739      24.4       8.8       5.1
       740      25.2       9.4       5.3
       741      26.2       9.0       5.6
       742      22.2       9.1       4.4
       743      21.0       9.0       4.1
       744      20.3       9.8       3.8
       745      22.5       9.6       4.4
       746      22.1      10.4       4.2
       747      22.6      10.0       4.4
       748      23.0       8.8       4.7
       749      23.1       9.2       4.7
       750      24.0       9.5       4.9
       751      24.6       7.5       5.4
       752      23.9       7.6       5.2
       753      24.0       8.5       5.1
       754      21.2       8.0       4.3
       755      24.2       7.1       5.4
       756      24.4       8.1       5.3
       757      24.2       8.2       5.2
       758      22.8       8.0       4.8
       759      24.0       7.8       5.2
       760      22.6       8.0       4.8
       761      23.9       8.7       5.1
       762      24.2       8.8       5.1
       763      24.4       8.6       5.2
       764      24.6       8.8       5.3
       765      24.5       8.9       5.2
       766      25.6       8.9       5.6
       767      26.3       8.4       5.9
       768      25.6       9.2       5.5
       769      25.9       9.0       5.7
       770      26.0       7.3       5.9
       771      27.5       7.9       6.3
       772      26.3       9.0       5.8
       773      27.1       8.0       6.2
       774      26.8       7.0       6.3
       775      25.0       8.6       5.5
       776      25.0       8.8       5.4
       777      26.8       8.2       6.1
       778      25.2       9.2       5.5
       779      18.2       9.0       3.4
       780      24.8       7.0       5.7
       781      25.3      10.0       5.4
       782      24.4       6.8       5.6
       783      25.0       7.8       5.6
       784      24.4       9.5       5.2
       785      23.9      10.5       4.9
       786      23.6       9.1       5.0
       787      24.8       6.5       5.8
       788      25.4      10.5       5.3
       789      26.3      11.0       5.5
       790      27.2      10.1       6.0
       791      26.0       9.1       5.8
       792      26.5       9.4       5.9
       793      21.1       9.2       4.2
       794      20.8       9.2       4.2
       795      22.3       9.3       4.6
       796      24.0      11.0       4.8
       797      24.7       9.7       5.3
       798      25.8       7.0       6.0
       799      27.1       7.9       6.3
       800      20.8       9.6       4.1
       801      20.8       9.1       4.2
       802      21.9       8.8       4.6
       803      24.4       8.7       5.3
       804      24.5      10.2       5.1
       805      24.5       8.5       5.4
       806      25.6       8.6       5.7
       807      25.2       9.4       5.5
       808      24.3       9.0       5.2
       809      25.5       8.8       5.7
       810      24.8       9.3       5.4
       811      21.6       7.9       4.6
       812      24.5       9.1       5.3
       813      25.5       9.6       5.5
       814      25.5      10.6       5.4
       815      25.8       7.5       5.9
       816      26.1       7.5       6.0
       817      25.5       8.0       5.8
       818      26.1       8.6       5.8
       819      26.5       6.5       6.3
       820      26.0       7.0       6.0
       821      26.4      10.5       5.6
       822      26.0       9.8       5.6
       823      26.1      10.3       5.6
       824      25.0       9.7       5.3
       825      26.5       9.0       5.9
       826      25.5       9.3       5.5
       827      25.7       8.7       5.7
       828      24.7       8.1       5.5
       829      25.1      10.6       5.2
       830      26.1       9.3       5.7
       831      25.9       9.5       5.6
       832      27.2       8.0       6.2
       833      27.0       9.8       5.9
       834      22.5       8.2       4.7
       835      24.0       7.8       5.2
       836      20.0      11.1       3.5
       837      23.0       9.1       4.7
       838      23.8      10.1       4.8
       839      21.1      11.0       3.8
       840      22.1       8.9       4.5
       841      21.0       8.6       4.2
       842      23.5       9.5       4.8
       843      23.5       8.5       4.9
       844      22.5      10.9       4.2
       845      23.6      10.5       4.6
       846      23.1      10.6       4.5
       847      23.5      10.6       4.6
       848      24.5      11.5       4.7
       849      23.4      10.3       4.6
       850      22.0      11.5       4.0
       851      19.4       9.9       3.5
       852      19.4      10.2       3.4
       853      23.6      10.4       4.6
       854      22.8      10.6       4.3
       855      21.8       9.4       4.2
       856      22.8       9.4       4.5
       857      23.0       9.7       4.5
       858      20.0       9.1       3.8
       859      17.4       9.1       3.0
       860      22.0      10.5       4.1
       861      22.4      11.0       4.1
       862      20.2      10.8       3.5
       863      21.2      10.6       3.8
       864      24.3       8.0       5.1
       865      23.2       8.8       4.7
       866      23.2       8.2       4.8
       867      25.0       8.0       5.3
       868      24.3       8.1       5.1
       869      24.6       8.3       5.1
       870      24.2       8.5       5.0
       871      23.8       9.0       4.8
       872      23.2       8.6       4.7
       873      22.7       8.0       4.6
       874      23.0       9.2       4.5
       875      23.2       8.9       4.6
       876      23.4       9.0       4.6
       877      23.6       9.2       4.7
       878      23.7       8.8       4.7
       879      23.8       8.3       4.8
       880      23.8       8.2       4.9
       881      23.8       8.0       4.9
       882      23.6       8.2       4.8
       883      23.8       8.1       4.9
       884      23.6       8.2       4.8
       885      24.2       8.4       4.9
       886      24.2       8.0       5.0
       887      24.6       8.1       5.1
       888      23.6       8.4       4.7
       889      23.7       8.2       4.8
       890      22.6       8.2       4.5
       891      23.4       8.2       4.7
       892      23.4       8.0       4.7
       893      24.6       8.4       5.0
       894      22.6       7.2       4.6
       895      22.2       9.2       4.2
       896      22.4       9.0       4.3
       897      22.0       8.2       4.3
       898      22.0       9.0       4.2
       899      16.4       9.2       2.6
       900      22.0       9.0       4.2
       901      23.6       9.0       4.6
       902      23.5       9.4       4.5
       903      20.8       9.0       3.8
       904      22.8       8.4       4.5
       905      22.8       8.0       4.5
       906      22.2       8.7       4.3
       907      23.6       8.1       4.8
       908      22.7       8.6       4.4
       909      22.0      10.0       4.0
       910      22.8       9.6       4.3
       911      23.0       8.1       4.6
       912      23.0       8.2       4.6
       913      23.6       8.1       4.8
       914      23.8       7.5       4.9
       915      23.8       8.4       4.8
       916      23.7       8.6       4.7
       917      24.0       8.2       4.9
       918      24.2       8.4       4.9
       919      23.1       9.6       4.4
       920      22.4       7.6       4.5
       921      23.2       7.2       4.8
       922      22.5       7.0       4.6
       923      23.2       7.4       4.8
       924      23.6       8.5       4.7
       925      23.6       8.3       4.8
       926      23.6       8.4       4.8
       927      22.6       8.0       4.5
       928      22.2       7.9       4.4
       929      22.4       7.6       4.5
       930      22.8       7.6       4.7
       931      23.4       8.4       4.7
       932      23.8       8.2       4.9
       933      22.5       8.0       4.5
       934      22.5       7.9       4.5
       935      22.1       6.5       4.6
       936      22.5       7.1       4.7
       937      22.5       7.9       4.6
       938      20.6       8.0       4.0
       939      21.2       8.5       4.1
       940      22.2       9.0       4.3
       941      20.6       9.4       3.8
       942      19.0       8.8       3.5
       943      21.0       8.5       4.1
       944      20.0       9.4       3.7
       945      20.4       8.9       3.9
       946      20.5       9.1       3.9
       947      20.8       8.0       4.1
       948      20.6       8.1       4.1
       949      19.3       8.1       3.7
       950      20.2       8.6       3.9
       951      20.8       7.4       4.2
       952      20.8       8.0       4.1
       953      20.4       7.9       4.1
       954      20.6       7.8       4.1
       955      21.4       8.0       4.3
       956      23.4       6.5       5.1
       957      22.6       6.8       4.9
       958      22.2       7.4       4.7
       959      22.6       7.0       4.8
       960      20.6       8.6       4.0
       961      21.7       9.2       4.3
       962      22.2       8.1       4.6
       963      22.0       8.6       4.5
       964      21.6       8.1       4.4
       965      21.2       8.9       4.2
       966      21.0       9.6       4.0
       967      22.0       8.8       4.4
       968      21.7       8.9       4.3
       969      21.5       7.8       4.5
       970      23.3       7.1       5.1
       971      21.5       8.0       4.4
       972      23.6       7.5       5.1
       973      22.1       7.0       4.8
       974      22.5       7.5       4.8
       975      22.7       7.5       4.9
       976      22.2       7.6       4.7
       977      23.1       7.1       5.1
       978      23.1       6.0       5.2
       979      23.4       6.0       5.3
       980      22.5       6.1       5.1
       981      22.4       8.0       4.7
       982      23.4       9.6       4.8
       983      22.9       6.0       5.2
       984      23.0       7.2       5.1
       985      22.9       8.0       4.9
       986      23.3       8.6       4.9
       987      23.7       8.7       5.0
       988      22.9       7.1       5.1
       989      22.1       6.6       4.9
       990      22.4       7.2       4.9
       991      23.5       6.9       5.3
       992      24.5       6.6       5.6
       993      24.6       6.8       5.6
       994      23.0       6.0       5.3
       995      24.0       5.5       5.6
       996      24.0       7.2       5.4
       997      24.1       7.0       5.4
       998      24.6       6.1       5.7
       999      24.4       8.1       5.4
      1000      24.2       8.3       5.3
      1001      24.4       8.4       5.3
      1002      24.8       8.3       5.5
      1003      25.2       8.2       5.6
      1004      25.4       8.0       5.7
      1005      24.7       9.5       5.3
      1006      21.4       9.2       4.3
      1007      23.9       7.1       5.4
      1008      23.2       9.6       4.8
      1009      23.4       8.9       5.0
      1010      23.1       7.6       5.1
      1011      23.2       7.6       5.1
      1012      23.0      10.1       4.6
      1013      23.7       9.2       5.0
      1014      23.8      10.0       4.9
      1015      23.5       8.2       5.1
      1016      24.0       8.3       5.2
      1017      24.5       9.0       5.3
      1018      24.0      10.5       4.9
      1019      24.5       8.0       5.4
      1020      24.2       8.8       5.2
      1021      24.3       6.9       5.5
      1022      24.3       6.5       5.6
      1023      22.9       6.5       5.1
      1024      24.5       6.4       5.6
      1025      23.5       6.5       5.3
      1026      23.8       6.8       5.4
      1027      23.6       8.0       5.1
      1028      22.6       8.4       4.8
      1029      23.0       8.8       4.8
      1030      22.2       9.1       4.5
      1031      21.8       8.9       4.4
      1032      20.4       9.2       4.0
      1033      23.5      10.0       4.7
      1034      22.9      10.5       4.5
      1035      23.8       9.4       4.9
      1036      23.6       8.6       5.0
      1037      23.4       9.4       4.8
      1038      24.6      10.2       5.0
      1039      22.5      10.0       4.4
      1040      22.9      11.0       4.4
      1041      18.4       8.2       3.5
      1042      19.7       7.2       4.1
      1043      22.0       8.6       4.5
      1044      23.2      11.9       4.3
      1045      23.0      11.1       4.4
      1046      23.2       9.5       4.7
      1047      24.1      10.5       4.8
      1048      23.4      11.2       4.5
      1049      22.4      12.0       4.0
      1050      23.7      11.0       4.6
      1051      22.5      11.4       4.1
      1052      22.0      10.5       4.2
      1053      23.4       9.5       4.7
      1054      23.0       9.2       4.7
      1055      23.1       8.0       4.9
      1056      22.5       8.8       4.6
      1057      23.2      10.0       4.6
      1058      23.0      11.6       4.2
      1059      23.4      11.5       4.4
      1060      24.1       9.5       4.9
      1061      24.1       8.1       5.1
      1062      24.4       8.5       5.2
      1063      23.8       8.4       5.0
      1064      22.7       9.1       4.6
      1065      23.0      12.5       4.1
      1066      24.5      13.4       4.3
      1067      24.0       8.5       5.0
      1068      23.2       9.0       4.7
      1069      23.2      11.8       4.2
      1070      22.4      11.5       4.0
      1071      23.6      13.5       4.0
      1072      24.0      12.5       4.3
      1073      24.1      11.5       4.6
      1074      22.5      10.4       4.3
      1075      21.5      11.5       3.8
      1076      21.8      11.0       4.0
      1077      23.4      10.8       4.5
      1078      22.6      10.5       4.3
      1079      23.6       9.8       4.7
      1080      23.4      10.6       4.5
      1081      24.0      10.3       4.7
      1082      24.0      11.0       4.6
      1083      23.8      10.4       4.6
      1084      20.0       8.2       3.9
      1085      21.0       9.6       4.0
      1086      22.8       9.4       4.5
      1087      23.4       9.8       4.6
      1088      20.2      10.0       3.7
      1089      20.8       9.2       4.0
      1090      21.4       9.0       4.2
      1091      20.8       8.9       4.0
      1092      22.2       8.2       4.5
      1093      21.6       9.0       4.2
      1094      19.6       8.8       3.7
      1095      23.4       8.4       4.9
      1096      21.4       9.1       4.2
      1097      23.4       9.6       4.7
      1098      24.4      10.0       4.9
      1099      24.2       9.2       5.0
      1100      24.2      10.0       4.8
      1101      23.6      10.2       4.6
      1102      23.5      10.1       4.6
      1103      23.4      10.1       4.6
      1104      23.8       9.4       4.8
      1105      24.8       9.7       5.1
      1106      24.4       9.4       5.0
      1107      24.6      11.2       4.8
      1108      24.0      11.2       4.6
      1109      22.7       7.3       4.8
      1110      25.0       8.0       5.4
      1111      24.2       7.0       5.3
      1112      24.0       9.4       4.9
      1113      24.9       9.5       5.2
      1114      23.6       8.5       5.0
      1115      24.0      12.5       4.4
      1116      22.6      10.5       4.3
      1117      23.5       8.5       4.9
      1118      23.8      10.5       4.7
      1119      23.7       8.6       5.0
      1120      24.5       9.4       5.1
      1121      25.4      10.9       5.1
      1122      26.0       8.0       5.8
      1123      26.0       7.9       5.8
      1124      25.2       8.1       5.5
      1125      25.3       9.4       5.4
      1126      24.8      10.1       5.1
      1127      25.0       8.2       5.5
      1128      25.4       8.4       5.6
      1129      25.2       8.6       5.5
      1130      25.2      10.1       5.3
      1131      27.5       8.5       6.2
      1132      26.6       8.6       5.9
      1133      27.5       8.9       6.2
      1134      27.0       9.0       6.0
      1135      25.5      10.0       5.4
      1136      26.8       9.8       5.8
      1137      25.4       9.0       5.5
      1138      25.0       9.6       5.3
      1139      26.5       9.8       5.7
      1140      23.8       9.8       4.9
      1141      22.5       8.4       4.8
      1142      26.4       8.9       5.9
      1143      23.5      10.0       4.8
      1144      26.4      10.0       5.7
      1145      25.6       9.2       5.6
      1146      26.2       8.0       6.0
      1147      26.5       9.5       5.8
      1148      26.1       9.6       5.7
      1149      26.1      10.0       5.6
      1150      26.1       9.8       5.7
      1151      26.6      10.0       5.8
      1152      26.8      10.0       5.9
      1153      26.9       9.8       5.9
      1154      26.0      10.0       5.6
      1155      26.4       9.6       5.8
      1156      25.8       9.0       5.7
      1157      26.3       9.4       5.8
      1158      25.2       9.6       5.4
      1159      25.8       9.0       5.7
      1160      27.0       8.0       6.2
      1161      27.6       8.8       6.3
      1162      28.1      10.0       6.3
      1163      26.4       7.7       6.1
      1164      27.1       9.6       6.0
      1165      26.5       8.8       6.0
      1166      27.4       9.0       6.2
      1167      27.4       9.0       6.2
      1168      27.5       9.2       6.2
      1169      27.0       9.2       6.1
      1170      26.1       8.5       5.9
      1171      27.0       8.3       6.2
      1172      27.4       9.0       6.2
      1173      27.5       9.4       6.2
      1174      27.4       9.8       6.1
      1175      27.3       9.7       6.1
      1176      27.3       9.8       6.1
      1177      27.2       9.0       6.2
      1178      25.7       8.6       5.7
      1179      23.0      10.0       4.7
      1180      25.5       9.5       5.5
      1181      24.6      10.0       5.2
      1182      24.4      11.0       4.9
      1183      24.6       9.8       5.2
      1184      25.3       9.7       5.4
      1185      23.4       9.7       4.8
      1186      23.0       9.2       4.8
      1187      24.0       9.6       5.0
      1188      25.3      10.0       5.4
      1189      23.8       9.0       5.1
      1190      24.0      11.0       4.8
      1191      24.6      10.8       5.0
      1192      25.8      10.2       5.5
      1193      24.0       9.0       5.1
      1194      25.2      11.8       5.0
      1195      26.6       9.4       5.8
      1196      26.8      10.0       5.8
      1197      25.6      11.0       5.2
      1198      26.8      11.2       5.6
      1199      27.1      11.0       5.7
      1200      22.1      11.5       4.1
      1201      26.4      10.8       5.5
      1202      21.9      10.9       4.1
      1203      22.5      10.8       4.3
      1204      21.8      10.5       4.1
      1205      23.5       9.0       4.9
      1206      22.4      11.0       4.2
      1207      22.6      10.2       4.4
      1208      19.6       8.2       3.9
      1209      19.1       9.9       3.4
      1210      22.8      10.0       4.5
      1211      23.0       9.8       4.6
      1212      24.0       9.4       4.9
      1213      24.7       9.0       5.2
      1214      22.8       9.2       4.6
      1215      23.2       8.8       4.8
      1216      22.7       9.0       4.6
      1217      22.4       9.2       4.5
      1218      22.6       9.0       4.5
      1219      21.5       9.4       4.2
      1220      19.0       8.8       3.5
      1221      24.4       8.2       5.2
      1222      19.5       7.8       3.8
      1223      22.2       8.1       4.5
      1224      19.4       9.4       3.5
      1225      21.8       8.1       4.4
      1226      23.0       9.2       4.6
      1227      24.4       9.4       4.9
      1228      24.3       9.6       4.9
      1229      23.8       8.1       5.0
      1230      21.2       8.0       4.2
      1231      21.8       7.8       4.4
      1232      21.6       7.9       4.3
      1233      22.0       8.2       4.4
      1234      22.4       9.0       4.4
      1235      23.5       9.4       4.6
      1236      22.8       9.1       4.5
      1237      24.2       9.6       4.8
      1238      23.5       9.8       4.6
      1239      23.2       8.8       4.6
      1240      22.6       9.0       4.4
      1241      22.8       9.4       4.4
      1242      23.1       9.8       4.4
      1243      23.0       9.0       4.5
      1244      22.6       8.5       4.5
      1245      22.7       8.5       4.5
      1246      22.9      10.0       4.3
      1247      22.6       9.6       4.3
      1248      21.6      10.0       3.9
      1249      22.0      10.1       4.0
      1250      21.8      10.4       3.9
      1251      23.0      11.0       4.2
      1252      22.0       9.6       4.1
      1253      21.8      10.2       3.9
      1254      22.0      10.1       4.0
      1255      22.6       9.4       4.3
      1256      22.0       9.2       4.2
      1257      20.5      12.0       3.2
      1258      21.2      12.4       3.4
      1259      20.5      12.5       3.1
      1260      22.0      12.0       3.7
      1261      22.9      11.6       4.0
      1262      22.0      10.5       3.9
      1263      21.8      12.0       3.6
      1264      21.2      11.6       3.5
      1265      21.6      10.7       3.8
      1266      23.4       9.4       4.5
      1267      23.0      10.1       4.3
      1268      22.5       9.8       4.2
      1269      22.7       9.5       4.3
      1270      22.3       9.6       4.2
      1271      21.1       9.5       3.8
      1272      21.6      11.4       3.7
      1273      20.3      11.6       3.3
      1274      20.6      10.7       3.5
      1275      21.4      10.5       3.8
      1276      21.7      10.2       3.9
      1277      21.8       9.4       4.1
      1278      19.9      10.4       3.4
      1279      20.2       9.3       3.6
      1280      21.2       9.4       3.9
      1281      20.8       9.2       3.8
      1282      21.4       9.0       4.0
      1283      21.6       9.5       4.0
      1284      20.0       9.0       3.6
      1285      20.4       9.2       3.7
      1286      20.2       9.4       3.6
      1287      19.8       9.9       3.4
      1288      20.5      10.0       3.6
      1289      21.6       9.8       4.0
      1290      23.0      10.0       4.3
      1291      21.6       9.7       4.0
      1292      21.0      10.4       3.7
      1293      21.9      10.0       4.0
      1294      21.5      12.1       3.5
      1295      20.5      12.0       3.3
      1296      19.6      11.9       3.0
      1297      20.8      11.6       3.4
      1298      22.7      11.0       4.1
      1299      21.1       9.5       3.9
      1300      21.0      10.1       3.8
      1301      21.6       8.9       4.2
      1302      21.0       9.4       3.9
      1303      20.8      10.3       3.7
      1304      22.0      12.0       3.8
      1305      21.3      11.2       3.7
      1306      21.1      10.2       3.8
      1307      21.7      10.7       3.9
      1308      23.0      11.4       4.2
      1309      22.2      11.5       3.9
      1310      21.8      11.3       3.8
      1311      20.0      10.9       3.4
      1312      21.6      10.5       3.9
      1313      23.0      10.0       4.4
      1314      21.5       9.1       4.2
      1315      19.5      11.4       3.2
      1316      22.0       9.8       4.2
      1317      22.2      10.0       4.2
      1318      19.5      11.5       3.2
      1319      20.9      10.0       3.9
      1320      21.5       9.8       4.1
      1321      22.2      11.1       4.1
      1322      21.0      12.0       3.5
      1323      21.7      11.6       3.8
      1324      21.5      11.4       3.8
      1325      20.4      10.5       3.7
      1326      21.0       9.8       4.0
      1327      23.0       9.6       4.6
      1328      22.1      10.4       4.2
      1329      22.2      11.0       4.1
      1330      20.4       9.8       3.8
      1331      20.7       9.9       3.9
      1332      21.0       9.4       4.1
      1333      20.7      10.2       3.8
      1334      22.6      10.2       4.4
      1335      21.6      10.4       4.1
      1336      20.1       9.1       3.9
      1337      20.8       8.9       4.1
      1338      21.9       9.6       4.3
      1339      21.4       9.4       4.2
      1340      22.7       9.4       4.6
      1341      22.2       9.5       4.4
      1342      21.8       8.6       4.5
      1343      22.4       8.6       4.6
      1344      21.2       9.2       4.2
      1345      20.2       9.2       3.9
      1346      22.2       9.4       4.5
      1347      22.3       8.7       4.6
      1348      21.0      11.9       3.7
      1349      21.0      10.8       3.9
      1350      23.0      10.5       4.5
      1351      23.7       7.6       5.2
      1352      23.0       9.0       4.8
      1353      23.2       8.8       4.9
      1354      21.0       9.0       4.2
      1355      21.6       9.5       4.3
      1356      23.0       9.5       4.7
      1357      22.2      10.5       4.3
      1358      22.6       8.5       4.8
      1359      23.5       7.1       5.2
      1360      21.8       9.2       4.4
      1361      24.4       8.5       5.3
      1362      23.7       9.6       4.9
      1363      23.5       9.0       5.0
      1364      23.8       8.6       5.1
      1365      23.7       9.4       5.0
      1366      24.1       8.7       5.2
      1367      23.6       9.0       5.0
      1368      24.5       8.1       5.4
      1369      23.8       9.5       5.0
      1370      24.8       9.4       5.3
      1371      24.1       9.8       5.0
      1372      23.4       9.6       4.8
      1373      23.8       9.4       5.0
      1374      23.8       9.6       5.0
      1375      24.0       9.8       5.0
      1376      24.0      10.2       4.9
      1377      22.6      11.0       4.4
      1378      25.0      12.5       4.8
      1379      24.0      12.2       4.6
      1380      24.5       9.5       5.2
      1381      23.0      11.1       4.5
      1382      22.8      11.4       4.3
      1383      24.2      11.0       4.8
      1384      25.4       9.8       5.4
      1385      23.8       9.6       4.9
      1386      22.4       9.2       4.6
      1387      23.6       9.2       4.9
      1388      23.9       9.4       5.0
      1389      23.4       9.6       4.8
      1390      23.6      10.0       4.8
      1391      23.0      11.8       4.3
      1392      22.6      11.6       4.2
      1393      18.8      11.0       3.2
      1394      20.3      11.0       3.6
      1395      24.8      11.3       4.9
      1396      25.4      11.7       5.1
      1397      23.2      12.0       4.3
      1398      22.8      11.2       4.3
      1399      23.6       9.0       4.9
      1400      23.2      11.6       4.4
      1401      23.5      10.1       4.7
      1402      23.3      10.6       4.6
      1403      22.3       9.6       4.4
      1404      22.9       9.2       4.7
      1405      22.2      10.5       4.3
      1406      21.4       9.4       4.2
      1407      24.2       9.6       5.0
      1408      23.6       9.8       4.8
      1409      24.5       9.8       5.0
      1410      23.4       9.8       4.7
      1411      24.6      10.8       4.9
      1412      23.8      10.2       4.8
      1413      24.6      11.0       4.9
      1414      22.0      10.4       4.2
      1415      24.3      11.6       4.7
      1416      24.0      11.0       4.7
      1417      24.4      12.0       4.6
      1418      24.2      12.5       4.5
      1419      22.1      12.1       3.9
      1420      21.6      11.8       3.8
      1421      22.2      12.1       3.9
      1422      24.0      11.1       4.6
      1423      23.8      12.5       4.3
      1424      24.8      11.5       4.8
      1425      24.2      12.6       4.4
      1426      22.5      10.2       4.3
      1427      22.3      12.5       3.8
      1428      24.1      10.1       4.8
      1429      22.7      11.1       4.2
      1430      24.7      10.0       5.0
      1431      24.8       9.1       5.2
      1432      24.5      10.0       4.9
      1433      23.4       9.8       4.6
      1434      25.1       9.6       5.2
      1435      24.2      10.6       4.7
      1436      22.6       9.8       4.4
      1437      22.8       9.9       4.4
      1438      22.2       9.2       4.4
      1439      20.2       8.6       3.9
      1440      20.8       8.1       4.1
      1441      23.2       9.5       4.6
      1442      23.5      11.0       4.5
      1443      23.4      10.4       4.5
      1444      23.7       9.5       4.8
      1445      22.3       7.0       4.7
      1446      24.2       8.1       5.1
      1447      25.6       6.5       5.8
      1448      25.1       7.8       5.4
      1449      25.3       8.3       5.4
      1450      24.4       9.5       5.0
      1451      24.0      11.0       4.6
      1452      23.6      10.6       4.6
      1453      24.0       9.6       4.8
      1454      23.8      11.0       4.5
      1455      23.6      10.8       4.5
      1456      24.6      10.6       4.9
      1457      24.6       9.8       5.0
      1458      24.2       9.6       4.9
      1459      25.5       9.8       5.3
      1460      22.6       8.2       4.7
      1461      24.8       8.8       5.2
      1462      25.4      10.0       5.2
      1463      25.4      11.0       5.0
      1464      25.4      10.8       5.1
      1465      26.4       9.6       5.6
      1466      26.0       9.5       5.5
      1467      24.7      10.2       5.0
      1468      20.8      10.6       3.8
      1469      22.2      10.2       4.2
      1470      24.2      11.4       4.6
      1471      26.0      10.4       5.3
      1472      25.2       9.6       5.2
      1473      25.4       9.6       5.3
      1474      26.8      10.4       5.6
      1475      22.2       9.4       4.4
      1476      21.8      10.0       4.2
      1477      23.0       9.4       4.6
      1478      23.2       9.2       4.7
      1479      25.2      10.4       5.1
      1480      25.0      10.6       5.0
      1481      25.6       9.2       5.5
      1482      25.0      10.6       5.1
      1483      26.4       9.5       5.7
      1484      22.8       9.6       4.6
      1485      23.6       8.2       5.0
      1486      22.8       9.8       4.5
      1487      24.5       9.8       5.1
      1488      25.2       9.2       5.4
      1489      25.5       9.6       5.4
      1490      21.7       8.9       4.4
      1491      24.0       9.2       5.0
      1492      24.6       9.4       5.2
      1493      26.0       9.8       5.5
      1494      23.0       9.4       4.7
      1495      22.8      10.0       4.5
      1496      24.2       9.5       5.0
      1497      25.0      10.6       5.1
      1498      24.4       9.4       5.1
      1499      24.6       9.6       5.2
      1500      25.2       9.6       5.4
      1501      22.8       9.6       4.6
      1502      24.3       9.8       5.1
      1503      24.8       9.4       5.3
      1504      25.2       7.2       5.7
      1505      25.5      10.6       5.3
      1506      26.4      10.1       5.7
      1507      26.2       9.0       5.8
      1508      26.0       8.9       5.7
      1509      25.5      11.5       5.2
      1510      26.4       9.8       5.7
      1511      25.7      10.2       5.5
      1512      24.5       9.2       5.2
      1513      26.0       8.9       5.8
      1514      25.8      11.0       5.4
      1515      26.2       9.0       5.8
      1516      22.1      12.5       3.9
      1517      26.0       9.6       5.7
      1518      27.4       8.3       6.3
      1519      27.4       8.5       6.3
      1520      26.5      11.1       5.6
      1521      25.4      11.0       5.3
      1522      25.8      12.5       5.1
      1523      26.8       9.0       6.0
      1524      27.0       9.0       6.1
      1525      27.5      10.0       6.1
      1526      27.2      10.0       6.0
      1527      28.5       9.1       6.6
      1528      24.5       8.5       5.4
      1529      25.5      11.5       5.2
      1530      24.5       9.5       5.2
      1531      24.4       9.6       5.2
      1532      23.0      10.8       4.6
      1533      20.8       9.4       4.1
      1534      24.0       9.0       5.2
      1535      25.3      10.2       5.4
      1536      25.4      10.4       5.4
      1537      26.0       9.6       5.7
      1538      26.8       9.4       6.0
      1539      25.6      11.0       5.3
      1540      29.5      10.0       6.7
      1541      25.4      12.1       5.1
      1542      25.7      11.6       5.2
      1543      25.5      11.6       5.2
      1544      26.0      11.7       5.3
      1545      26.4      11.6       5.5
      1546      26.8      11.5       5.6
      1547      27.1      13.9       5.3
      1548      24.4      13.1       4.5
      1549      23.5      13.4       4.2
      1550      24.0      10.4       4.9
      1551      23.6       9.2       5.0
      1552      21.0       9.4       4.2
      1553      18.6       9.2       3.5
      1554      22.8       9.2       4.7
      1555      22.0       9.0       4.5
      1556      23.6       9.0       5.0
      1557      20.5       9.2       4.0
      1558      22.1      10.9       4.2
      1559      21.1      11.0       3.9
      1560      22.1      11.2       4.1
      1561      20.9      11.1       3.8
      1562      21.5      11.5       3.9
      1563      23.6      10.9       4.6
      1564      24.0      11.0       4.7
      1565      21.7      11.5       3.9
      1566      21.3      13.4       3.4
      1567      22.1      12.1       3.9
      1568      22.8      12.0       4.2
      1569      23.6      10.2       4.7
      1570      25.0      10.0       5.2
      1571      24.7      10.2       5.1
      1572      22.4      11.5       4.1
      1573      21.1      11.1       3.8
      1574      22.8      11.6       4.2
      1575      23.1      10.5       4.5
      1576      22.1      10.5       4.2
      1577      23.0      10.0       4.5
      1578      22.6      10.3       4.4
      1579      23.4      11.5       4.4
      1580      23.2      10.5       4.5
      1581      22.7      10.0       4.4
      1582      21.3      11.0       3.8
      1583      19.4      11.0       3.3
      1584      21.0      11.5       3.6
      1585      20.8      10.5       3.8
      1586      21.4      11.0       3.8
      1587      22.8       9.5       4.5
      1588      22.0      11.5       3.9
      1589      23.8      10.5       4.6
      1590      23.6      10.5       4.6
      1591      23.4      10.0       4.6
      1592      23.0      10.4       4.4
      1593      23.8      10.0       4.7
      1594      23.0       9.5       4.5
      1595      24.0      10.4       4.7
      1596      23.4      10.0       4.5
      1597      24.2       9.9       4.8
      1598      23.0       9.2       4.5
      1599      22.8       9.5       4.4
      1600      23.0      10.2       4.4
      1601      23.0       9.9       4.4
      1602      23.4       9.2       4.6
      1603      23.8       9.6       4.7
      1604      23.6       9.8       4.6
      1605      23.4      10.0       4.5
      1606      23.5       7.2       4.9
      1607      24.0       7.9       5.0
      1608      24.0       7.8       5.0
      1609      23.1       7.6       4.8
      1610      23.2       7.5       4.8
      1611      23.0       8.0       4.7
      1612      23.4       8.8       4.6
      1613      22.8       9.0       4.4
      1614      22.4       7.5       4.5
      1615      23.0       8.0       4.6
      1616      22.7       8.1       4.5
      1617      23.5       8.0       4.8
      1618      22.0       9.2       4.2
      1619      22.6       7.9       4.5
      1620      22.2       7.6       4.5
      1621      21.4       8.6       4.1
      1622      23.4      10.0       4.4
      1623      23.2       9.8       4.4
      1624      24.2       8.2       4.9
      1625      22.1       8.9       4.2
      1626      21.2      10.5       3.7
      1627      22.1      10.1       4.0
      1628      21.2      10.5       3.7
      1629      21.5      10.1       3.9
      1630      22.9      11.0       4.1
      1631      21.3       9.6       3.9
      1632      21.2       9.8       3.8
      1633      21.5      10.2       3.8
      1634      22.5      10.5       4.1
      1635      22.5       9.2       4.3
      1636      21.5       9.4       4.0
      1637      21.8       9.4       4.1
      1638      21.8       9.4       4.1
      1639      21.9       9.2       4.1
      1640      21.9       9.4       4.1
      1641      21.9       7.6       4.4
      1642      21.6       9.0       4.1
      1643      21.4       9.2       4.0
      1644      21.2       9.2       3.9
      1645      21.6       8.4       4.2
      1646      22.0       8.2       4.3
      1647      22.8       8.6       4.5
      1648      21.7       9.0       4.1
      1649      21.6       8.0       4.2
      1650      21.1       8.4       4.0
      1651      21.0       9.0       3.9
      1652      21.0       8.8       3.9
      1653      21.6       8.0       4.2
      1654      21.8       8.1       4.3
      1655      21.2       8.2       4.1
      1656      21.8       9.1       4.1
      1657      22.5       8.5       4.4
      1658      22.4       7.6       4.5
      1659      21.5       7.5       4.3
      1660      20.8       9.0       3.9
      1661      21.3       9.4       4.0
      1662      21.4      10.5       3.8
      1663      18.0       9.0       3.1
      1664      21.2      11.0       3.7
      1665      21.3       8.0       4.2
      1666      21.4       8.5       4.2
      1667      20.4       7.1       4.1
      1668      20.5       7.8       4.0
      1669      21.6       7.0       4.4
      1670      20.8       7.5       4.2
      1671      21.4       8.0       4.3
      1672      20.5       7.6       4.1
      1673      20.0       7.8       3.9
      1674      21.6       8.5       4.2
      1675      20.7      11.1       3.6
      1676      20.4      11.0       3.5
      1677      19.8       9.4       3.6
      1678      19.2       8.0       3.7
      1679      21.4       8.2       4.3
      1680      22.0       8.8       4.3
      1681      22.2       8.4       4.5
      1682      22.0       8.8       4.4
      1683      21.7       8.9       4.3
      1684      20.5      10.9       3.6
      1685      20.6      11.0       3.6
      1686      21.0      10.5       3.8
      1687      21.6       9.0       4.2
      1688      21.2      10.3       3.9
      1689      21.5       9.1       4.2
      1690      22.5       8.1       4.7
      1691      21.4      10.4       4.0
      1692      21.6      10.0       4.1
      1693      20.5       9.9       3.8
      1694      22.6      10.1       4.4
      1695      23.7       9.4       4.8
      1696      21.1       8.5       4.2
      1697      23.2       9.8       4.6
      1698      23.1       8.7       4.8
      1699      21.3       9.1       4.2
      1700      21.5       8.9       4.3
      1701      21.8       8.5       4.4
      1702      22.2       8.2       4.6
      1703      23.0       7.9       4.9
      1704      23.0       7.1       5.0
      1705      22.8       7.5       4.9
      1706      23.9       8.5       5.1
      1707      23.5       7.5       5.1
      1708      22.8       7.7       4.9
      1709      22.7       7.7       4.9
      1710      23.4       7.6       5.1
      1711      23.4       7.9       5.1
      1712      24.1       8.0       5.3
      1713      23.6       8.2       5.1
      1714      23.5       8.3       5.0
      1715      23.6       8.4       5.1
      1716      23.6       8.4       5.1
      1717      23.2       8.6       4.9
      1718      22.6       8.2       4.8
      1719      21.0       8.6       4.3
      1720      22.4       9.1       4.6
      1721      23.2       8.6       4.9
      1722      23.0       9.8       4.7
      1723      24.4       9.6       5.1
      1724      24.4       8.6       5.3
      1725      24.4       8.6       5.3
      1726      24.8       9.4       5.3
      1727      23.0       8.6       4.9
      1728      21.5       8.5       4.4
      1729      23.6       8.2       5.1
      1730      23.4       8.6       5.0
      1731      21.2       9.6       4.2
      1732      20.8       9.6       4.1
      1733      21.4       9.4       4.3
      1734      21.2       8.0       4.4
      1735      22.2       9.8       4.4
      1736      22.4       8.6       4.7
      1737      22.8       8.4       4.9
      1738      22.7      10.0       4.6
      1739      22.5       9.0       4.7
      1740      22.7       9.5       4.6
      1741      23.5       8.1       5.1
      1742      24.1       8.6       5.2
      1743      23.3       8.5       5.0
      1744      24.5       8.8       5.3
      1745      24.3       8.6       5.3
      1746      23.6       9.5       4.9
      1747      22.5       7.8       4.8
      1748      23.0       8.3       4.9
      1749      23.1      10.6       4.6
      1750      23.1      10.5       4.6
      1751      22.3      10.6       4.3
      1752      23.0      10.3       4.6
      1753      23.0      10.0       4.6
      1754      22.0      10.6       4.2
      1755      22.4      10.0       4.4
      1756      23.4      10.0       4.7
      1757      23.4      10.4       4.7
      1758      22.8      10.6       4.5
      1759      24.0      10.5       4.8
      1760      24.1       9.4       5.0
      1761      22.5       9.4       4.6
      1762      22.3       9.2       4.5
      1763      21.5       9.2       4.3
      1764      22.2       9.6       4.4
      1765      22.5       9.4       4.5
      1766      22.6       9.4       4.6
      1767      22.2       9.4       4.4
      1768      20.7      10.4       3.8
      1769      20.6      10.0       3.9
      1770      22.8      10.5       4.4
      1771      22.7      10.5       4.4
      1772      19.4      11.1       3.3
      1773      22.0      11.5       4.0
      1774      21.9      10.5       4.2
      1775      23.5       9.5       4.8
      1776      23.5       9.4       4.8
      1777      22.6      10.5       4.3
      1778      22.3       9.5       4.4
      1779      21.1       8.6       4.2
      1780      20.6      10.6       3.7
      1781      23.0      10.8       4.4
      1782      23.7      10.6       4.6
      1783      22.0      10.5       4.2
      1784      18.4      10.8       3.0
      1785      20.2       9.2       3.8
      1786      20.4       8.6       4.0
      1787      23.2       8.4       4.8
      1788      22.2       9.4       4.4
      1789      21.0      10.2       3.9
      1790      20.2      10.0       3.7
      1791      20.0       9.8       3.7
      1792      21.6       7.7       4.5
      1793      22.2       7.8       4.6
      1794      23.4       8.6       4.8
      1795      22.2      10.2       4.2
      1796      21.0       9.6       4.0
      1797      22.8      10.1       4.4
      1798      22.4       9.9       4.3
      1799      23.7      10.1       4.7
      1800      24.0       8.8       5.0
      1801      23.0       9.0       4.6
      1802      21.5       9.2       4.2
      1803      21.8      10.2       4.1
      1804      21.7       9.3       4.2
      1805      21.8      10.4       4.1
      1806      22.2      10.0       4.2
      1807      22.9      10.1       4.4
      1808      23.0      10.2       4.4
      1809      23.8       9.2       4.8
      1810      24.0       8.8       5.0
      1811      24.4      10.2       4.9
      1812      20.4      10.6       3.6
      1813      21.0      10.4       3.8
      1814      23.4       9.6       4.7
      1815      23.4      10.2       4.6
      1816      22.6      10.0       4.4
      1817      23.6       9.2       4.8
      1818      23.2      10.6       4.4
      1819      20.8       9.6       3.9
      1820      20.2       8.1       4.0
      1821      20.6       7.9       4.1
      1822      22.0       8.1       4.5
      1823      23.2       9.4       4.6
      1824      23.0      10.1       4.5
      1825      23.6      10.5       4.6
      1826      23.8      10.6       4.6
      1827      24.0      10.4       4.7
      1828      23.6       9.6       4.7
      1829      23.6       9.8       4.7
      1830      24.8       8.8       5.2
      1831      25.2       9.2       5.3
      1832      25.4       8.2       5.5
      1833      24.8       8.6       5.3
      1834      23.2       8.8       4.8
      1835      23.0       8.0       4.8
      1836      25.0       8.2       5.4
      1837      24.2       8.8       5.1
      1838      23.7       8.3       5.0
      1839      24.8       9.8       5.1
      1840      24.0       9.9       4.8
      1841      23.2       8.0       4.9
      1842      24.2       8.2       5.2
      1843      25.0       8.1       5.4
      1844      25.4       8.1       5.5
      1845      26.7       9.5       5.7
      1846      25.9       9.5       5.5
      1847      25.2       9.0       5.4
      1848      25.4      11.5       5.0
      1849      25.0      10.2       5.1
      1850      26.0       9.2       5.6
      1851      24.8       9.0       5.3
      1852      24.0       9.2       5.0
      1853      24.0      10.7       4.7
      1854      24.0       9.8       4.9
      1855      24.2       9.9       5.0
      1856      25.0       9.0       5.3
      1857      24.3       9.0       5.1
      1858      25.3      10.2       5.3
      1859      25.3      11.7       5.0
      1860      25.5      11.7       5.1
      1861      25.6       8.4       5.6
      1862      26.0       8.0       5.8
      1863      26.0       9.5       5.6
      1864      24.3       9.5       5.1
      1865      24.6      11.2       4.9
      1866      25.5      10.3       5.3
      1867      25.1       9.1       5.4
      1868      24.6       8.4       5.4
      1869      24.7      10.0       5.1
      1870      25.0      11.0       5.1
      1871      25.7       8.1       5.8
      1872      25.4      10.0       5.4
      1873      24.1      11.2       4.8
      1874      24.6       8.9       5.3
      1875      25.0       8.2       5.5
      1876      25.6       9.6       5.5
      1877      25.6       9.8       5.5
      1878      26.4       9.2       5.8
      1879      26.5       7.4       6.1
      1880      28.3      10.5       6.2
      1881      28.7       9.1       6.6
      1882      28.7      10.4       6.4
      1883      30.0      11.5       6.7
      1884      23.4      11.9       4.5
      1885      26.0      10.2       5.6
      1886      25.0      10.0       5.3
      1887      27.0      11.0       5.8
      1888      26.2      11.2       5.5
      1889      26.0      11.4       5.4
      1890      25.8      10.6       5.5
      1891      26.2       9.7       5.7
      1892      26.5      10.2       5.7
      1893      26.6       9.4       5.9
      1894      25.6      11.0       5.3
      1895      25.1      12.1       5.0
      1896      25.4      11.8       5.1
      1897      25.7       8.0       5.8
      1898      26.0      11.0       5.5
      1899      27.2      12.5       5.6
      1900      26.3      10.6       5.6
      1901      26.1      10.5       5.6
      1902      27.3      10.0       6.0
      1903      24.5       8.9       5.3
      1904      24.0      10.2       5.0
      1905      23.5      10.6       4.7
      1906      24.0      11.5       4.7
      1907      24.8       9.5       5.3
      1908      22.7       9.2       4.7
      1909      23.6       9.2       5.0
      1910      24.2       9.4       5.1
      1911      24.2      10.0       5.0
      1912      25.2       9.8       5.4
      1913      25.0       8.2       5.6
      1914      24.8       9.0       5.4
      1915      24.4       9.6       5.2
      1916      25.0       9.4       5.4
      1917      24.8       8.9       5.4
