        Nr       101       103       222       301       402       501
         1      30.3      21.0   27.6000      1.80      0.67       3.9
         2      31.2      20.7   23.4000      1.80      0.71       4.7
         3      34.5      22.8   27.0000      1.60      0.78       5.5
         4      34.6      24.1   29.7000      1.80      0.78       5.6
         5      33.3      26.3   31.5000      2.90      0.58       5.2
         6      33.1      25.6   31.0000      3.70      0.58       5.2
         7      32.4      26.1   30.4000      3.50      0.51       5.0
         8      32.9      26.3   30.7000      3.40      0.65       5.5
         9      33.2      25.5   29.3000      3.30      0.64       5.6
        10      30.8      24.5   27.7000      2.20      0.72       4.9
        11      30.6      22.8   27.3000      1.40      0.50       3.7
        12      30.1      22.7   26.5000      1.60      0.65       3.9
