        Nr       101       103       222       301       401       501
         1      24.6      14.3   17.1000      1.80      3.48       3.2
         2      24.7      14.5   17.8000      1.70      3.24       3.2
         3      24.6      14.3   17.8000      1.70      3.01       3.1
         4      25.1      15.0   18.2000      1.70      3.21       3.1
         5      26.2      14.8   17.6000      1.70      4.03       3.2
         6      26.3      14.6   16.9000      2.20      5.21       3.5
         7      27.5      15.0   15.8000      3.20      6.19       4.5
         8      27.2      15.1   15.7000      2.90      5.23       4.4
         9      27.6      14.5   15.7000      2.90      4.20       4.4
        10      27.0      14.6   16.4000      2.40      4.22       4.1
        11      26.6      14.5   16.1000      2.40      5.08       4.1
        12      25.5      14.8   16.4000      2.00      3.48       3.5
