        Nr       101       103       210       501
         1      20.0      15.0      12.9       1.5
         2      15.0       8.0       6.9       1.3
         3      12.0       3.0       2.8       1.2
         4      19.0       5.0       5.5       1.8
         5      17.0      10.0       8.9       1.4
         6      22.0       8.0      10.2       1.7
         7      16.0       8.0      11.8       0.7
         8      17.0      10.0      11.9       0.9
         9      19.0      12.0      12.3       1.3
        10      16.0      10.0       9.7       1.2
        11      18.0       7.0       8.1       1.5
        12      15.0       9.0       9.7       1.0
        13      13.0       7.0       8.1       0.9
        14      13.0       4.0       4.2       1.2
        15      10.0       5.0       5.8       0.7
        16      11.0       4.0       4.1       1.0
        17      10.0       2.0       3.6       0.9
        18      11.0      -2.0       4.1       0.7
        19      17.0       4.0       8.7       1.2
        20      17.0       7.0      11.5       0.9
        21      19.0       7.0      12.1       1.1
        22      19.0      14.0      13.6       1.3
        23      18.0      10.0      12.3       1.1
        24      19.0      11.0      11.9       1.4
        25      19.0      12.0      11.8       1.5
        26      19.0      12.0      11.6       1.5
        27      22.0       9.0      11.3       1.9
        28      25.0      15.0      13.0       2.4
        29      16.0      11.0       9.9       1.3
        30      17.0       7.0       6.0       1.8
        31      15.0       8.0       7.2       1.4
        32      16.0       4.0       7.6       1.3
        33      20.0      11.0      10.3       1.9
        34      20.0      11.0      12.9       1.5
        35      19.0      13.0      13.2       1.4
        36      20.0      13.0      13.6       1.5
        37      20.0      13.0      13.4       1.6
        38      21.0      11.0      12.8       1.8
        39      19.0      13.0      11.5       1.7
        40      26.0      11.0      12.4       2.7
        41      26.0      12.0      13.2       2.6
        42      24.0      13.0      13.6       2.3
        43      17.0      11.0      10.2       1.6
        44      17.0      10.0       8.0       1.9
        45      17.0       8.0       7.4       1.9
        46      16.0      10.0       8.4       1.7
        47      15.0       7.0       7.6       1.5
        48      14.0       5.0       6.3       1.5
        49      11.0       7.0       6.8       1.1
        50      14.0       7.0       6.4       1.6
        51      14.0       7.0       6.6       1.6
        52      14.0       8.0       7.0       1.6
        53      16.0       6.0       7.7       1.7
        54      15.0       8.0       7.6       1.7
        55      11.0       6.0       6.1       1.2
        56      12.0       7.0       8.8       1.0
        57      16.0       6.0       8.7       1.6
        58      10.0       6.0       6.2       1.1
        59      13.0       5.0       4.4       1.7
        60      16.0       4.0       6.6       1.9
        61      17.0       7.0       7.6       2.1
        62      14.0       8.0       7.3       1.7
        63      14.0       7.0       8.2       1.5
        64      15.0       9.0       9.8       1.5
        65      17.0       8.0       9.4       1.9
        66      20.0       8.0       9.8       2.4
        67      21.0       7.0      10.8       2.4
        68      19.0       8.0       9.7       2.3
        69      19.0       9.0       9.5       2.4
        70      20.0      11.0      10.6       2.5
        71      20.0       9.0       9.7       2.5
        72      21.0       9.0      10.2       2.7
        73      25.0       9.0      12.8       3.2
        74      19.0      11.0      12.4       2.1
        75      16.0       8.0       6.7       2.3
        76      21.0       4.0       8.2       2.9
        77      20.0      11.0       9.7       2.7
        78      21.0       9.0      12.0       2.6
        79      19.0      10.0      10.8       2.4
        80      23.0       9.0      10.8       3.2
        81      19.0       9.0       9.2       2.6
        82      20.0       7.0       8.4       2.9
        83      20.0       7.0      10.2       2.7
        84      23.0       8.0      11.7       3.1
        85      29.0      13.0      13.1       4.4
        86      26.0      15.0      12.8       3.8
        87      20.0      11.0      10.9       2.7
        88      18.0      11.0       8.1       2.7
        89      18.0       6.0       5.1       3.0
        90      14.0       6.0       8.6       1.8
        91      16.0       9.0       8.5       2.3
        92      16.0       8.0       7.5       2.4
        93      19.0      10.0       8.6       2.9
        94      21.0       8.0       8.3       3.4
        95      22.0       6.0       9.2       3.4
        96      18.0      10.0       6.7       3.0
        97      19.0       7.0       7.2       3.1
        98      22.0       5.0       9.2       3.5
        99      21.0      14.0      13.2       2.8
       100      21.0      14.0      14.4       2.6
       101      18.0      11.0      12.3       2.3
       102      19.0       9.0       9.3       2.9
       103      20.0       9.0       8.9       3.2
       104      23.0      13.0      12.0       3.5
       105      19.0      13.0      11.1       2.7
       106      19.0      10.0      10.1       2.9
       107      19.0      10.0      10.9       2.8
       108      16.0       9.0       9.3       2.4
       109      17.0       8.0       8.8       2.7
       110      17.0       8.0       9.4       2.6
       111      18.0       9.0       9.5       2.8
       112      19.0       8.0       9.5       3.0
       113      19.0      12.0      11.3       2.8
       114      26.0      13.0      12.9       4.3
       115      18.0      10.0      12.0       2.5
       116      18.0       8.0       8.9       3.0
       117      18.0       8.0       9.0       3.0
       118      18.0       8.0       7.1       3.2
       119      19.0       9.0       7.8       3.4
       120      22.0       6.0       9.6       3.8
       121      19.0      10.0      10.7       3.0
       122      25.0       9.0      11.0       4.4
       123      28.0      11.0      14.2       4.8
       124      20.0      14.0      13.8       2.7
       125      20.0      13.0      12.4       3.0
       126      19.0      12.0      12.1       2.8
       127      19.0      11.0       9.9       3.2
       128      22.0      10.0       8.4       4.1
       129      20.0       6.0       8.7       3.6
       130      21.0      12.0       9.2       3.8
       131      23.0      14.0      12.1       3.9
       132      23.0      13.0      11.8       3.9
       133      23.0      11.0      11.7       4.0
       134      23.0      11.0      11.1       4.1
       135      23.0      10.0      11.6       4.0
       136      25.0       8.0      12.6       4.4
       137      25.0      11.0      14.4       4.2
       138      26.0      15.0      15.1       4.3
       139      29.0      16.0      16.1       5.0
       140      26.0      14.0      11.3       4.8
       141      22.0      11.0      10.6       3.9
       142      24.0      12.0      11.3       4.4
       143      28.0       9.0      12.1       5.4
       144      29.0      15.0      14.1       5.3
       145      29.0      15.0      12.7       5.5
       146      29.0      18.0      11.8       5.5
       147      29.0      12.0      12.8       5.5
       148      28.0      14.0      13.3       5.2
       149      31.0      13.0      12.4       6.1
       150      30.0      15.0      15.1       5.5
       151      32.0      15.0      14.2       6.2
       152      33.0      15.0      13.5       6.5
       153      32.0      19.0      14.6       6.0
       154      33.0      17.0      15.8       6.3
       155      29.0      17.0      17.3       4.9
       156      27.0      18.0      18.1       4.2
       157      30.0      18.0      18.1       5.1
       158      26.0      18.0      17.2       4.0
       159      28.0      18.0      16.7       4.7
       160      29.0      16.0      15.2       5.2
       161      33.0      15.0      15.7       6.4
       162      35.0      19.0      17.0       6.7
       163      34.0      21.0      19.3       6.0
       164      37.0      19.0      18.6       7.1
       165      32.0      19.0      18.3       5.6
       166      29.0      20.0      17.8       4.7
       167      30.0      20.0      17.7       5.1
       168      26.0      18.0      13.4       4.6
       169      28.0       9.0      12.1       5.5
       170      28.0      16.0      12.0       5.4
       171      27.0      17.0      14.0       4.8
       172      29.0      16.0      14.1       5.4
       173      28.0      15.0      15.1       5.0
       174      31.0      16.0      16.3       5.7
       175      35.0      17.0      15.9       6.9
       176      34.0      20.0      17.5       6.3
       177      33.0      21.0      17.7       5.9
       178      33.0      22.0      18.5       5.8
       179      33.0      21.0      17.3       6.0
       180      31.0      23.0      18.8       5.0
       181      34.0      23.0      14.0       6.5
       182      32.0      20.0      14.9       6.0
       183      32.0      21.0      17.9       5.6
       184      29.0      20.0      17.4       4.8
       185      29.0      19.0      15.2       5.1
       186      28.0      18.0      18.1       4.5
       187      29.0      19.0      16.2       5.0
       188      29.0      17.0      15.6       5.1
       189      32.0      15.0      13.1       6.3
       190      33.0      19.0      12.1       6.5
       191      30.0      18.0      19.0       4.9
       192      35.0      18.0      17.3       6.6
       193      36.0      23.0      16.6       6.7
       194      37.0      22.0      17.8       6.9
       195      33.0      22.0      16.2       5.9
       196      31.0      21.0      16.2       5.4
       197      33.0      20.0      16.6       6.0
       198      33.0      18.0      15.8       6.1
       199      30.0      20.0      18.3       4.9
       200      34.0      18.0      18.8       6.1
       201      38.0      23.0      20.1       6.9
       202      39.0      22.0      21.4       7.1
       203      37.0      22.0      17.1       6.9
       204      34.0      21.0      16.9       6.1
       205      32.0      21.0      17.1       5.5
       206      32.0      18.0      16.8       5.7
       207      37.0      22.0      20.7       6.5
       208      32.0      25.0      19.5       4.9
       209      31.0      21.0      18.8       5.0
       210      36.0      20.0      18.9       6.4
       211      36.0      23.0      21.8       6.0
       212      38.0      23.0      23.1       6.4
       213      31.0      24.0      23.1       4.1
       214      36.0      20.0      21.6       6.1
       215      36.0      20.0      22.1       6.0
       216      38.0      21.0      21.1       6.7
       217      40.0      21.0      21.0       7.2
       218      44.0      26.0      17.9       8.3
       219      36.0      24.0      21.1       5.9
       220      34.0      22.0      22.7       5.1
       221      34.0      23.0      19.5       5.5
       222      33.0      22.0      16.6       5.6
       223      31.0      21.0      14.9       5.3
       224      31.0      22.0      16.8       5.0
       225      30.0      20.0      18.4       4.6
       226      31.0      18.0      16.7       5.1
       227      32.0      17.0      15.9       5.5
       228      36.0      23.0      17.6       6.1
       229      29.0      21.0      12.7       4.9
       230      32.0      21.0      14.0       5.5
       231      29.0      20.0      14.1       4.7
       232      31.0      19.0      14.8       5.2
       233      29.0      19.0      15.5       4.6
       234      30.0      17.0      16.5       4.7
       235      34.0      19.0      19.8       5.3
       236      36.0      23.0      19.3       5.8
       237      30.0      19.0      13.0       5.0
       238      29.0      17.0      14.9       4.6
       239      31.0      17.0      16.9       4.8
       240      33.0      21.0      18.4       5.1
       241      35.0      21.0      19.9       5.4
       242      32.0      23.0      22.5       4.1
       243      31.0      25.0      22.2       3.8
       244      30.0      23.0      21.7       3.6
       245      29.0      23.0      18.7       3.8
       246      30.0      17.0      17.7       4.3
       247      30.0      19.0      17.7       4.3
       248      28.0      17.0      17.2       3.8
       249      29.0      17.0      17.8       4.0
       250      24.0      21.0      19.6       2.2
       251      29.0      17.0      19.2       3.7
       252      30.0      22.0      19.1       3.9
       253      28.0      17.0      17.8       3.6
       254      29.0      18.0      17.9       3.8
       255      30.0      20.0      18.2       4.0
       256      30.0      19.0      18.6       3.9
       257      29.0      18.0      20.2       3.4
       258      30.0      19.0      19.8       3.7
       259      29.0      19.0      18.8       3.6
       260      29.0      18.0      18.9       3.6
       261      31.0      18.0      18.3       4.1
       262      32.0      23.0      19.4       4.1
       263      31.0      19.0      18.4       4.0
       264      27.0      18.0      18.0       3.1
       265      27.0      18.0      17.4       3.2
       266      21.0      14.0      14.6       2.2
       267      24.0      13.0      13.1       3.1
       268      25.0      14.0      13.2       3.2
       269      25.0      14.0      13.3       3.2
       270      23.0      15.0      13.1       2.8
       271      24.0      13.0      14.8       2.7
       272      23.0      17.0      16.2       2.3
       273      24.5      17.0      15.5       2.8
       274      26.0      17.0      14.8       3.2
       275      25.0      15.0      15.4       2.8
       276      25.0      15.0      16.4       2.6
       277      29.0      14.0      17.1       3.3
       278      29.0      19.0      17.3       3.4
       279      27.0      17.0      17.9       2.8
       280      26.0      15.0      17.9       2.5
       281      25.0      15.0      17.5       2.3
       282      28.0      17.0      18.7       2.8
       283      29.0      21.0      18.9       3.1
       284      28.0      20.0      18.9       2.8
       285      29.0      14.0      18.8       2.9
       286      29.0      15.0      16.8       3.2
       287      31.0      18.0      19.5       3.3
       288      25.0      18.0      17.0       2.4
       289      33.0      14.0      17.6       3.8
       290      34.0      17.0      18.6       3.9
       291      25.0      19.0      19.3       1.9
       292      25.0      14.0      16.2       2.3
       293      23.0      12.0      14.3       2.1
       294      23.0      12.0      13.4       2.2
       295      26.0      11.0      15.3       2.5
       296      26.0      15.0      16.8       2.3
       297      25.0      14.0      18.2       1.9
       298      21.0      17.0      17.8       1.2
       299      23.0      16.0      17.1       1.7
       300      25.0      16.0      16.2       2.2
       301      21.0      14.0      14.1       1.7
       302      16.0      13.0      12.5       1.1
       303      20.0      12.0      11.2       1.9
       304      19.0      12.0      12.2       1.6
       305      20.0      12.0      12.8       1.6
       306      20.0      13.0      14.2       1.4
       307      18.0      13.0      12.9       1.3
       308      18.0      11.0      13.6       1.1
       309      18.0      14.0      13.0       1.3
       310      19.0      15.0      13.7       1.4
       311      22.0      15.0      15.0       1.7
       312      23.0      13.0      13.6       1.9
       313      25.0      11.0      13.4       2.2
       314      22.0      11.0      14.1       1.6
       315      16.0      10.0       8.6       1.5
       316      16.0       8.0       9.7       1.2
       317      18.0       7.0       7.1       1.7
       318      21.0       8.0       9.6       1.9
       319      21.0      12.0      10.8       1.9
       320      19.0       9.0       6.8       2.0
       321      14.0       7.0       7.2       1.2
       322      13.0       7.0       6.9       1.1
       323      16.0       8.0       8.7       1.3
       324      16.0      10.0       9.2       1.3
       325      16.0       7.0       9.3       1.1
       326      16.0       8.0       9.7       1.1
       327      16.0       9.0      10.7       1.0
       328      16.0      10.0      10.5       1.1
       329      16.0       9.0       9.9       1.1
       330      16.0       8.0       9.5       1.1
       331      17.0       8.0      10.3       1.1
       332      18.0       8.0      10.4       1.2
       333      18.0       9.0      10.3       1.3
       334      18.0       9.0      10.4       1.2
       335      21.0       8.0      11.7       1.4
       336      19.0      10.0      12.1       1.2
       337      18.0      10.0      11.4       1.1
       338      17.0       8.0      10.6       1.0
       339      17.0       7.0      10.1       1.0
       340      18.0       6.0       8.9       1.3
       341      18.0       3.0       7.4       1.3
       342      17.0       5.0       9.3       1.0
       343      18.0       9.0      10.1       1.2
       344      18.0       9.0      10.7       1.2
       345      19.0       8.0      10.9       1.2
       346      18.0      13.0      12.2       1.2
       347      20.0       9.0      11.2       1.3
       348      20.0       7.0      10.8       1.3
       349      18.0       9.0      10.1       1.2
       350      17.0       9.0      11.0       1.0
       351      18.0      12.0      13.4       0.9
       352      19.0      12.0      12.3       1.2
       353      15.0      11.0      10.2       1.0
       354      20.0       9.0      10.4       1.4
       355      19.0      12.0      10.5       1.5
       356      15.0      10.0       5.3       1.6
       357      13.0       4.0       4.1       1.2
       358      14.0       8.0       8.1       1.0
       359      18.0       9.0      10.4       1.2
       360      16.0       6.0       8.5       1.0
       361      15.0       9.0      10.1       0.9
       362      15.0       8.0       8.9       1.0
       363      16.0       8.0       6.9       1.4
       364      17.0       7.0       7.5       1.4
       365      17.0       7.0       5.7       1.6
