******************************************************************************************************     
* Filename: Wagdetail.003                                                             
* Contents: SWAP Detailed meteorological data                
******************************************************************************************************     
* Comment area:                                                                 
*                                                                               
* Ten records per day
******************************************************************************************************     
    Date        Record       Rad      Temp       Hum      Wind      Rain 
*                   nr     kJ/m2        ºC       kPa       m/s        mm   
******************************************************************************************************     
  01-may-2003        1       0.0      15.0      0.87       5.0       2.0   
  01-may-2003        2       3.0      15.0      0.87       5.0       2.0   
  01-may-2003        3    1347.0      15.0      0.87       5.0       2.0   
  01-may-2003        4    3622.0      15.0      0.87       5.0       2.0   
  01-may-2003        5    5029.0      15.0      0.87       5.0       2.0   
  01-may-2003        6    5029.0      15.0      0.87       5.0       2.0   
  01-may-2003        7    3622.0      15.0      0.87       5.0       2.0   
  01-may-2003        8    1347.0      15.0      0.87       5.0       2.0   
  01-may-2003        9       3.0      15.0      0.87       5.0       2.0   
  01-may-2003       10       0.0      15.0      0.87       5.0       2.0   
  02-may-2003        1       0.0      20.0      0.60       2.5       1.0   
  02-may-2003        2       8.0      20.0      0.60       2.5       1.0   
  02-may-2003        3    2046.0      20.0      0.60       2.5       1.0   
  02-may-2003        4    5429.0      20.0      0.60       2.5       1.0   
  02-may-2003        5    7520.0      20.0      0.60       2.5       1.0   
  02-may-2003        6    7520.0      20.0      0.60       2.5       1.0   
  02-may-2003        7    5429.0      20.0      0.60       2.5       1.0   
  02-may-2003        8    2046.0      20.0      0.60       2.5       1.0   
  02-may-2003        9       8.0      20.0      0.60       2.5       1.0   
  02-may-2003       10       0.0      20.0      0.60       2.5       1.0
  03-may-2003        1       0.0      15.0      0.87       5.0       2.0   
  03-may-2003        2       3.0      15.0      0.87       5.0       2.0   
  03-may-2003        3    1347.0      15.0      0.87       5.0       2.0   
  03-may-2003        4    3622.0      15.0      0.87       5.0       2.0   
  03-may-2003        5    5029.0      15.0      0.87       5.0       2.0   
  03-may-2003        6    5029.0      15.0      0.87       5.0       2.0   
  03-may-2003        7    3622.0      15.0      0.87       5.0       2.0   
  03-may-2003        8    1347.0      15.0      0.87       5.0       2.0   
  03-may-2003        9       3.0      15.0      0.87       5.0       2.0   
  03-may-2003       10       0.0      15.0      0.87       5.0       2.0   
  04-may-2003        1       0.0      20.0      0.60       2.5       1.0   
  04-may-2003        2       8.0      20.0      0.60       2.5       1.0   
  04-may-2003        3    2046.0      20.0      0.60       2.5       1.0   
  04-may-2003        4    5429.0      20.0      0.60       2.5       1.0   
  04-may-2003        5    7520.0      20.0      0.60       2.5       1.0   
  04-may-2003        6    7520.0      20.0      0.60       2.5       1.0   
  04-may-2003        7    5429.0      20.0      0.60       2.5       1.0   
  04-may-2003        8    2046.0      20.0      0.60       2.5       1.0   
  04-may-2003        9       8.0      20.0      0.60       2.5       1.0   
  04-may-2003       10       0.0      20.0      0.60       2.5       1.0
  05-may-2003        1       0.0      15.0      0.87       5.0       0.0   
  05-may-2003        2       3.0      15.0      0.87       5.0       0.0   
  05-may-2003        3    1347.0      15.0      0.87       5.0       0.0   
  05-may-2003        4    3622.0      15.0      0.87       5.0       0.0   
  05-may-2003        5    5029.0      15.0      0.87       5.0       0.0   
  05-may-2003        6    5029.0      15.0      0.87       5.0       0.0   
  05-may-2003        7    3622.0      15.0      0.87       5.0       0.0   
  05-may-2003        8    1347.0      15.0      0.87       5.0       0.0   
  05-may-2003        9       3.0      15.0      0.87       5.0       0.0   
  05-may-2003       10       0.0      15.0      0.87       5.0       0.0   
  06-may-2003        1       0.0      20.0      0.60       2.5       0.0   
  06-may-2003        2       8.0      20.0      0.60       2.5       0.0   
  06-may-2003        3    2046.0      20.0      0.60       2.5       0.0   
  06-may-2003        4    5429.0      20.0      0.60       2.5       0.0   
  06-may-2003        5    7520.0      20.0      0.60       2.5       0.0   
  06-may-2003        6    7520.0      20.0      0.60       2.5       0.0   
  06-may-2003        7    5429.0      20.0      0.60       2.5       0.0   
  06-may-2003        8    2046.0      20.0      0.60       2.5       0.0   
  06-may-2003        9       8.0      20.0      0.60       2.5       0.0   
  06-may-2003       10       0.0      20.0      0.60       2.5       0.0 
  07-may-2003        1       0.0      15.0      0.87       5.0       0.0   
  07-may-2003        2       3.0      15.0      0.87       5.0       0.0   
  07-may-2003        3    1347.0      15.0      0.87       5.0       0.0   
  07-may-2003        4    3622.0      15.0      0.87       5.0       0.0   
  07-may-2003        5    5029.0      15.0      0.87       5.0       0.0   
  07-may-2003        6    5029.0      15.0      0.87       5.0       0.0   
  07-may-2003        7    3622.0      15.0      0.87       5.0       0.0   
  07-may-2003        8    1347.0      15.0      0.87       5.0       0.0   
  07-may-2003        9       3.0      15.0      0.87       5.0       0.0   
  07-may-2003       10       0.0      15.0      0.87       5.0       0.0   
  08-may-2003        1       0.0      20.0      0.60       2.5       0.0   
  08-may-2003        2       8.0      20.0      0.60       2.5       0.0   
  08-may-2003        3    2046.0      20.0      0.60       2.5       0.0   
  08-may-2003        4    5429.0      20.0      0.60       2.5       0.0   
  08-may-2003        5    7520.0      20.0      0.60       2.5       0.0   
  08-may-2003        6    7520.0      20.0      0.60       2.5       0.0   
  08-may-2003        7    5429.0      20.0      0.60       2.5       0.0   
  08-may-2003        8    2046.0      20.0      0.60       2.5       0.0   
  08-may-2003        9       8.0      20.0      0.60       2.5       0.0   
  08-may-2003       10       0.0      20.0      0.60       2.5       0.0 
  09-may-2003        1       0.0      15.0      0.87       5.0       0.0   
  09-may-2003        2       3.0      15.0      0.87       5.0       0.0   
  09-may-2003        3    1347.0      15.0      0.87       5.0       0.0   
  09-may-2003        4    3622.0      15.0      0.87       5.0       0.0   
  09-may-2003        5    5029.0      15.0      0.87       5.0       0.0   
  09-may-2003        6    5029.0      15.0      0.87       5.0       0.0   
  09-may-2003        7    3622.0      15.0      0.87       5.0       0.0   
  09-may-2003        8    1347.0      15.0      0.87       5.0       0.0   
  09-may-2003        9       3.0      15.0      0.87       5.0       0.0   
  09-may-2003       10       0.0      15.0      0.87       5.0       0.0   
  10-may-2003        1       0.0      20.0      0.60       2.5       1.0   
  10-may-2003        2       8.0      20.0      0.60       2.5       1.0   
  10-may-2003        3    2046.0      20.0      0.60       2.5       1.0   
  10-may-2003        4    5429.0      20.0      0.60       2.5       1.0   
  10-may-2003        5    7520.0      20.0      0.60       2.5       1.0   
  10-may-2003        6    7520.0      20.0      0.60       2.5       1.0   
  10-may-2003        7    5429.0      20.0      0.60       2.5       1.0   
  10-may-2003        8    2046.0      20.0      0.60       2.5       1.0   
  10-may-2003        9       8.0      20.0      0.60       2.5       1.0   
  10-may-2003       10       0.0      20.0      0.60       2.5       1.0 
  11-may-2003        1       0.0      15.0      0.87       5.0       2.0   
  11-may-2003        2       3.0      15.0      0.87       5.0       2.0   
  11-may-2003        3    1347.0      15.0      0.87       5.0       2.0   
  11-may-2003        4    3622.0      15.0      0.87       5.0       2.0   
  11-may-2003        5    5029.0      15.0      0.87       5.0       2.0   
  11-may-2003        6    5029.0      15.0      0.87       5.0       2.0   
  11-may-2003        7    3622.0      15.0      0.87       5.0       2.0   
  11-may-2003        8    1347.0      15.0      0.87       5.0       2.0   
  11-may-2003        9       3.0      15.0      0.87       5.0       2.0   
  11-may-2003       10       0.0      15.0      0.87       5.0       2.0   
  12-may-2003        1       0.0      20.0      0.60       2.5       0.0   
  12-may-2003        2       8.0      20.0      0.60       2.5       0.0   
  12-may-2003        3    2046.0      20.0      0.60       2.5       0.0   
  12-may-2003        4    5429.0      20.0      0.60       2.5       0.0   
  12-may-2003        5    7520.0      20.0      0.60       2.5       0.0   
  12-may-2003        6    7520.0      20.0      0.60       2.5       0.0   
  12-may-2003        7    5429.0      20.0      0.60       2.5       0.0   
  12-may-2003        8    2046.0      20.0      0.60       2.5       0.0   
  12-may-2003        9       8.0      20.0      0.60       2.5       0.0   
  12-may-2003       10       0.0      20.0      0.60       2.5       0.0 
  13-may-2003        1       0.0      15.0      0.87       5.0       0.0   
  13-may-2003        2       3.0      15.0      0.87       5.0       0.0   
  13-may-2003        3    1347.0      15.0      0.87       5.0       0.0   
  13-may-2003        4    3622.0      15.0      0.87       5.0       0.0   
  13-may-2003        5    5029.0      15.0      0.87       5.0       0.0   
  13-may-2003        6    5029.0      15.0      0.87       5.0       0.0   
  13-may-2003        7    3622.0      15.0      0.87       5.0       0.0   
  13-may-2003        8    1347.0      15.0      0.87       5.0       0.0   
  13-may-2003        9       3.0      15.0      0.87       5.0       0.0   
  13-may-2003       10       0.0      15.0      0.87       5.0       0.0   
  14-may-2003        1       0.0      20.0      0.60       2.5       0.0   
  14-may-2003        2       8.0      20.0      0.60       2.5       0.0   
  14-may-2003        3    2046.0      20.0      0.60       2.5       0.0   
  14-may-2003        4    5429.0      20.0      0.60       2.5       0.0   
  14-may-2003        5    7520.0      20.0      0.60       2.5       0.0   
  14-may-2003        6    7520.0      20.0      0.60       2.5       0.0   
  14-may-2003        7    5429.0      20.0      0.60       2.5       0.0   
  14-may-2003        8    2046.0      20.0      0.60       2.5       0.0   
  14-may-2003        9       8.0      20.0      0.60       2.5       0.0   
  14-may-2003       10       0.0      20.0      0.60       2.5       0.0 
  15-may-2003        1       0.0      15.0      0.87       5.0       0.0   
  15-may-2003        2       3.0      15.0      0.87       5.0       0.0   
  15-may-2003        3    1347.0      15.0      0.87       5.0       0.0   
  15-may-2003        4    3622.0      15.0      0.87       5.0       0.0   
  15-may-2003        5    5029.0      15.0      0.87       5.0       0.0   
  15-may-2003        6    5029.0      15.0      0.87       5.0       0.0   
  15-may-2003        7    3622.0      15.0      0.87       5.0       0.0   
  15-may-2003        8    1347.0      15.0      0.87       5.0       0.0   
  15-may-2003        9       3.0      15.0      0.87       5.0       0.0   
  15-may-2003       10       0.0      15.0      0.87       5.0       0.0   
  16-may-2003        1       0.0      20.0      0.60       2.5       0.0   
  16-may-2003        2       8.0      20.0      0.60       2.5       0.0   
  16-may-2003        3    2046.0      20.0      0.60       2.5       0.0   
  16-may-2003        4    5429.0      20.0      0.60       2.5       0.0   
  16-may-2003        5    7520.0      20.0      0.60       2.5       0.0   
  16-may-2003        6    7520.0      20.0      0.60       2.5       0.0   
  16-may-2003        7    5429.0      20.0      0.60       2.5       0.0   
  16-may-2003        8    2046.0      20.0      0.60       2.5       0.0   
  16-may-2003        9       8.0      20.0      0.60       2.5       0.0   
  16-may-2003       10       0.0      20.0      0.60       2.5       0.0 
  17-may-2003        1       0.0      15.0      0.87       5.0       0.0   
  17-may-2003        2       3.0      15.0      0.87       5.0       0.0   
  17-may-2003        3    1347.0      15.0      0.87       5.0       0.0   
  17-may-2003        4    3622.0      15.0      0.87       5.0       0.0   
  17-may-2003        5    5029.0      15.0      0.87       5.0       0.0   
  17-may-2003        6    5029.0      15.0      0.87       5.0       0.0   
  17-may-2003        7    3622.0      15.0      0.87       5.0       0.0   
  17-may-2003        8    1347.0      15.0      0.87       5.0       0.0   
  17-may-2003        9       3.0      15.0      0.87       5.0       0.0   
  17-may-2003       10       0.0      15.0      0.87       5.0       0.0   
  18-may-2003        1       0.0      20.0      0.60       2.5       1.0   
  18-may-2003        2       8.0      20.0      0.60       2.5       1.0   
  18-may-2003        3    2046.0      20.0      0.60       2.5       1.0   
  18-may-2003        4    5429.0      20.0      0.60       2.5       1.0   
  18-may-2003        5    7520.0      20.0      0.60       2.5       1.0   
  18-may-2003        6    7520.0      20.0      0.60       2.5       1.0   
  18-may-2003        7    5429.0      20.0      0.60       2.5       1.0   
  18-may-2003        8    2046.0      20.0      0.60       2.5       1.0   
  18-may-2003        9       8.0      20.0      0.60       2.5       1.0   
  18-may-2003       10       0.0      20.0      0.60       2.5       1.0 
  19-may-2003        1       0.0      15.0      0.87       5.0       2.0   
  19-may-2003        2       3.0      15.0      0.87       5.0       2.0   
  19-may-2003        3    1347.0      15.0      0.87       5.0       2.0   
  19-may-2003        4    3622.0      15.0      0.87       5.0       2.0   
  19-may-2003        5    5029.0      15.0      0.87       5.0       2.0   
  19-may-2003        6    5029.0      15.0      0.87       5.0       2.0   
  19-may-2003        7    3622.0      15.0      0.87       5.0       2.0   
  19-may-2003        8    1347.0      15.0      0.87       5.0       2.0   
  19-may-2003        9       3.0      15.0      0.87       5.0       2.0   
  19-may-2003       10       0.0      15.0      0.87       5.0       2.0   
  20-may-2003        1       0.0      20.0      0.60       2.5       0.0   
  20-may-2003        2       8.0      20.0      0.60       2.5       0.0   
  20-may-2003        3    2046.0      20.0      0.60       2.5       0.0   
  20-may-2003        4    5429.0      20.0      0.60       2.5       0.0   
  20-may-2003        5    7520.0      20.0      0.60       2.5       0.0   
  20-may-2003        6    7520.0      20.0      0.60       2.5       0.0   
  20-may-2003        7    5429.0      20.0      0.60       2.5       0.0   
  20-may-2003        8    2046.0      20.0      0.60       2.5       0.0   
  20-may-2003        9       8.0      20.0      0.60       2.5       0.0   
  20-may-2003       10       0.0      20.0      0.60       2.5       0.0 
  21-may-2003        1       0.0      15.0      0.87       5.0       0.0   
  21-may-2003        2       3.0      15.0      0.87       5.0       0.0   
  21-may-2003        3    1347.0      15.0      0.87       5.0       0.0   
  21-may-2003        4    3622.0      15.0      0.87       5.0       0.0   
  21-may-2003        5    5029.0      15.0      0.87       5.0       0.0   
  21-may-2003        6    5029.0      15.0      0.87       5.0       0.0   
  21-may-2003        7    3622.0      15.0      0.87       5.0       0.0   
  21-may-2003        8    1347.0      15.0      0.87       5.0       0.0   
  21-may-2003        9       3.0      15.0      0.87       5.0       0.0   
  21-may-2003       10       0.0      15.0      0.87       5.0       0.0   
  22-may-2003        1       0.0      20.0      0.60       2.5       0.0   
  22-may-2003        2       8.0      20.0      0.60       2.5       0.0   
  22-may-2003        3    2046.0      20.0      0.60       2.5       0.0   
  22-may-2003        4    5429.0      20.0      0.60       2.5       0.0   
  22-may-2003        5    7520.0      20.0      0.60       2.5       0.0   
  22-may-2003        6    7520.0      20.0      0.60       2.5       0.0   
  22-may-2003        7    5429.0      20.0      0.60       2.5       0.0   
  22-may-2003        8    2046.0      20.0      0.60       2.5       0.0   
  22-may-2003        9       8.0      20.0      0.60       2.5       0.0   
  22-may-2003       10       0.0      20.0      0.60       2.5       0.0 
  23-may-2003        1       0.0      15.0      0.87       5.0       0.0   
  23-may-2003        2       3.0      15.0      0.87       5.0       0.0   
  23-may-2003        3    1347.0      15.0      0.87       5.0       0.0   
  23-may-2003        4    3622.0      15.0      0.87       5.0       0.0   
  23-may-2003        5    5029.0      15.0      0.87       5.0       0.0   
  23-may-2003        6    5029.0      15.0      0.87       5.0       0.0   
  23-may-2003        7    3622.0      15.0      0.87       5.0       0.0   
  23-may-2003        8    1347.0      15.0      0.87       5.0       0.0   
  23-may-2003        9       3.0      15.0      0.87       5.0       0.0   
  23-may-2003       10       0.0      15.0      0.87       5.0       0.0   
  24-may-2003        1       0.0      20.0      0.60       2.5       0.0   
  24-may-2003        2       8.0      20.0      0.60       2.5       0.0   
  24-may-2003        3    2046.0      20.0      0.60       2.5       0.0   
  24-may-2003        4    5429.0      20.0      0.60       2.5       0.0   
  24-may-2003        5    7520.0      20.0      0.60       2.5       0.0   
  24-may-2003        6    7520.0      20.0      0.60       2.5       0.0   
  24-may-2003        7    5429.0      20.0      0.60       2.5       0.0   
  24-may-2003        8    2046.0      20.0      0.60       2.5       0.0   
  24-may-2003        9       8.0      20.0      0.60       2.5       0.0   
  24-may-2003       10       0.0      20.0      0.60       2.5       0.0 
  25-may-2003        1       0.0      15.0      0.87       5.0       0.0   
  25-may-2003        2       3.0      15.0      0.87       5.0       0.0   
  25-may-2003        3    1347.0      15.0      0.87       5.0       0.0   
  25-may-2003        4    3622.0      15.0      0.87       5.0       0.0   
  25-may-2003        5    5029.0      15.0      0.87       5.0       0.0   
  25-may-2003        6    5029.0      15.0      0.87       5.0       0.0   
  25-may-2003        7    3622.0      15.0      0.87       5.0       0.0   
  25-may-2003        8    1347.0      15.0      0.87       5.0       0.0   
  25-may-2003        9       3.0      15.0      0.87       5.0       0.0   
  25-may-2003       10       0.0      15.0      0.87       5.0       0.0   
  26-may-2003        1       0.0      20.0      0.60       2.5       1.0   
  26-may-2003        2       8.0      20.0      0.60       2.5       1.0   
  26-may-2003        3    2046.0      20.0      0.60       2.5       1.0   
  26-may-2003        4    5429.0      20.0      0.60       2.5       1.0   
  26-may-2003        5    7520.0      20.0      0.60       2.5       1.0   
  26-may-2003        6    7520.0      20.0      0.60       2.5       1.0   
  26-may-2003        7    5429.0      20.0      0.60       2.5       1.0   
  26-may-2003        8    2046.0      20.0      0.60       2.5       1.0   
  26-may-2003        9       8.0      20.0      0.60       2.5       1.0   
  26-may-2003       10       0.0      20.0      0.60       2.5       1.0
  27-may-2003        1       0.0      15.0      0.87       5.0       2.0   
  27-may-2003        2       3.0      15.0      0.87       5.0       2.0   
  27-may-2003        3    1347.0      15.0      0.87       5.0       2.0   
  27-may-2003        4    3622.0      15.0      0.87       5.0       2.0   
  27-may-2003        5    5029.0      15.0      0.87       5.0       2.0   
  27-may-2003        6    5029.0      15.0      0.87       5.0       2.0   
  27-may-2003        7    3622.0      15.0      0.87       5.0       2.0   
  27-may-2003        8    1347.0      15.0      0.87       5.0       2.0   
  27-may-2003        9       3.0      15.0      0.87       5.0       2.0   
  27-may-2003       10       0.0      15.0      0.87       5.0       2.0   
  28-may-2003        1       0.0      20.0      0.60       2.5       0.0   
  28-may-2003        2       8.0      20.0      0.60       2.5       0.0   
  28-may-2003        3    2046.0      20.0      0.60       2.5       0.0   
  28-may-2003        4    5429.0      20.0      0.60       2.5       0.0   
  28-may-2003        5    7520.0      20.0      0.60       2.5       0.0   
  28-may-2003        6    7520.0      20.0      0.60       2.5       0.0   
  28-may-2003        7    5429.0      20.0      0.60       2.5       0.0   
  28-may-2003        8    2046.0      20.0      0.60       2.5       0.0   
  28-may-2003        9       8.0      20.0      0.60       2.5       0.0   
  28-may-2003       10       0.0      20.0      0.60       2.5       0.0
  29-may-2003        1       0.0      15.0      0.87       5.0       0.0   
  29-may-2003        2       3.0      15.0      0.87       5.0       0.0   
  29-may-2003        3    1347.0      15.0      0.87       5.0       0.0   
  29-may-2003        4    3622.0      15.0      0.87       5.0       0.0   
  29-may-2003        5    5029.0      15.0      0.87       5.0       0.0   
  29-may-2003        6    5029.0      15.0      0.87       5.0       0.0   
  29-may-2003        7    3622.0      15.0      0.87       5.0       0.0   
  29-may-2003        8    1347.0      15.0      0.87       5.0       0.0   
  29-may-2003        9       3.0      15.0      0.87       5.0       0.0   
  29-may-2003       10       0.0      15.0      0.87       5.0       0.0   
  30-may-2003        1       0.0      20.0      0.60       2.5       0.0   
  30-may-2003        2       8.0      20.0      0.60       2.5       0.0   
  30-may-2003        3    2046.0      20.0      0.60       2.5       0.0   
  30-may-2003        4    5429.0      20.0      0.60       2.5       0.0   
  30-may-2003        5    7520.0      20.0      0.60       2.5       0.0   
  30-may-2003        6    7520.0      20.0      0.60       2.5       0.0   
  30-may-2003        7    5429.0      20.0      0.60       2.5       0.0   
  30-may-2003        8    2046.0      20.0      0.60       2.5       0.0   
  30-may-2003        9       8.0      20.0      0.60       2.5       0.0   
  30-may-2003       10       0.0      20.0      0.60       2.5       0.0  
  31-may-2003        1       0.0      15.0      0.87       5.0       0.0   
  31-may-2003        2       3.0      15.0      0.87       5.0       0.0   
  31-may-2003        3    1347.0      15.0      0.87       5.0       0.0   
  31-may-2003        4    3622.0      15.0      0.87       5.0       0.0   
  31-may-2003        5    5029.0      15.0      0.87       5.0       0.0   
  31-may-2003        6    5029.0      15.0      0.87       5.0       0.0   
  31-may-2003        7    3622.0      15.0      0.87       5.0       0.0   
  31-may-2003        8    1347.0      15.0      0.87       5.0       0.0   
  31-may-2003        9       3.0      15.0      0.87       5.0       0.0   
  31-may-2003       10       0.0      15.0      0.87       5.0       0.0   
