******************************************************************************************************     
* Filename: Wageningen.980                                                             
* Contents: SWAP - Meteorological data of Wageningen weather station                
******************************************************************************************************     
* Comment area:                                                                 
*                                                                               
* Including rainfall duration                                                                              
******************************************************************************************************     
    Station       DD      MM    YYYY     RAD    Tmin    Tmax     HUM    WIND    RAIN   ETref     WET
*                 nr      nr      nr   kJ/m2       C       C     kPa     m/s      mm      mm       d
******************************************************************************************************     
'Wageningen'       1       1    1980  2540.0    -1.2     1.4    0.62     3.5     6.2   -99.9  0.1550
'Wageningen'       2       1    1980  3520.0    -6.5     1.4    0.53     1.7     0.0   -99.9  0.0000
'Wageningen'       3       1    1980  1510.0    -8.2     0.1    0.49     2.2     0.2   -99.9  0.0050
'Wageningen'       4       1    1980   740.0    -0.3     3.5    0.66     4.5     7.0   -99.9  0.1750
'Wageningen'       5       1    1980   990.0     2.8     5.1    0.78     3.0     2.2   -99.9  0.0550
'Wageningen'       6       1    1980  1090.0     3.8     6.0    0.82     2.7     8.7   -99.9  0.2175
'Wageningen'       7       1    1980  1720.0     1.4     5.5    0.76     1.5     0.3   -99.9  0.0075
'Wageningen'       8       1    1980   500.0     0.2     3.5    0.66     2.5     0.0   -99.9  0.0000
'Wageningen'       9       1    1980  1500.0    -0.1     1.3    0.59     2.2     0.0   -99.9  0.0000
'Wageningen'      10       1    1980   660.0    -1.6     0.5    0.49     2.5     0.0   -99.9  0.0000
'Wageningen'      11       1    1980  1080.0    -5.9    -1.2    0.39     2.7     0.0   -99.9  0.0000
'Wageningen'      12       1    1980  5180.0    -7.4    -2.3    0.32     2.9     0.0   -99.9  0.0000
'Wageningen'      13       1    1980  4300.0   -10.4    -2.6    0.30     1.6     0.0   -99.9  0.0000
'Wageningen'      14       1    1980  2550.0    -9.7    -2.9    0.35     1.7     0.0   -99.9  0.0000
'Wageningen'      15       1    1980  2130.0    -8.1    -2.2    0.40     1.3     0.0   -99.9  0.0000
'Wageningen'      16       1    1980  3050.0    -4.1    -0.2    0.48     2.3     0.0   -99.9  0.0000
'Wageningen'      17       1    1980  4140.0    -6.3    -0.6    0.40     2.5     0.0   -99.9  0.0000
'Wageningen'      18       1    1980  4090.0    -6.9    -2.2    0.37     2.8     0.0   -99.9  0.0000
'Wageningen'      19       1    1980  4210.0    -8.0     2.5    0.42     2.6     0.0   -99.9  0.0000
'Wageningen'      20       1    1980  1750.0    -4.8     1.7    0.48     3.0     0.0   -99.9  0.0000
'Wageningen'      21       1    1980  2040.0    -1.2     4.5    0.61     5.7     4.6   -99.9  0.1150
'Wageningen'      22       1    1980  1480.0     2.0     5.1    0.69     5.2     0.6   -99.9  0.0150
'Wageningen'      23       1    1980  2380.0     0.7     5.2    0.70     3.5     0.4   -99.9  0.0100
'Wageningen'      24       1    1980  2190.0    -0.6     3.5    0.68     2.3     0.6   -99.9  0.0150
'Wageningen'      25       1    1980  1780.0     0.6     4.9    0.70     3.1     0.3   -99.9  0.0075
'Wageningen'      26       1    1980  2290.0    -3.5     3.3    0.57     2.1     1.1   -99.9  0.0275
'Wageningen'      27       1    1980  4680.0    -1.1     4.6    0.58     2.4     0.2   -99.9  0.0050
'Wageningen'      28       1    1980  1360.0    -2.1     0.6    0.56     2.1     2.4   -99.9  0.0600
'Wageningen'      29       1    1980  1930.0    -0.2     2.7    0.62     2.1     0.0   -99.9  0.0000
'Wageningen'      30       1    1980  2230.0     2.5     8.8    0.85     5.3     0.4   -99.9  0.0100
'Wageningen'      31       1    1980  1800.0     4.8    10.1    0.90     3.9    11.7   -99.9  0.2925
'Wageningen'       1       2    1980  5230.0    -1.2     5.7    0.51     3.5     0.5   -99.9  0.0125
'Wageningen'       2       2    1980   740.0    -0.3     6.4    0.75     3.7     9.1   -99.9  0.2275
'Wageningen'       3       2    1980  1030.0     1.5     5.9    0.74     3.1    10.1   -99.9  0.2525
'Wageningen'       4       2    1980  1910.0     0.5     4.5    0.62     3.3     4.2   -99.9  0.1050
'Wageningen'       5       2    1980   840.0     4.4     8.5    0.98     5.3    14.9   -99.9  0.3725
'Wageningen'       6       2    1980  1300.0     6.2     7.9    0.95     3.3     2.5   -99.9  0.0625
'Wageningen'       7       2    1980  1510.0     3.5     9.1    0.88     3.7     0.0   -99.9  0.0000
'Wageningen'       8       2    1980  2700.0     3.6    10.3    0.88     3.1     0.4   -99.9  0.0100
'Wageningen'       9       2    1980  5290.0     6.4    11.9    0.85     2.9     0.1   -99.9  0.0025
'Wageningen'      10       2    1980  3460.0     3.1     9.4    0.85     3.5     1.0   -99.9  0.0250
'Wageningen'      11       2    1980  2380.0     2.9     7.9    0.83     3.1     0.0   -99.9  0.0000
'Wageningen'      12       2    1980  1300.0     2.2     6.6    0.35     1.4     0.0   -99.9  0.0000
'Wageningen'      13       2    1980  3840.0     1.6     7.9    0.80     2.2     0.0   -99.9  0.0000
'Wageningen'      14       2    1980  3170.0     0.0     4.6    0.67     1.9     2.5   -99.9  0.0625
'Wageningen'      15       2    1980  2410.0     2.2     7.5    0.80     3.1     1.0   -99.9  0.0250
'Wageningen'      16       2    1980  2670.0     4.9     7.2    0.88     2.0     0.0   -99.9  0.0000
'Wageningen'      17       2    1980  4410.0    -0.2     7.5    0.80     1.6     0.0   -99.9  0.0000
'Wageningen'      18       2    1980  4730.0     2.4     7.8    0.67     3.0     0.0   -99.9  0.0000
'Wageningen'      19       2    1980  8990.0    -0.4     6.6    0.55     3.9     0.0   -99.9  0.0000
'Wageningen'      20       2    1980  8710.0    -0.1     8.9    0.59     3.9     0.0   -99.9  0.0000
'Wageningen'      21       2    1980  9400.0     1.3    10.3    0.56     3.5     0.0   -99.9  0.0000
'Wageningen'      22       2    1980  9540.0     1.1    11.2    0.56     3.1     0.2   -99.9  0.0050
'Wageningen'      23       2    1980  1840.0     0.4     6.8    0.69     2.4     0.0   -99.9  0.0000
'Wageningen'      24       2    1980  7190.0    -2.3    11.6    0.66     1.8     0.0   -99.9  0.0000
'Wageningen'      25       2    1980  5990.0    -2.0     9.8    0.77     1.0     0.0   -99.9  0.0000
'Wageningen'      26       2    1980  5790.0     0.1     6.4    0.71     2.4     0.0   -99.9  0.0000
'Wageningen'      27       2    1980  2650.0     0.2     4.5    0.56     2.7     0.0   -99.9  0.0000
'Wageningen'      28       2    1980  2630.0     1.4     5.3    0.62     2.1     0.0   -99.9  0.0000
'Wageningen'      29       2    1980  3940.0     3.5     8.9    0.83     3.3     0.0   -99.9  0.0000
'Wageningen'       1       3    1980  8720.0    -0.3    10.6    0.76     3.0     0.0   -99.9  0.0000
'Wageningen'       2       3    1980  4110.0    -1.0     7.3    0.65     3.0     0.1   -99.9  0.0025
'Wageningen'       3       3    1980  8380.0    -2.4     6.5    0.55     2.9     0.0   -99.9  0.0000
'Wageningen'       4       3    1980  2840.0    -1.1     6.6    0.69     2.4     0.1   -99.9  0.0025
'Wageningen'       5       3    1980  9050.0    -0.4     7.8    0.65     3.1     0.0   -99.9  0.0000
'Wageningen'       6       3    1980  2310.0     1.6     7.0    0.80     4.7     3.7   -99.9  0.0925
'Wageningen'       7       3    1980  2970.0     4.8     8.7    0.82     5.1     2.1   -99.9  0.0525
'Wageningen'       8       3    1980  4650.0    -1.3     9.5    0.74     2.8     0.2   -99.9  0.0050
'Wageningen'       9       3    1980  4180.0    -3.7     5.5    0.69     3.1     0.0   -99.9  0.0000
'Wageningen'      10       3    1980  7050.0     4.2     8.5    0.80     2.1     1.6   -99.9  0.0400
'Wageningen'      11       3    1980  1860.0     4.3     7.6    0.87     1.2     0.2   -99.9  0.0050
'Wageningen'      12       3    1980  2310.0     2.5     7.1    0.85     4.4    15.0   -99.9  0.3750
'Wageningen'      13       3    1980  5020.0     6.1     9.0    0.91     2.8    10.5   -99.9  0.2625
'Wageningen'      14       3    1980  4630.0     2.1     6.7    0.69     4.2     0.0   -99.9  0.0000
'Wageningen'      15       3    1980  2540.0     0.6     4.1    0.63     3.5     0.0   -99.9  0.0000
'Wageningen'      16       3    1980  2810.0     2.2     5.3    0.69     1.6     0.0   -99.9  0.0000
'Wageningen'      17       3    1980  6470.0     3.6     7.9    0.75     2.1     0.0   -99.9  0.0000
'Wageningen'      18       3    1980  8360.0     1.9     7.5    0.61     4.5     0.0   -99.9  0.0000
'Wageningen'      19       3    1980  5520.0    -1.3     2.1    0.46     5.9     0.0   -99.9  0.0000
'Wageningen'      20       3    1980 15590.0    -4.1     3.9    0.36     5.2     0.0   -99.9  0.0000
'Wageningen'      21       3    1980  7150.0    -4.4     3.8    0.44     3.5     0.0   -99.9  0.0000
'Wageningen'      22       3    1980  7520.0    -5.2     5.1    0.57     1.9     0.3   -99.9  0.0075
'Wageningen'      23       3    1980 10290.0    -5.9     9.3    0.59     2.1     0.0   -99.9  0.0000
'Wageningen'      24       3    1980 14380.0     2.4    12.3    0.65     2.9     0.0   -99.9  0.0000
'Wageningen'      25       3    1980 12210.0     2.3    14.5    0.77     2.7     0.5   -99.9  0.0125
'Wageningen'      26       3    1980 10010.0     3.4    11.0    0.78     2.4     0.0   -99.9  0.0000
'Wageningen'      27       3    1980  4540.0     6.0    14.9    1.15     4.0     5.2   -99.9  0.1300
'Wageningen'      28       3    1980  4930.0     6.4    14.4    1.07     3.5     9.5   -99.9  0.2375
'Wageningen'      29       3    1980  3390.0     6.0     8.1    0.79     7.6     3.6   -99.9  0.0900
'Wageningen'      30       3    1980  9000.0     2.3    10.1    0.73     4.5     0.0   -99.9  0.0000
'Wageningen'      31       3    1980 11340.0     1.9    11.4    0.81     2.8     2.3   -99.9  0.0575
'Wageningen'       1       4    1980  3540.0     7.8    11.8    1.14     3.6    16.1   -99.9  0.4025
'Wageningen'       2       4    1980  9830.0     2.7     9.9    0.75     6.0     2.8   -99.9  0.0700
'Wageningen'       3       4    1980  9630.0     2.2     8.3    0.70     4.5     2.3   -99.9  0.0575
'Wageningen'       4       4    1980 14630.0     0.1     9.0    0.63     3.3     0.0   -99.9  0.0000
'Wageningen'       5       4    1980 18730.0    -3.5    10.9    0.63     2.0     0.0   -99.9  0.0000
'Wageningen'       6       4    1980 15930.0    -2.2    11.8    0.66     1.8     0.0   -99.9  0.0000
'Wageningen'       7       4    1980  8340.0    -1.4     8.0    0.72     2.5     0.0   -99.9  0.0000
'Wageningen'       8       4    1980  9020.0     1.5     7.4    0.74     4.3     4.0   -99.9  0.1000
'Wageningen'       9       4    1980 10520.0     1.8     7.9    0.68     3.0     1.0   -99.9  0.0250
'Wageningen'      10       4    1980 11900.0     1.9     9.3    0.78     2.0     0.1   -99.9  0.0025
'Wageningen'      11       4    1980 13230.0    -2.2    13.2    0.65     1.0     0.0   -99.9  0.0000
'Wageningen'      12       4    1980 21650.0     3.1    15.8    0.67     3.3     0.0   -99.9  0.0000
'Wageningen'      13       4    1980 21240.0     7.0    19.3    0.70     3.3     0.0   -99.9  0.0000
'Wageningen'      14       4    1980 20830.0     8.8    21.6    0.75     2.3     0.0   -99.9  0.0000
'Wageningen'      15       4    1980 20700.0     3.1    22.3    0.95     1.5     0.0   -99.9  0.0000
'Wageningen'      16       4    1980 19280.0     3.2    22.3    1.08     1.3     0.0   -99.9  0.0000
'Wageningen'      17       4    1980 18940.0     4.9    18.6    1.01     2.9     0.0   -99.9  0.0000
'Wageningen'      18       4    1980  4110.0     1.3     9.5    0.91     3.8     0.0   -99.9  0.0000
'Wageningen'      19       4    1980 11660.0     1.8    10.1    0.78     5.9     2.0   -99.9  0.0500
'Wageningen'      20       4    1980 16310.0     0.9     9.1    0.73     5.1     7.4   -99.9  0.1850
'Wageningen'      21       4    1980 21590.0     0.5    10.8    0.75     3.2     0.3   -99.9  0.0075
'Wageningen'      22       4    1980  9590.0     0.0     8.5    0.70     1.7     0.0   -99.9  0.0000
'Wageningen'      23       4    1980 20970.0    -2.4    11.1    0.74     2.6     0.0   -99.9  0.0000
'Wageningen'      24       4    1980 13410.0     4.5    12.1    0.82     4.5     0.1   -99.9  0.0025
'Wageningen'      25       4    1980  3140.0     4.2     7.8    0.90     3.7     1.0   -99.9  0.0250
'Wageningen'      26       4    1980  8770.0     0.6    12.5    0.86     2.3     2.2   -99.9  0.0550
'Wageningen'      27       4    1980 18470.0    -0.8    14.1    0.85     2.2     0.0   -99.9  0.0000
'Wageningen'      28       4    1980  3670.0     2.5     9.1    0.84     2.9     0.0   -99.9  0.0000
'Wageningen'      29       4    1980  6290.0     2.8    10.1    0.90     2.1     1.3   -99.9  0.0325
'Wageningen'      30       4    1980 21050.0     4.4    18.5    0.90     2.9     0.0   -99.9  0.0000
'Wageningen'       1       5    1980 21320.0     7.9    19.5    0.87     5.1     0.0   -99.9  0.0000
'Wageningen'       2       5    1980 23450.0     6.8    14.9    0.81     5.6     0.0   -99.9  0.0000
'Wageningen'       3       5    1980 19790.0     3.7    13.9    0.58     5.1     0.0   -99.9  0.0000
'Wageningen'       4       5    1980 22270.0     2.9    14.1    0.50     4.1     0.0   -99.9  0.0000
'Wageningen'       5       5    1980 25890.0     3.7    13.1    0.51     3.9     0.0   -99.9  0.0000
'Wageningen'       6       5    1980 16960.0     3.2    16.7    0.67     2.5     0.0   -99.9  0.0000
'Wageningen'       7       5    1980 13630.0     4.7    13.1    0.95     2.6     2.9   -99.9  0.0725
'Wageningen'       8       5    1980  9570.0     1.4    10.0    0.77     2.3     0.0   -99.9  0.0000
'Wageningen'       9       5    1980 24860.0     0.9    14.9    0.63     2.7     0.0   -99.9  0.0000
'Wageningen'      10       5    1980 27740.0     2.9    17.9    0.60     2.9     0.0   -99.9  0.0000
'Wageningen'      11       5    1980 27010.0     1.9    21.0    0.64     3.6     0.0   -99.9  0.0000
'Wageningen'      12       5    1980 26270.0    10.1    23.6    0.74     4.1     0.0   -99.9  0.0000
'Wageningen'      13       5    1980 26910.0    10.4    21.1    0.58     4.9     0.0   -99.9  0.0000
'Wageningen'      14       5    1980 27670.0     9.3    20.1    0.52     4.9     0.0   -99.9  0.0000
'Wageningen'      15       5    1980 26560.0     5.6    19.3    0.64     3.7     0.0   -99.9  0.0000
'Wageningen'      16       5    1980 20890.0     2.0    18.4    0.75     2.2     0.0   -99.9  0.0000
'Wageningen'      17       5    1980 22330.0     2.9    20.5    0.86     2.1     0.0   -99.9  0.0000
'Wageningen'      18       5    1980 19980.0     7.4    22.9    0.94     2.2     0.0   -99.9  0.0000
'Wageningen'      19       5    1980 26010.0     4.7    24.6    0.97     1.8     0.0   -99.9  0.0000
'Wageningen'      20       5    1980 20040.0     5.6    24.2    1.02     1.8     0.5   -99.9  0.0125
'Wageningen'      21       5    1980 25670.0     8.0    22.6    0.99     3.0     0.0   -99.9  0.0000
'Wageningen'      22       5    1980 27780.0     5.5    15.1    0.57     4.0     0.0   -99.9  0.0000
'Wageningen'      23       5    1980 19430.0     0.8    14.1    0.82     2.6     0.0   -99.9  0.0000
'Wageningen'      24       5    1980  8330.0     8.7    13.2    1.07     2.4     0.4   -99.9  0.0100
'Wageningen'      25       5    1980 15800.0     6.4    15.7    1.03     2.1     0.1   -99.9  0.0025
'Wageningen'      26       5    1980 20400.0     5.8    18.8    0.99     1.4     0.0   -99.9  0.0000
'Wageningen'      27       5    1980 16710.0     6.7    20.7    1.14     1.8     0.0   -99.9  0.0000
'Wageningen'      28       5    1980 16230.0     6.8    19.6    1.16     1.3     0.0   -99.9  0.0000
'Wageningen'      29       5    1980 13260.0     5.3    17.8    1.12     2.1     3.3   -99.9  0.0825
'Wageningen'      30       5    1980 23100.0     3.8    15.7    0.82     3.4     0.0   -99.9  0.0000
'Wageningen'      31       5    1980 13360.0     4.0    17.2    0.93     2.1     2.1   -99.9  0.0525
'Wageningen'       1       6    1980 13190.0     5.5    18.6    0.98     1.9     0.1   -99.9  0.0025
'Wageningen'       2       6    1980 23240.0     4.2    19.5    0.99     3.1     0.0   -99.9  0.0000
'Wageningen'       3       6    1980  6280.0     7.1    18.6    1.47     2.3     0.0   -99.9  0.0000
'Wageningen'       4       6    1980 17370.0    13.0    23.5    1.47     1.4     0.0   -99.9  0.0000
'Wageningen'       5       6    1980 27980.0     7.1    27.0    1.27     1.1     0.0   -99.9  0.0000
'Wageningen'       6       6    1980 25940.0     9.2    27.2    1.37     2.1     0.0   -99.9  0.0000
'Wageningen'       7       6    1980  9700.0     7.7    17.8    1.31     2.1    19.5   -99.9  0.4875
'Wageningen'       8       6    1980 18850.0     5.4    19.5    1.19     1.5     0.0   -99.9  0.0000
'Wageningen'       9       6    1980 23650.0     9.4    24.1    1.20     2.5     1.2   -99.9  0.0300
'Wageningen'      10       6    1980  9490.0    14.2    20.0    1.58     1.3     0.3   -99.9  0.0075
'Wageningen'      11       6    1980 20530.0    12.1    22.3    1.50     2.6     0.0   -99.9  0.0000
'Wageningen'      12       6    1980 25840.0    10.8    23.5    1.31     2.0     0.0   -99.9  0.0000
'Wageningen'      13       6    1980 22140.0    16.5    26.9    1.57     2.6     0.0   -99.9  0.0000
'Wageningen'      14       6    1980 17070.0    15.4    28.4    1.65     3.7     0.6   -99.9  0.0150
'Wageningen'      15       6    1980 14850.0    12.8    20.8    1.37     2.8     1.0   -99.9  0.0250
'Wageningen'      16       6    1980  8700.0    11.5    19.8    1.45     2.8     6.1   -99.9  0.1525
'Wageningen'      17       6    1980 13830.0    11.1    19.3    1.25     2.6     3.4   -99.9  0.0850
'Wageningen'      18       6    1980 11470.0    10.3    18.2    1.30     2.4     1.4   -99.9  0.0350
'Wageningen'      19       6    1980  6670.0     9.2    17.7    1.29     3.7     1.2   -99.9  0.0300
'Wageningen'      20       6    1980 15210.0     9.5    16.3    1.06     5.3     3.9   -99.9  0.0975
'Wageningen'      21       6    1980 13690.0     9.8    17.1    1.13     3.7     1.8   -99.9  0.0450
'Wageningen'      22       6    1980 13980.0     9.3    15.9    1.15     2.3     6.1   -99.9  0.1525
'Wageningen'      23       6    1980 15430.0     9.6    17.2    1.13     3.3     2.0   -99.9  0.0500
'Wageningen'      24       6    1980 13550.0    10.0    15.8    1.22     3.1     3.2   -99.9  0.0800
'Wageningen'      25       6    1980 18920.0     7.9    17.8    1.14     2.8     1.1   -99.9  0.0275
'Wageningen'      26       6    1980 17200.0     4.0    17.7    1.12     1.7     0.1   -99.9  0.0025
'Wageningen'      27       6    1980 17350.0     7.3    16.7    1.08     2.6     5.5   -99.9  0.1375
'Wageningen'      28       6    1980  7990.0     8.6    13.6    1.22     2.5     2.6   -99.9  0.0650
'Wageningen'      29       6    1980 15730.0     9.5    16.4    1.15     4.4     1.6   -99.9  0.0400
'Wageningen'      30       6    1980 22120.0    11.2    17.7    1.24     4.2     3.5   -99.9  0.0875
'Wageningen'       1       7    1980 10650.0    11.0    18.3    1.35     2.3    16.7   -99.9  0.4175
'Wageningen'       2       7    1980 15420.0    12.3    18.8    1.42     3.5     2.3   -99.9  0.0575
'Wageningen'       3       7    1980 16520.0    12.2    18.4    1.31     2.8     0.0   -99.9  0.0000
'Wageningen'       4       7    1980  8780.0     8.3    16.1    1.41     1.8     0.5   -99.9  0.0125
'Wageningen'       5       7    1980 13290.0    10.6    17.9    1.27     3.1     0.0   -99.9  0.0000
'Wageningen'       6       7    1980 22190.0    11.2    20.9    1.26     1.8     6.6   -99.9  0.1650
'Wageningen'       7       7    1980 10070.0    14.3    18.0    1.48     3.5     2.8   -99.9  0.0700
'Wageningen'       8       7    1980  6350.0    12.6    16.4    1.53     2.3    11.5   -99.9  0.2875
'Wageningen'       9       7    1980  7790.0    11.8    16.0    1.55     3.3    11.4   -99.9  0.2850
'Wageningen'      10       7    1980  4280.0    12.9    16.5    1.60     3.0    30.9   -99.9  0.7725
'Wageningen'      11       7    1980  6180.0    11.8    14.0    1.33     2.9     0.1   -99.9  0.0025
'Wageningen'      12       7    1980 11940.0    10.8    16.2    1.26     3.8     3.8   -99.9  0.0950
'Wageningen'      13       7    1980 13480.0    10.5    16.8    1.28     2.6    10.8   -99.9  0.2700
'Wageningen'      14       7    1980 10170.0    11.2    18.0    1.50     3.7    10.0   -99.9  0.2500
'Wageningen'      15       7    1980 17350.0    10.8    17.7    1.22     3.0     0.0   -99.9  0.0000
'Wageningen'      16       7    1980 10310.0     7.3    15.0    1.13     3.8     0.8   -99.9  0.0200
'Wageningen'      17       7    1980 12630.0     7.2    16.4    1.18     2.2     0.0   -99.9  0.0000
'Wageningen'      18       7    1980  7530.0    12.7    17.3    1.41     4.0     0.1   -99.9  0.0025
'Wageningen'      19       7    1980  3890.0    14.0    16.5    1.60     4.4     8.7   -99.9  0.2175
'Wageningen'      20       7    1980  6550.0    12.0    17.6    1.49     2.8    24.8   -99.9  0.6200
'Wageningen'      21       7    1980  5400.0     7.7    14.5    1.23     4.6     1.8   -99.9  0.0450
'Wageningen'      22       7    1980 26150.0     7.1    20.0    1.12     1.5     0.0   -99.9  0.0000
'Wageningen'      23       7    1980 25920.0    12.2    23.9    1.30     2.3     0.0   -99.9  0.0000
'Wageningen'      24       7    1980 21410.0    10.9    22.8    1.55     1.5     0.0   -99.9  0.0000
'Wageningen'      25       7    1980 24140.0    11.2    26.9    1.63     2.5     0.0   -99.9  0.0000
'Wageningen'      26       7    1980 21530.0    17.0    29.1    1.82     2.9     0.0   -99.9  0.0000
'Wageningen'      27       7    1980 16670.0    14.1    24.8    1.74     1.4     0.0   -99.9  0.0000
'Wageningen'      28       7    1980 17000.0    14.2    24.5    1.93     1.8     0.0   -99.9  0.0000
'Wageningen'      29       7    1980 22820.0    17.0    26.5    1.96     3.2     0.0   -99.9  0.0000
'Wageningen'      30       7    1980  5560.0    13.4    20.4    1.70     2.7     2.1   -99.9  0.0525
'Wageningen'      31       7    1980 22900.0    12.5    23.9    1.46     1.3     0.0   -99.9  0.0000
'Wageningen'       1       8    1980 20440.0    16.0    25.7    1.47     2.2     0.1   -99.9  0.0025
'Wageningen'       2       8    1980 20730.0    12.6    28.3    1.80     1.5     0.0   -99.9  0.0000
'Wageningen'       3       8    1980 15070.0    15.6    28.8    2.00     2.9     0.7   -99.9  0.0175
'Wageningen'       4       8    1980 14800.0    13.7    23.5    1.67     3.0     1.8   -99.9  0.0450
'Wageningen'       5       8    1980 13930.0    17.5    21.1    1.55     5.2     0.8   -99.9  0.0200
'Wageningen'       6       8    1980 12960.0    15.8    21.4    1.56     4.4     0.0   -99.9  0.0000
'Wageningen'       7       8    1980 14550.0    14.2    23.0    1.77     2.1     0.0   -99.9  0.0000
'Wageningen'       8       8    1980 17990.0    11.2    21.9    1.60     2.2     0.6   -99.9  0.0150
'Wageningen'       9       8    1980 18140.0     6.8    20.0    1.24     1.0     0.0   -99.9  0.0000
'Wageningen'      10       8    1980 15630.0    10.6    21.1    1.39     1.2     0.0   -99.9  0.0000
'Wageningen'      11       8    1980 12640.0    14.3    23.9    1.64     2.5     7.2   -99.9  0.1800
'Wageningen'      12       8    1980 12380.0    15.1    18.0    1.47     3.6     6.2   -99.9  0.1550
'Wageningen'      13       8    1980 11640.0    12.8    18.9    1.51     2.6     0.0   -99.9  0.0000
'Wageningen'      14       8    1980  7240.0    16.0    21.3    1.87     2.1     0.1   -99.9  0.0025
'Wageningen'      15       8    1980 19890.0    15.1    26.5    1.70     2.7     0.3   -99.9  0.0075
'Wageningen'      16       8    1980  9280.0    15.5    22.7    1.93     1.9     0.0   -99.9  0.0000
'Wageningen'      17       8    1980 17050.0    16.4    23.3    1.79     1.4     0.0   -99.9  0.0000
'Wageningen'      18       8    1980 10450.0    14.4    22.5    1.73     1.5     0.2   -99.9  0.0050
'Wageningen'      19       8    1980 13720.0    13.2    21.0    1.49     2.1     0.0   -99.9  0.0000
'Wageningen'      20       8    1980 11150.0    13.8    22.5    1.66     5.4     0.0   -99.9  0.0000
'Wageningen'      21       8    1980 13640.0    12.9    19.4    1.39     5.8     3.6   -99.9  0.0900
'Wageningen'      22       8    1980 12290.0    11.1    16.9    1.20     4.0     2.8   -99.9  0.0700
'Wageningen'      23       8    1980 10730.0     9.4    15.1    1.11     3.0     0.4   -99.9  0.0100
'Wageningen'      24       8    1980  5790.0     7.0    13.8    1.13     2.0     0.5   -99.9  0.0125
'Wageningen'      25       8    1980 18950.0     3.0    18.6    0.98     1.0     0.0   -99.9  0.0000
'Wageningen'      26       8    1980 20870.0     4.3    22.2    1.02     1.9     0.0   -99.9  0.0000
'Wageningen'      27       8    1980 18190.0     6.4    24.0    1.41     0.8     0.0   -99.9  0.0000
'Wageningen'      28       8    1980  7040.0    10.5    18.8    1.60     2.0     0.0   -99.9  0.0000
'Wageningen'      29       8    1980  9280.0    14.6    21.7    1.68     2.6     3.5   -99.9  0.0875
'Wageningen'      30       8    1980  8200.0    13.3    18.4    1.56     4.2    15.9   -99.9  0.3975
'Wageningen'      31       8    1980  7790.0     9.2    17.3    1.42     2.8     1.7   -99.9  0.0425
'Wageningen'       1       9    1980 15720.0     7.0    19.1    1.19     0.9     0.1   -99.9  0.0025
'Wageningen'       2       9    1980 18600.0     6.6    20.4    1.22     1.6     0.0   -99.9  0.0000
'Wageningen'       3       9    1980 19120.0    10.5    22.3    1.32     1.6     0.0   -99.9  0.0000
'Wageningen'       4       9    1980  4050.0    11.5    17.6    1.39     1.3     0.0   -99.9  0.0000
'Wageningen'       5       9    1980  8240.0    11.5    18.6    1.48     1.8     0.1   -99.9  0.0025
'Wageningen'       6       9    1980 17080.0    11.7    20.7    1.38     2.8     0.0   -99.9  0.0000
'Wageningen'       7       9    1980 18110.0    11.4    22.9    1.33     2.5     0.0   -99.9  0.0000
'Wageningen'       8       9    1980 15120.0    12.9    21.9    1.52     2.3     1.4   -99.9  0.0350
'Wageningen'       9       9    1980 14240.0    10.4    17.3    1.24     2.8     3.1   -99.9  0.0775
'Wageningen'      10       9    1980  3970.0    10.6    16.5    1.36     4.4     2.1   -99.9  0.0525
'Wageningen'      11       9    1980 13040.0    12.4    18.5    1.36     4.0     2.5   -99.9  0.0625
'Wageningen'      12       9    1980  6270.0    13.5    18.6    1.44     4.6     0.6   -99.9  0.0150
'Wageningen'      13       9    1980 14220.0    11.7    16.9    1.23     5.2     4.7   -99.9  0.1175
'Wageningen'      14       9    1980  5750.0    12.4    17.4    1.45     4.2     7.1   -99.9  0.1775
'Wageningen'      15       9    1980  7530.0    11.9    18.2    1.52     1.9     0.0   -99.9  0.0000
'Wageningen'      16       9    1980 13570.0    10.5    20.2    1.45     1.9     0.0   -99.9  0.0000
'Wageningen'      17       9    1980 11080.0    12.2    18.4    1.41     3.1     4.4   -99.9  0.1100
'Wageningen'      18       9    1980 14620.0    11.8    19.7    1.32     2.0     0.0   -99.9  0.0000
'Wageningen'      19       9    1980 11510.0    13.7    24.9    1.74     1.9     0.0   -99.9  0.0000
'Wageningen'      20       9    1980 13440.0    15.8    24.9    1.82     2.0     0.0   -99.9  0.0000
'Wageningen'      21       9    1980  6110.0    16.7    21.5    1.75     1.8     0.0   -99.9  0.0000
'Wageningen'      22       9    1980  4990.0    12.8    20.7    1.71     1.4     0.1   -99.9  0.0025
'Wageningen'      23       9    1980 11400.0    10.2    20.5    1.47     1.2     0.0   -99.9  0.0000
'Wageningen'      24       9    1980  3110.0     8.4    17.5    1.44     1.2     0.6   -99.9  0.0150
'Wageningen'      25       9    1980  8220.0     5.1    18.2    1.18     0.5     0.0   -99.9  0.0000
'Wageningen'      26       9    1980 12310.0     4.8    17.7    1.16     1.3     0.0   -99.9  0.0000
'Wageningen'      27       9    1980  9470.0     9.7    18.2    1.32     1.6     0.1   -99.9  0.0025
'Wageningen'      28       9    1980 11860.0    10.0    22.7    1.58     1.5     0.0   -99.9  0.0000
'Wageningen'      29       9    1980  9960.0    10.9    18.8    1.51     1.1     0.0   -99.9  0.0000
'Wageningen'      30       9    1980 10050.0     8.4    17.7    1.28     2.0     0.5   -99.9  0.0125
'Wageningen'       1      10    1980 11150.0     5.0    16.7    1.17     2.2     0.2   -99.9  0.0050
'Wageningen'       2      10    1980  7770.0     3.8    16.2    1.04     1.9     0.0   -99.9  0.0000
'Wageningen'       3      10    1980 11420.0     2.1    15.7    0.96     1.3     0.0   -99.9  0.0000
'Wageningen'       4      10    1980  6320.0     3.7    15.3    1.04     1.9     0.4   -99.9  0.0100
'Wageningen'       5      10    1980  4870.0     4.0    14.6    0.99     1.7     0.0   -99.9  0.0000
'Wageningen'       6      10    1980  2820.0     9.4    13.9    1.22     3.8     5.4   -99.9  0.1350
'Wageningen'       7      10    1980  7300.0     7.5    14.3    1.08     5.4    21.0   -99.9  0.5250
'Wageningen'       8      10    1980  7240.0     5.5    12.3    0.95     4.1     0.3   -99.9  0.0075
'Wageningen'       9      10    1980  9430.0     4.2    12.5    0.90     2.9     1.1   -99.9  0.0275
'Wageningen'      10      10    1980 10350.0     5.9    12.3    0.85     2.9     0.0   -99.9  0.0000
'Wageningen'      11      10    1980  3650.0     6.1    10.3    0.78     4.3     0.0   -99.9  0.0000
'Wageningen'      12      10    1980  8120.0     0.6    12.8    0.87     1.8     0.0   -99.9  0.0000
'Wageningen'      13      10    1980  9820.0    -2.6    12.5    0.70     0.9     0.1   -99.9  0.0025
'Wageningen'      14      10    1980  7200.0    -1.0    12.3    0.81     0.8     0.1   -99.9  0.0025
'Wageningen'      15      10    1980  6220.0    -1.3    11.1    0.77     1.1     0.0   -99.9  0.0000
'Wageningen'      16      10    1980  3910.0    -0.2    14.2    1.10     3.5     4.2   -99.9  0.1050
'Wageningen'      17      10    1980  1920.0     9.1    12.7    1.19     3.8     0.6   -99.9  0.0150
'Wageningen'      18      10    1980  5480.0     3.8    10.8    0.91     4.1     0.8   -99.9  0.0200
'Wageningen'      19      10    1980  5430.0     1.7     9.3    0.80     4.0     7.4   -99.9  0.1850
'Wageningen'      20      10    1980  5480.0     0.6    10.1    0.80     1.9     0.2   -99.9  0.0050
'Wageningen'      21      10    1980  4760.0     7.3    11.8    1.03     2.8     0.0   -99.9  0.0000
'Wageningen'      22      10    1980  3090.0     5.8    13.7    1.05     3.0     0.9   -99.9  0.0225
'Wageningen'      23      10    1980  4870.0     9.3    13.0    1.15     5.1     9.7   -99.9  0.2425
'Wageningen'      24      10    1980  6160.0     7.1    11.7    1.00     4.7     0.4   -99.9  0.0100
'Wageningen'      25      10    1980  5140.0     2.2    10.8    0.87     2.8     2.7   -99.9  0.0675
'Wageningen'      26      10    1980  4240.0     2.8    10.8    0.94     2.8     1.3   -99.9  0.0325
'Wageningen'      27      10    1980  2340.0     9.2    16.6    1.43     5.2     1.3   -99.9  0.0325
'Wageningen'      28      10    1980  3440.0     9.6    17.2    1.41     4.8     5.5   -99.9  0.1375
'Wageningen'      29      10    1980  2470.0     7.1    11.7    1.03     6.3     3.6   -99.9  0.0900
'Wageningen'      30      10    1980  6810.0    -1.1     9.8    0.77     2.1     0.2   -99.9  0.0050
'Wageningen'      31      10    1980  6980.0    -3.3     8.1    0.66     2.3     0.0   -99.9  0.0000
'Wageningen'       1      11    1980  7050.0    -0.3     6.0    0.48     3.5     0.0   -99.9  0.0000
'Wageningen'       2      11    1980  7210.0    -4.2     1.5    0.38     3.5     0.0   -99.9  0.0000
'Wageningen'       3      11    1980  4990.0    -5.7    -2.0    0.37     3.4     0.0   -99.9  0.0000
'Wageningen'       4      11    1980  3350.0    -7.1     0.4    0.41     2.6     0.0   -99.9  0.0000
'Wageningen'       5      11    1980  5290.0    -4.6     1.2    0.41     4.7     0.0   -99.9  0.0000
'Wageningen'       6      11    1980  1160.0    -1.6     0.6    0.52     4.4     0.6   -99.9  0.0150
'Wageningen'       7      11    1980  2860.0    -0.5     0.8    0.61     2.0     3.3   -99.9  0.0825
'Wageningen'       8      11    1980  4310.0    -4.3     0.8    0.56     1.3     0.0   -99.9  0.0000
'Wageningen'       9      11    1980  4120.0    -6.4    -0.3    0.51     0.8     0.0   -99.9  0.0000
'Wageningen'      10      11    1980  3830.0    -3.8     3.0    0.63     1.2     0.0   -99.9  0.0000
'Wageningen'      11      11    1980  1900.0     2.1     5.8    0.73     3.8     2.6   -99.9  0.0650
'Wageningen'      12      11    1980  4520.0     0.1     7.8    0.70     2.5     0.6   -99.9  0.0150
'Wageningen'      13      11    1980  2530.0    -0.5     7.0    0.78     3.3     0.8   -99.9  0.0200
'Wageningen'      14      11    1980  1430.0     5.1     7.9    0.80     4.5     5.1   -99.9  0.1275
'Wageningen'      15      11    1980   400.0     5.6    14.3    1.12     6.0    13.1   -99.9  0.3275
'Wageningen'      16      11    1980  1160.0    10.9    13.9    1.29     5.5     3.1   -99.9  0.0775
'Wageningen'      17      11    1980  1450.0     9.5    14.3    1.23     5.1     1.1   -99.9  0.0275
'Wageningen'      18      11    1980  2820.0     5.9    12.7    0.81     7.2     0.1   -99.9  0.0025
'Wageningen'      19      11    1980  1810.0     3.2    10.7    0.92     3.3     2.2   -99.9  0.0550
'Wageningen'      20      11    1980  4100.0     8.3    12.3    1.05     3.4     0.0   -99.9  0.0000
'Wageningen'      21      11    1980  2690.0    10.5    13.2    1.12     4.6     0.0   -99.9  0.0000
'Wageningen'      22      11    1980   950.0    10.5    13.0    1.20     4.1     8.6   -99.9  0.2150
'Wageningen'      23      11    1980   570.0    11.7    14.0    1.27     4.2     0.4   -99.9  0.0100
'Wageningen'      24      11    1980  1400.0    11.4    14.4    1.32     3.8     0.3   -99.9  0.0075
'Wageningen'      25      11    1980  1790.0     6.0    12.1    0.98     3.1     0.9   -99.9  0.0225
'Wageningen'      26      11    1980  2380.0    -1.4     6.4    0.69     1.7     0.1   -99.9  0.0025
'Wageningen'      27      11    1980  1450.0    -0.5     4.7    0.67     3.3     2.2   -99.9  0.0550
'Wageningen'      28      11    1980  2370.0     1.0     3.6    0.66     3.6     7.3   -99.9  0.1825
'Wageningen'      29      11    1980  2640.0    -0.1     2.4    0.52     4.8     0.2   -99.9  0.0050
'Wageningen'      30      11    1980  3870.0    -6.5     0.0    0.39     3.2     0.0   -99.9  0.0000
'Wageningen'       1      12    1980  4460.0    -8.2     1.6    0.41     1.2     0.0   -99.9  0.0000
'Wageningen'       2      12    1980   420.0    -1.5     2.6    0.59     2.4     1.1   -99.9  0.0275
'Wageningen'       3      12    1980  3090.0    -1.1     2.7    0.58     2.5     0.7   -99.9  0.0175
'Wageningen'       4      12    1980  2690.0    -2.3     3.3    0.60     2.4     2.3   -99.9  0.0575
'Wageningen'       5      12    1980   370.0    -1.4     6.7    0.69     3.1     8.4   -99.9  0.2100
'Wageningen'       6      12    1980  2780.0    -4.2     3.0    0.52     2.8     2.8   -99.9  0.0700
'Wageningen'       7      12    1980  1790.0    -8.3    -0.3    0.46     1.5     0.5   -99.9  0.0125
'Wageningen'       8      12    1980  2920.0    -7.7     1.2    0.50     1.6     0.0   -99.9  0.0000
'Wageningen'       9      12    1980  1710.0    -3.4     1.5    0.38     4.6     0.0   -99.9  0.0000
'Wageningen'      10      12    1980  1370.0    -1.8     5.9    0.53     4.7     0.0   -99.9  0.0000
'Wageningen'      11      12    1980   190.0     5.0     7.8    0.89     5.6     2.1   -99.9  0.0525
'Wageningen'      12      12    1980   520.0     4.7     7.6    0.91     3.4     0.0   -99.9  0.0000
'Wageningen'      13      12    1980   490.0     5.3    10.8    0.88     5.7     0.6   -99.9  0.0150
'Wageningen'      14      12    1980   720.0     6.8    12.2    1.04     5.4     2.7   -99.9  0.0675
'Wageningen'      15      12    1980  2880.0     3.8     8.8    0.81     4.7     2.0   -99.9  0.0500
'Wageningen'      16      12    1980  3230.0     0.8     7.5    0.69     2.5     2.2   -99.9  0.0550
'Wageningen'      17      12    1980  1980.0     0.8     5.1    0.63     5.3    10.4   -99.9  0.2600
'Wageningen'      18      12    1980  1960.0     0.7     5.6    0.70     2.9     5.9   -99.9  0.1475
'Wageningen'      19      12    1980   900.0     0.0     2.4    0.59     3.5     0.3   -99.9  0.0075
'Wageningen'      20      12    1980   510.0    -0.4     3.6    0.61     3.8     2.7   -99.9  0.0675
'Wageningen'      21      12    1980   650.0     0.1     4.0    0.69     2.6     2.5   -99.9  0.0625
'Wageningen'      22      12    1980  1060.0     0.3     8.0    0.80     2.9     0.0   -99.9  0.0000
'Wageningen'      23      12    1980   480.0     7.7    11.1    1.10     5.1     2.4   -99.9  0.0600
'Wageningen'      24      12    1980  1120.0     8.4    12.0    1.02     5.1     0.0   -99.9  0.0000
'Wageningen'      25      12    1980  1420.0     2.8     9.8    0.86     4.6     3.9   -99.9  0.0975
'Wageningen'      26      12    1980  2530.0     0.8     5.7    0.64     3.8     0.0   -99.9  0.0000
'Wageningen'      27      12    1980  3220.0    -3.3     4.3    0.60     1.1     0.7   -99.9  0.0175
'Wageningen'      28      12    1980   870.0    -2.7     3.4    0.62     2.8     0.0   -99.9  0.0000
'Wageningen'      29      12    1980   350.0     3.3     7.2    0.87     3.5     0.0   -99.9  0.0000
'Wageningen'      30      12    1980   320.0     6.4     8.2    0.92     4.3     0.0   -99.9  0.0000
'Wageningen'      31      12    1980   570.0     5.7     8.6    0.82     7.2     2.0   -99.9  0.0500
