***************************************************************************
* File name: Wageningen.982
* Contents: SWAP - Meteorological data of Wageningen weather station                
***************************************************************************     
* Comment area:                                                                 
*                                                                               
*                                                                               
***************************************************************************     
    Station   DD MM YYYY     RAD   Tmin   Tmax    HUM   WIND   RAIN   ETref     
*             nr nr   nr   kJ/m2      C      C    kPa    m/s     mm      mm     
***************************************************************************     
 'Wageningen'  1  1 1982    860.    2.1    7.0   0.87    2.0    1.4   -99.9
 'Wageningen'  2  1 1982    680.    4.5   11.0   0.93    3.7    4.8   -99.9
 'Wageningen'  3  1 1982   2110.    6.4   11.6   1.07    3.5    0.6   -99.9
 'Wageningen'  4  1 1982    660.    7.4   11.4   1.02    5.2    2.2   -99.9
 'Wageningen'  5  1 1982    520.    0.2    9.8   1.00    4.8   14.3   -99.9
 'Wageningen'  6  1 1982   3370.   -7.0    0.1   0.36    2.9    0.0   -99.9
 'Wageningen'  7  1 1982   4570.   -8.5   -1.8   0.32    1.4    0.0   -99.9
 'Wageningen'  8  1 1982   2190.   -5.8   -3.6   0.25    4.1    0.0   -99.9
 'Wageningen'  9  1 1982   1500.  -11.2   -5.3   0.29    3.6    0.0   -99.9
 'Wageningen' 10  1 1982   3980.  -12.9   -3.9   0.23    2.0    0.0   -99.9
 'Wageningen' 11  1 1982   1640.  -10.0   -0.9   0.24    2.1    0.0   -99.9
 'Wageningen' 12  1 1982   5200.   -9.9    2.2   0.36    0.8    0.0   -99.9
 'Wageningen' 13  1 1982   4480.  -10.9    0.4   0.36    1.0    0.0   -99.9
 'Wageningen' 14  1 1982   4120.  -10.8    0.2   0.26    2.0    0.0   -99.9
 'Wageningen' 15  1 1982   3450.   -7.4    2.9   0.38    2.5    0.0   -99.9
 'Wageningen' 16  1 1982   3400.   -0.2    7.0   0.46    2.7    0.0   -99.9
 'Wageningen' 17  1 1982   3530.   -2.4    6.7   0.51    1.7    0.0   -99.9
 'Wageningen' 18  1 1982   3540.   -2.4    5.4   0.56    1.7    0.0   -99.9
 'Wageningen' 19  1 1982   3050.    0.2    5.5   0.60    1.8    0.0   -99.9
 'Wageningen' 20  1 1982   3940.    0.4    7.0   0.60    2.0    0.0   -99.9
 'Wageningen' 21  1 1982    880.   -0.1    3.6   0.68    1.6    0.6   -99.9
 'Wageningen' 22  1 1982    400.   -0.6    3.2   0.68    2.3    1.6   -99.9
 'Wageningen' 23  1 1982   1460.   -3.4    3.9   0.67    1.3    0.0   -99.9
 'Wageningen' 24  1 1982   1230.   -3.1    2.3   0.62    1.5    0.0   -99.9
 'Wageningen' 25  1 1982    410.    1.1    2.7   0.66    3.8    5.0   -99.9
 'Wageningen' 26  1 1982    900.    2.6    7.1   0.83    4.0   11.6   -99.9
 'Wageningen' 27  1 1982   1390.   -1.1    4.1   0.84    2.3    2.3   -99.9
 'Wageningen' 28  1 1982   1430.   -0.6    6.2   0.66    4.5    0.0   -99.9
 'Wageningen' 29  1 1982    710.    5.2   10.2   0.91    4.6    3.9   -99.9
 'Wageningen' 30  1 1982   1620.    7.1    9.9   0.96    6.2    4.5   -99.9
 'Wageningen' 31  1 1982   5130.   -2.8    8.0   0.72    2.1    1.3   -99.9
 'Wageningen'  1  2 1982   5510.   -3.3    5.5   0.56    2.3    0.0   -99.9
 'Wageningen'  2  2 1982   5650.   -0.8    5.3   0.53    3.4    0.0   -99.9
 'Wageningen'  3  2 1982   5720.   -1.0    3.5   0.48    4.2    0.0   -99.9
 'Wageningen'  4  2 1982   5060.   -0.2    6.4   0.56    2.8    0.0   -99.9
 'Wageningen'  5  2 1982   4920.    0.9    8.7   0.69    2.8    0.0   -99.9
 'Wageningen'  6  2 1982   1860.    4.5    9.0   0.92    2.5    4.2   -99.9
 'Wageningen'  7  2 1982    580.    4.8    6.8   0.90    2.6    3.0   -99.9
 'Wageningen'  8  2 1982   3510.    1.7    7.7   0.78    2.9    2.4   -99.9
 'Wageningen'  9  2 1982   2940.    3.8    9.6   0.82    2.7    0.0   -99.9
 'Wageningen' 10  2 1982   4000.    2.9    9.8   0.75    2.4    0.0   -99.9
 'Wageningen' 11  2 1982   5620.    3.3   12.5   0.84    2.8    0.5   -99.9
 'Wageningen' 12  2 1982   4590.    2.4    9.9   0.86    2.4    0.9   -99.9
 'Wageningen' 13  2 1982   6020.    4.9   11.9   0.84    3.0    1.7   -99.9
 'Wageningen' 14  2 1982   4900.   -0.9    9.0   0.80    1.4    1.7   -99.9
 'Wageningen' 15  2 1982   1640.    0.7    4.7   0.67    3.1    0.0   -99.9
 'Wageningen' 16  2 1982    610.    0.9    2.3   0.60    2.6    0.0   -99.9
 'Wageningen' 17  2 1982    880.    0.5    2.3   0.56    2.6    0.0   -99.9
 'Wageningen' 18  2 1982   4050.   -0.2    6.2   0.59    3.2    0.0   -99.9
 'Wageningen' 19  2 1982   3790.   -3.3    0.6   0.38    3.4    0.0   -99.9
 'Wageningen' 20  2 1982   8140.   -4.3    4.8   0.35    3.1    0.0   -99.9
 'Wageningen' 21  2 1982   8910.   -2.7    5.0   0.36    3.0    0.0   -99.9
 'Wageningen' 22  2 1982   8620.   -1.9    6.8   0.34    2.8    0.0   -99.9
 'Wageningen' 23  2 1982   6810.   -5.2    3.9   0.39    1.8    0.0   -99.9
 'Wageningen' 24  2 1982   1590.   -3.3   -0.8   0.49    1.3    0.0   -99.9
 'Wageningen' 25  2 1982   5680.   -5.8    2.5   0.44    1.6    0.0   -99.9
 'Wageningen' 26  2 1982   7690.   -8.7    4.9   0.40    1.9    0.0   -99.9
 'Wageningen' 27  2 1982   2630.   -0.8    6.0   0.60    2.6    0.7   -99.9
 'Wageningen' 28  2 1982   1020.    3.5   10.6   0.98    3.7    1.4   -99.9
 'Wageningen'  1  3 1982   4620.    4.9   12.9   0.94    7.3    4.4   -99.9
 'Wageningen'  2  3 1982   8550.    2.8    9.7   0.75    5.4    0.1   -99.9
 'Wageningen'  3  3 1982   1520.    6.2    9.4   0.91    6.7   21.0   -99.9
 'Wageningen'  4  3 1982   2350.    0.2    6.9   0.74    4.9    4.4   -99.9
 'Wageningen'  5  3 1982   8660.   -2.2    7.9   0.63    2.2    0.0   -99.9
 'Wageningen'  6  3 1982  10870.   -3.9    7.4   0.52    1.9    0.0   -99.9
 'Wageningen'  7  3 1982  11240.   -1.5    6.8   0.48    2.2    0.0   -99.9
 'Wageningen'  8  3 1982  10580.   -2.5    8.4   0.56    1.3    0.0   -99.9
 'Wageningen'  9  3 1982   6300.   -1.3    7.6   0.61    2.4    0.2   -99.9
 'Wageningen' 10  3 1982   1050.    2.6    8.6   0.55    6.4   12.8   -99.9
 'Wageningen' 11  3 1982   7150.    2.1    6.9   0.62    5.8    0.9   -99.9
 'Wageningen' 12  3 1982   2660.    1.9    8.1   0.68    4.9    5.7   -99.9
 'Wageningen' 13  3 1982   8240.    0.9    7.3   0.64    3.4    4.3   -99.9
 'Wageningen' 14  3 1982   4390.    1.5    9.0   0.77    3.9    0.1   -99.9
 'Wageningen' 15  3 1982  10590.    6.2   12.4   0.70    5.4    0.0   -99.9
 'Wageningen' 16  3 1982   9230.    2.7   10.3   0.69    5.4    6.5   -99.9
 'Wageningen' 17  3 1982   9700.    2.1    9.8   0.74    3.4    5.4   -99.9
 'Wageningen' 18  3 1982   8160.    1.6    9.2   0.75    2.6    2.7   -99.9
 'Wageningen' 19  3 1982   8730.    1.2    8.9   0.75    2.1    3.7   -99.9
 'Wageningen' 20  3 1982   8620.    3.0    9.7   0.68    3.3    0.1   -99.9
 'Wageningen' 21  3 1982   7940.   -0.9    7.0   0.60    1.0    0.0   -99.9
 'Wageningen' 22  3 1982   8870.    2.8    8.8   0.72    1.0    0.0   -99.9
 'Wageningen' 23  3 1982   8490.    0.7   10.1   0.75    1.8    0.0   -99.9
 'Wageningen' 24  3 1982   9650.   -0.2    9.7   0.74    0.9    0.0   -99.9
 'Wageningen' 25  3 1982  13650.   -1.3   12.3   0.66    1.0    0.1   -99.9
 'Wageningen' 26  3 1982  15070.   -1.9   16.0   0.70    1.3    0.0   -99.9
 'Wageningen' 27  3 1982  13700.    1.2   17.7   0.81    1.1    0.0   -99.9
 'Wageningen' 28  3 1982   6800.    2.7   11.2   0.89    1.9    0.0   -99.9
 'Wageningen' 29  3 1982   1430.    2.2    6.0   0.78    2.1    2.4   -99.9
 'Wageningen' 30  3 1982   3890.    1.4    6.0   0.68    3.5    0.0   -99.9
 'Wageningen' 31  3 1982  17450.    1.2   11.3   0.53    4.1    0.0   -99.9
 'Wageningen'  1  4 1982  14890.    2.5   15.2   0.73    2.4    0.0   -99.9
 'Wageningen'  2  4 1982  13140.    3.2   19.0   0.93    3.3    0.2   -99.9
 'Wageningen'  3  4 1982  14570.    3.7   13.4   0.87    2.7    0.0   -99.9
 'Wageningen'  4  4 1982  15290.    2.1   16.5   0.76    2.0    0.0   -99.9
 'Wageningen'  5  4 1982  14380.    7.9   19.4   0.81    2.5    0.0   -99.9
 'Wageningen'  6  4 1982   8260.    9.1   19.2   1.01    2.8    1.5   -99.9
 'Wageningen'  7  4 1982   3900.    9.1   15.3   1.17    5.1    4.1   -99.9
 'Wageningen'  8  4 1982   8370.    0.5   10.5   0.73    5.1    3.6   -99.9
 'Wageningen'  9  4 1982  10910.    0.4    6.5   0.59    3.9    0.5   -99.9
 'Wageningen' 10  4 1982   8910.    1.4    8.4   0.66    3.9    0.6   -99.9
 'Wageningen' 11  4 1982  10620.   -0.2    6.7   0.59    4.5    0.7   -99.9
 'Wageningen' 12  4 1982  13520.   -0.1    7.6   0.60    3.8    0.8   -99.9
 'Wageningen' 13  4 1982  14590.   -1.6    9.7   0.60    2.8    0.2   -99.9
 'Wageningen' 14  4 1982  20570.   -4.4   10.4   0.57    1.5    0.2   -99.9
 'Wageningen' 15  4 1982  19180.   -3.2   15.2   0.62    1.7    0.0   -99.9
 'Wageningen' 16  4 1982  14440.   -0.6   15.4   0.77    2.0    0.0   -99.9
 'Wageningen' 17  4 1982  20670.    1.9   11.4   0.72    3.5    0.0   -99.9
 'Wageningen' 18  4 1982  15860.    3.4   13.5   0.65    1.9    0.0   -99.9
 'Wageningen' 19  4 1982  21300.   -1.7   13.5   0.66    2.1    0.0   -99.9
 'Wageningen' 20  4 1982  18150.   -1.2   14.7   0.73    1.5    0.0   -99.9
 'Wageningen' 21  4 1982  16510.    2.8   12.4   0.77    2.1    0.0   -99.9
 'Wageningen' 22  4 1982  19760.   -1.1   15.1   0.77    1.3    0.0   -99.9
 'Wageningen' 23  4 1982  13590.   -0.2   15.2   0.79    2.5    0.7   -99.9
 'Wageningen' 24  4 1982  20070.    1.9   12.8   0.70    3.4    0.0   -99.9
 'Wageningen' 25  4 1982  21140.    1.8   14.2   0.80    2.6    0.0   -99.9
 'Wageningen' 26  4 1982  11320.    3.0   12.9   0.89    4.0    0.1   -99.9
 'Wageningen' 27  4 1982   8410.    4.0   12.0   0.85    3.2    0.0   -99.9
 'Wageningen' 28  4 1982  11600.    5.8   13.5   0.93    2.9    0.0   -99.9
 'Wageningen' 29  4 1982  11030.    0.4    9.9   0.75    4.3    0.9   -99.9
 'Wageningen' 30  4 1982   6350.   -0.9    9.0   0.77    4.1    4.1   -99.9
 'Wageningen'  1  5 1982   6420.    2.3   10.8   0.85    4.5    5.0   -99.9
 'Wageningen'  2  5 1982  14550.    2.2   10.6   0.65    4.5    0.1   -99.9
 'Wageningen'  3  5 1982   9420.    6.4   11.2   0.82    5.6    3.1   -99.9
 'Wageningen'  4  5 1982  15740.    3.5   12.1   0.79    3.9    1.1   -99.9
 'Wageningen'  5  5 1982   9910.    3.9   10.4   0.80    1.8    1.3   -99.9
 'Wageningen'  6  5 1982   6660.    4.3    9.4   0.88    2.0    7.1   -99.9
 'Wageningen'  7  5 1982  14500.    3.2   10.2   0.81    3.2    1.3   -99.9
 'Wageningen'  8  5 1982  17080.    0.5   11.4   0.80    2.8    0.0   -99.9
 'Wageningen'  9  5 1982  25390.   -0.6   14.6   0.73    2.0    0.0   -99.9
 'Wageningen' 10  5 1982  18430.    0.7   15.4   0.76    1.7    0.0   -99.9
 'Wageningen' 11  5 1982  19610.    2.3   16.5   0.80    1.5    0.0   -99.9
 'Wageningen' 12  5 1982  22640.    3.3   19.6   0.84    2.2    0.0   -99.9
 'Wageningen' 13  5 1982  25310.    1.9   20.6   0.72    2.2    0.0   -99.9
 'Wageningen' 14  5 1982  26000.    5.6   21.6   0.73    2.8    0.0   -99.9
 'Wageningen' 15  5 1982  23930.    5.7   25.3   1.08    2.3    0.0   -99.9
 'Wageningen' 16  5 1982  19330.   13.8   24.7   1.31    1.9    0.1   -99.9
 'Wageningen' 17  5 1982  19300.   12.7   23.0   1.44    1.5    0.0   -99.9
 'Wageningen' 18  5 1982  13140.    9.2   19.8   1.41    2.1    0.7   -99.9
 'Wageningen' 19  5 1982  20190.    8.4   19.7   1.21    2.0    0.7   -99.9
 'Wageningen' 20  5 1982   7370.   12.1   17.1   1.54    1.7    5.2   -99.9
 'Wageningen' 21  5 1982  13890.   11.9   18.9   1.44    1.6    0.0   -99.9
 'Wageningen' 22  5 1982   7220.   12.6   18.3   1.46    3.1    2.0   -99.9
 'Wageningen' 23  5 1982  10240.    9.0   16.0   1.18    3.0    2.8   -99.9
 'Wageningen' 24  5 1982  16090.    9.7   16.7   1.17    3.8    0.1   -99.9
 'Wageningen' 25  5 1982  15460.    8.6   20.1   1.23    2.6    0.0   -99.9
 'Wageningen' 26  5 1982  24940.    6.7   27.2   1.27    2.4    0.0   -99.9
 'Wageningen' 27  5 1982  16950.   11.8   25.5   1.53    3.1    3.3   -99.9
 'Wageningen' 28  5 1982  20580.    6.8   18.9   1.05    2.9    0.0   -99.9
 'Wageningen' 29  5 1982  20520.    4.5   20.2   1.02    1.8    0.0   -99.9
 'Wageningen' 30  5 1982  26850.    9.7   23.0   1.23    3.2    0.0   -99.9
 'Wageningen' 31  5 1982  26010.   13.2   26.6   1.56    2.4    0.0   -99.9
 'Wageningen'  1  6 1982  20950.   11.0   29.1   1.84    1.4   12.2   -99.9
 'Wageningen'  2  6 1982  20790.   13.5   28.2   1.95    1.5    2.1   -99.9
 'Wageningen'  3  6 1982  22070.   15.9   29.5   1.87    1.6    0.0   -99.9
 'Wageningen'  4  6 1982  14850.   14.4   26.3   1.86    1.4    0.2   -99.9
 'Wageningen'  5  6 1982  22580.   12.0   27.9   1.75    1.5    0.0   -99.9
 'Wageningen'  6  6 1982  14200.   16.2   26.0   1.89    1.2    0.3   -99.9
 'Wageningen'  7  6 1982  16600.   13.6   25.7   1.81    1.4    0.1   -99.9
 'Wageningen'  8  6 1982  23560.   12.6   23.3   1.57    2.0    0.0   -99.9
 'Wageningen'  9  6 1982  23750.    8.9   19.9   1.32    2.0    0.0   -99.9
 'Wageningen' 10  6 1982  24230.    5.4   21.7   1.15    2.4    0.0   -99.9
 'Wageningen' 11  6 1982   9010.   11.8   18.9   1.49    3.9    2.4   -99.9
 'Wageningen' 12  6 1982  13390.    9.7   17.3   1.19    3.8    4.2   -99.9
 'Wageningen' 13  6 1982   9270.    9.4   15.1   1.15    3.7    5.6   -99.9
 'Wageningen' 14  6 1982  13640.    7.1   14.8   0.97    3.5    0.0   -99.9
 'Wageningen' 15  6 1982  12970.    5.8   15.7   0.97    1.8    0.0   -99.9
 'Wageningen' 16  6 1982   6850.    6.1   14.7   1.17    1.5    6.3   -99.9
 'Wageningen' 17  6 1982  17350.    3.7   17.0   0.99    1.7    0.0   -99.9
 'Wageningen' 18  6 1982  12320.    8.3   19.3   1.25    2.9    2.5   -99.9
 'Wageningen' 19  6 1982   8740.   12.3   17.4   1.41    4.0   12.1   -99.9
 'Wageningen' 20  6 1982  13660.    8.7   18.0   1.24    1.9    0.0   -99.9
 'Wageningen' 21  6 1982  13410.    8.0   18.9   1.26    1.6    0.0   -99.9
 'Wageningen' 22  6 1982  11740.   13.9   20.5   1.63    2.8    2.1   -99.9
 'Wageningen' 23  6 1982  17580.   13.0   20.6   1.49    3.7    2.2   -99.9
 'Wageningen' 24  6 1982  11360.   10.2   19.4   1.48    3.3    1.7   -99.9
 'Wageningen' 25  6 1982  17530.    9.0   22.4   1.56    2.2    0.1   -99.9
 'Wageningen' 26  6 1982  19650.   12.4   21.9   1.68    3.1    0.2   -99.9
 'Wageningen' 27  6 1982  15140.   12.4   19.1   1.44    3.5    2.4   -99.9
 'Wageningen' 28  6 1982  13730.   11.6   19.4   1.35    3.9    2.4   -99.9
 'Wageningen' 29  6 1982  15020.   11.0   18.7   1.29    4.0    2.2   -99.9
 'Wageningen' 30  6 1982  22100.   10.2   19.4   1.20    3.7    0.0   -99.9
 'Wageningen'  1  7 1982  11350.   10.2   17.5   1.37    2.4    0.2   -99.9
 'Wageningen'  2  7 1982  23170.   14.4   26.1   1.66    2.8    0.2   -99.9
 'Wageningen'  3  7 1982   5140.   11.3   19.3   1.55    2.0    7.2   -99.9
 'Wageningen'  4  7 1982  16270.   10.6   18.5   1.21    4.6    0.2   -99.9
 'Wageningen'  5  7 1982  19020.   12.8   19.8   1.27    3.5    0.0   -99.9
 'Wageningen'  6  7 1982   9970.   11.5   19.9   1.43    2.3    0.1   -99.9
 'Wageningen'  7  7 1982  19710.    9.5   23.1   1.39    1.0    0.0   -99.9
 'Wageningen'  8  7 1982  24490.    9.3   25.6   1.44    1.2    0.0   -99.9
 'Wageningen'  9  7 1982  25700.   17.1   30.8   1.63    3.3    0.0   -99.9
 'Wageningen' 10  7 1982  11920.   15.7   22.3   1.69    2.5    0.0   -99.9
 'Wageningen' 11  7 1982  23630.   14.5   26.8   1.91    2.5    0.0   -99.9
 'Wageningen' 12  7 1982  24130.   16.6   28.3   1.77    2.5    0.0   -99.9
 'Wageningen' 13  7 1982  23220.   15.0   28.5   1.88    2.2    0.0   -99.9
 'Wageningen' 14  7 1982  18500.   17.0   29.9   1.82    2.8    0.3   -99.9
 'Wageningen' 15  7 1982  18540.   15.5   27.4   1.74    3.2    5.8   -99.9
 'Wageningen' 16  7 1982  18230.   10.3   21.0   1.36    2.4    0.0   -99.9
 'Wageningen' 17  7 1982  19350.    7.2   21.0   1.18    1.3    0.0   -99.9
 'Wageningen' 18  7 1982  25850.    7.2   22.8   1.13    1.9    0.0   -99.9
 'Wageningen' 19  7 1982  17310.   12.5   21.9   1.38    2.6    0.0   -99.9
 'Wageningen' 20  7 1982  20150.   12.2   25.3   1.47    2.7    0.0   -99.9
 'Wageningen' 21  7 1982  19320.   11.1   22.1   1.49    2.4    0.0   -99.9
 'Wageningen' 22  7 1982  19190.    7.9   21.4   1.31    1.9    0.0   -99.9
 'Wageningen' 23  7 1982  12750.   14.2   21.6   1.41    1.4    0.0   -99.9
 'Wageningen' 24  7 1982   9750.   14.1   19.3   1.44    1.8    0.1   -99.9
 'Wageningen' 25  7 1982  11600.   13.9   18.9   1.34    1.4    0.0   -99.9
 'Wageningen' 26  7 1982  13200.   11.0   19.8   1.24    2.0    0.0   -99.9
 'Wageningen' 27  7 1982  10910.   11.5   18.4   1.32    1.9    0.1   -99.9
 'Wageningen' 28  7 1982  16280.   13.5   23.0   1.41    2.3    2.4   -99.9
 'Wageningen' 29  7 1982  21470.   12.9   26.3   1.35    2.8    0.0   -99.9
 'Wageningen' 30  7 1982  19180.   14.7   28.7   1.25    3.0    0.0   -99.9
 'Wageningen' 31  7 1982  18420.   16.2   28.7   1.55    1.8    0.1   -99.9
 'Wageningen'  1  8 1982  15520.   15.4   24.2   1.83    1.8    0.0   -99.9
 'Wageningen'  2  8 1982  20870.   13.3   30.0   1.46    2.1    0.0   -99.9
 'Wageningen'  3  8 1982  20770.   15.7   30.1   1.32    1.9    0.0   -99.9
 'Wageningen'  4  8 1982  18490.   13.1   29.0   1.69    0.9    0.0   -99.9
 'Wageningen'  5  8 1982   4920.   16.1   19.8   1.86    1.3    0.5   -99.9
 'Wageningen'  6  8 1982  19040.   15.0   25.4   1.67    1.5    0.0   -99.9
 'Wageningen'  7  8 1982  16400.   13.6   23.7   1.74    2.0    0.0   -99.9
 'Wageningen'  8  8 1982  11150.   13.5   22.3   1.61    2.2    0.0   -99.9
 'Wageningen'  9  8 1982   8570.   12.0   21.4   1.53    2.6    1.5   -99.9
 'Wageningen' 10  8 1982  20290.    9.1   21.4   1.33    3.0    0.5   -99.9
 'Wageningen' 11  8 1982  19820.    7.8   23.6   1.54    1.8    0.0   -99.9
 'Wageningen' 12  8 1982  19080.   13.9   28.0   1.96    3.3    0.0   -99.9
 'Wageningen' 13  8 1982  11580.   12.8   19.6   1.59    4.1    5.4   -99.9
 'Wageningen' 14  8 1982  19870.   11.1   20.5   1.59    2.8    0.1   -99.9
 'Wageningen' 15  8 1982   8670.   13.0   20.6   1.57    3.0    7.7   -99.9
 'Wageningen' 16  8 1982  10350.   14.2   20.9   1.46    3.1    0.0   -99.9
 'Wageningen' 17  8 1982  11720.   13.8   21.0   1.43    3.4   10.2   -99.9
 'Wageningen' 18  8 1982   6270.   13.2   18.8   1.50    4.5   10.3   -99.9
 'Wageningen' 19  8 1982  17670.   11.5   19.0   1.12    4.1    0.0   -99.9
 'Wageningen' 20  8 1982  15900.   11.4   18.0   1.10    5.1    2.7   -99.9
 'Wageningen' 21  8 1982   7980.   12.4   16.9   1.23    4.3    0.2   -99.9
 'Wageningen' 22  8 1982   8600.   12.7   19.9   1.41    3.5    0.0   -99.9
 'Wageningen' 23  8 1982  11370.   12.8   18.8   1.35    3.1    1.8   -99.9
 'Wageningen' 24  8 1982  10510.   11.7   19.0   1.32    2.9    1.7   -99.9
 'Wageningen' 25  8 1982  10680.   10.7   18.2   1.35    1.7    1.5   -99.9
 'Wageningen' 26  8 1982   9540.   12.0   17.6   1.37    1.5    2.5   -99.9
 'Wageningen' 27  8 1982  12360.    8.8   18.0   1.26    2.4    2.9   -99.9
 'Wageningen' 28  8 1982  11550.    6.1   18.7   1.22    0.8    0.0   -99.9
 'Wageningen' 29  8 1982  17800.    4.7   20.5   1.11    2.0    0.1   -99.9
 'Wageningen' 30  8 1982  13720.   10.9   21.9   1.28    3.1    0.8   -99.9
 'Wageningen' 31  8 1982   8690.   11.3   17.4   1.35    2.1    1.6   -99.9
 'Wageningen'  1  9 1982   9690.    8.3   17.7   1.28    3.0    2.9   -99.9
 'Wageningen'  2  9 1982  17180.    7.3   18.6   1.22    2.0    2.8   -99.9
 'Wageningen'  3  9 1982  16710.    8.4   20.5   1.16    2.8    0.0   -99.9
 'Wageningen'  4  9 1982  17050.    7.2   21.2   1.23    2.2    0.0   -99.9
 'Wageningen'  5  9 1982  12060.    7.4   25.5   1.55    2.5    0.8   -99.9
 'Wageningen'  6  9 1982   4140.   14.7   19.3   1.84    2.1    0.9   -99.9
 'Wageningen'  7  9 1982   6720.   14.0   18.7   1.60    2.4    0.0   -99.9
 'Wageningen'  8  9 1982   9900.   13.9   19.1   1.46    2.9    0.0   -99.9
 'Wageningen'  9  9 1982  12880.    7.8   19.4   1.29    1.3    0.0   -99.9
 'Wageningen' 10  9 1982  14260.    7.0   25.3   1.53    1.8    0.0   -99.9
 'Wageningen' 11  9 1982  11210.    9.4   22.1   1.52    1.3    0.0   -99.9
 'Wageningen' 12  9 1982  12000.    8.7   22.2   1.54    1.6    0.0   -99.9
 'Wageningen' 13  9 1982  12610.    7.6   21.6   1.48    1.8    0.0   -99.9
 'Wageningen' 14  9 1982  13220.    5.2   21.8   1.21    0.8    0.0   -99.9
 'Wageningen' 15  9 1982  12550.    7.2   26.3   1.50    1.1    0.0   -99.9
 'Wageningen' 16  9 1982  11520.    8.8   23.9   1.49    0.9    0.0   -99.9
 'Wageningen' 17  9 1982  12130.    7.5   25.1   1.50    1.5    0.0   -99.9
 'Wageningen' 18  9 1982   5690.   11.0   20.8   1.65    1.0    0.0   -99.9
 'Wageningen' 19  9 1982  12030.   12.1   26.1   1.60    2.0    0.0   -99.9
 'Wageningen' 20  9 1982   8010.   15.3   23.4   1.76    3.5    3.2   -99.9
 'Wageningen' 21  9 1982   4400.    8.4   21.3   1.53    4.8    2.6   -99.9
 'Wageningen' 22  9 1982  14580.    4.8   16.4   0.94    1.9    0.0   -99.9
 'Wageningen' 23  9 1982  10100.    1.8   16.9   1.04    3.1    0.7   -99.9
 'Wageningen' 24  9 1982  10300.   11.8   19.4   1.25    3.5    0.0   -99.9
 'Wageningen' 25  9 1982   4330.   13.1   19.4   1.47    3.0   12.1   -99.9
 'Wageningen' 26  9 1982   3830.   13.0   17.1   1.51    3.4    0.7   -99.9
 'Wageningen' 27  9 1982  12340.   11.2   19.3   1.25    4.6    1.0   -99.9
 'Wageningen' 28  9 1982  11460.    9.8   18.3   1.20    2.6    0.0   -99.9
 'Wageningen' 29  9 1982  11090.   11.6   22.7   1.34    2.6    0.0   -99.9
 'Wageningen' 30  9 1982   2240.   11.3   15.7   1.45    1.5    3.9   -99.9
 'Wageningen'  1 10 1982   8570.    9.5   17.1   1.31    1.5    0.0   -99.9
 'Wageningen'  2 10 1982  10480.    7.6   19.2   1.30    1.8    0.0   -99.9
 'Wageningen'  3 10 1982   4960.    7.5   17.5   1.42    1.3    0.0   -99.9
 'Wageningen'  4 10 1982   7010.    8.8   16.4   1.32    2.2    0.0   -99.9
 'Wageningen'  5 10 1982   2400.    8.6   13.2   1.18    2.8    0.8   -99.9
 'Wageningen'  6 10 1982   6240.    4.0   15.6   1.15    1.5    0.0   -99.9
 'Wageningen'  7 10 1982   2200.    8.3   13.2   1.29    2.0   16.0   -99.9
 'Wageningen'  8 10 1982   3740.    9.4   14.6   1.23    2.4    4.8   -99.9
 'Wageningen'  9 10 1982   5150.   10.2   13.4   1.23    3.4    4.2   -99.9
 'Wageningen' 10 10 1982   4520.    9.7   13.4   1.17    3.2   14.3   -99.9
 'Wageningen' 11 10 1982   3360.    9.6   12.9   1.20    2.0    2.1   -99.9
 'Wageningen' 12 10 1982   4020.    8.5   13.6   1.20    2.4    2.3   -99.9
 'Wageningen' 13 10 1982   2760.    8.0   12.2   1.14    4.0    5.1   -99.9
 'Wageningen' 14 10 1982   3580.    9.2   13.3   1.14    4.2    5.4   -99.9
 'Wageningen' 15 10 1982   4090.    8.5   11.5   1.06    4.6   14.1   -99.9
 'Wageningen' 16 10 1982   7020.    5.2   12.7   0.95    3.2    0.1   -99.9
 'Wageningen' 17 10 1982   6520.    9.1   14.9   1.05    3.8    1.0   -99.9
 'Wageningen' 18 10 1982   6410.    9.5   16.7   1.23    3.4    6.8   -99.9
 'Wageningen' 19 10 1982   7320.    9.5   15.1   1.22    3.8    0.3   -99.9
 'Wageningen' 20 10 1982   6100.   10.0   15.6   1.11    4.3    0.0   -99.9
 'Wageningen' 21 10 1982   5480.   10.9   16.2   1.22    2.5    0.1   -99.9
 'Wageningen' 22 10 1982   6990.    8.1   18.9   1.33    2.4    0.0   -99.9
 'Wageningen' 23 10 1982   2990.    9.7   14.5   1.34    2.1    5.0   -99.9
 'Wageningen' 24 10 1982   7350.    5.3   13.3   0.95    2.0    0.5   -99.9
 'Wageningen' 25 10 1982   4130.    5.1   12.9   1.01    3.2    0.1   -99.9
 'Wageningen' 26 10 1982   2320.    9.2   13.7   1.25    3.0    0.0   -99.9
 'Wageningen' 27 10 1982   5190.    1.9   14.9   1.05    0.8    0.0   -99.9
 'Wageningen' 28 10 1982   4480.    1.6   15.4   1.12    1.4    0.0   -99.9
 'Wageningen' 29 10 1982   4880.    4.6   12.8   1.09    2.4    0.0   -99.9
 'Wageningen' 30 10 1982    620.    6.9    9.3   0.93    1.7    0.0   -99.9
 'Wageningen' 31 10 1982   3360.    6.6   10.4   0.93    2.7    0.0   -99.9
 'Wageningen'  1 11 1982   3690.   10.3   16.5   1.25    3.1    0.0   -99.9
 'Wageningen'  2 11 1982    750.   10.8   13.2   1.40    1.7    0.1   -99.9
 'Wageningen'  3 11 1982   2140.   12.0   14.4   1.41    1.1    0.0   -99.9
 'Wageningen'  4 11 1982    790.   10.5   12.8   1.26    1.7    0.1   -99.9
 'Wageningen'  5 11 1982   1420.    5.7   11.5   1.08    2.7    0.0   -99.9
 'Wageningen'  6 11 1982   5530.    2.4    9.9   0.67    4.6    0.0   -99.9
 'Wageningen'  7 11 1982   4730.    0.5    9.0   0.56    4.5    0.1   -99.9
 'Wageningen'  8 11 1982   2790.    6.9   16.1   1.03    5.2    3.1   -99.9
 'Wageningen'  9 11 1982   1680.   10.0   13.2   1.18    3.8    0.1   -99.9
 'Wageningen' 10 11 1982   2290.    9.2   11.7   1.15    4.6    0.2   -99.9
 'Wageningen' 11 11 1982   4230.    8.5   13.7   1.12    3.3    0.0   -99.9
 'Wageningen' 12 11 1982   3160.    7.9   14.4   1.07    5.4    6.9   -99.9
 'Wageningen' 13 11 1982   1580.    3.5    8.6   0.87    3.4    1.9   -99.9
 'Wageningen' 14 11 1982   4180.    2.4    7.5   0.76    3.7    2.9   -99.9
 'Wageningen' 15 11 1982   2770.   -0.6    6.5   0.73    1.4   13.5   -99.9
 'Wageningen' 16 11 1982    680.   -0.3    7.4   0.77    4.3    4.1   -99.9
 'Wageningen' 17 11 1982   2160.    2.2    8.4   0.82    4.9    9.7   -99.9
 'Wageningen' 18 11 1982    520.    6.7   11.7   1.14    6.3    8.2   -99.9
 'Wageningen' 19 11 1982   3650.    6.0   10.3   0.81    6.8    1.5   -99.9
 'Wageningen' 20 11 1982   3640.    5.6   10.4   0.86    4.8    0.4   -99.9
 'Wageningen' 21 11 1982   3090.    5.5    9.2   0.83    4.9    0.0   -99.9
 'Wageningen' 22 11 1982   1770.    3.8    8.7   0.88    4.4    7.1   -99.9
 'Wageningen' 23 11 1982   1060.    3.5   12.8   1.02    4.0    1.6   -99.9
 'Wageningen' 24 11 1982   1990.    5.1   13.7   0.89    6.0    0.3   -99.9
 'Wageningen' 25 11 1982    350.    6.0    8.7   0.89    5.8    0.7   -99.9
 'Wageningen' 26 11 1982   1630.    3.5    8.2   0.85    3.0    3.3   -99.9
 'Wageningen' 27 11 1982   2260.    3.4    7.4   0.81    1.8    0.0   -99.9
 'Wageningen' 28 11 1982   1260.    2.9    5.2   0.77    2.9    0.0   -99.9
 'Wageningen' 29 11 1982   1120.    2.4    4.4   0.76    1.7    0.0   -99.9
 'Wageningen' 30 11 1982   1400.    0.3    4.1   0.67    3.0    0.0   -99.9
 'Wageningen'  1 12 1982   3270.   -0.6    2.5   0.54    3.4    0.0   -99.9
 'Wageningen'  2 12 1982   1000.   -3.6    1.8   0.57    0.9    0.0   -99.9
 'Wageningen'  3 12 1982    370.    1.5    3.0   0.66    1.0    0.0   -99.9
 'Wageningen'  4 12 1982    220.    0.7    3.5   0.66    2.3    0.0   -99.9
 'Wageningen'  5 12 1982   2050.    1.6    6.4   0.70    3.9    3.7   -99.9
 'Wageningen'  6 12 1982   2090.   -0.7    6.4   0.77    1.0    1.3   -99.9
 'Wageningen'  7 12 1982   1080.    0.1   10.6   0.78    2.9    3.9   -99.9
 'Wageningen'  8 12 1982   2510.    3.6   11.6   0.82    4.0    1.0   -99.9
 'Wageningen'  9 12 1982    630.    3.1    9.2   0.84    5.6    6.2   -99.9
 'Wageningen' 10 12 1982   1070.    4.0   11.7   0.86    7.0    9.3   -99.9
 'Wageningen' 11 12 1982   1280.    1.8    6.0   0.74    5.5    7.7   -99.9
 'Wageningen' 12 12 1982   1490.    0.1    3.9   0.65    2.3    0.0   -99.9
 'Wageningen' 13 12 1982    830.   -3.9    0.4   0.53    1.7    0.0   -99.9
 'Wageningen' 14 12 1982    530.   -2.4    2.2   0.58    4.0    0.1   -99.9
 'Wageningen' 15 12 1982    220.    1.7   12.6   1.04    8.8    1.3   -99.9
 'Wageningen' 16 12 1982   1170.    2.9   11.8   0.70    6.7    5.3   -99.9
 'Wageningen' 17 12 1982    750.    0.2    3.5   0.62    2.5    2.3   -99.9
 'Wageningen' 18 12 1982   2430.   -0.6    2.9   0.62    2.0    0.4   -99.9
 'Wageningen' 19 12 1982   2460.   -1.0    6.6   0.60    6.7    2.7   -99.9
 'Wageningen' 20 12 1982   1190.    3.9    6.8   0.72    5.8    5.2   -99.9
 'Wageningen' 21 12 1982    820.    3.2    5.3   0.73    6.5    6.1   -99.9
 'Wageningen' 22 12 1982    920.   -2.9    3.7   0.66    1.8    1.3   -99.9
 'Wageningen' 23 12 1982   2790.   -3.5    2.3   0.59    1.4    0.0   -99.9
 'Wageningen' 24 12 1982    600.   -1.3    2.6   0.57    4.5    0.0   -99.9
 'Wageningen' 25 12 1982    630.    2.5    5.8   0.82    2.2    0.0   -99.9
 'Wageningen' 26 12 1982    530.    5.8    8.7   0.99    3.8    0.0   -99.9
 'Wageningen' 27 12 1982   1910.    4.0    9.3   0.91    5.4    0.1   -99.9
 'Wageningen' 28 12 1982   1480.    1.4    6.7   0.71    4.1    1.4   -99.9
 'Wageningen' 29 12 1982   2690.   -3.3    3.2   0.64    1.2    0.0   -99.9
 'Wageningen' 30 12 1982   2060.   -1.9    4.1   0.65    2.0    0.0   -99.9
 'Wageningen' 31 12 1982   1310.   -1.6    1.1   0.53    2.9    0.0   -99.9
