************************************************************************      
* Filename: Maarh.001
* Contents: SWAP 2.0 - meteo-data of 'Maarheeze' weather      
********************************************************************************
********************************************************************************
 Station  DD MM YYYY Rad     TMin  TMax  Hum   Wind  Rain  ETref
*         nr nr nr   kJ/m2   C     C     kPa   m/s   mm    mm   
********************************************************************************
'maarheze'  1  1 2001   999.   999.   999.   999.   999.   4.5    0.1
'maarheze'  2  1 2001   999.   999.   999.   999.   999.   4.5    0.3
'maarheze'  3  1 2001   999.   999.   999.   999.   999.   1.0    0.4
'maarheze'  4  1 2001   999.   999.   999.   999.   999.   3.4    0.1
'maarheze'  5  1 2001   999.   999.   999.   999.   999.   6.4    0.1
'maarheze'  6  1 2001   999.   999.   999.   999.   999.  12.7    0.2
'maarheze'  7  1 2001   999.   999.   999.   999.   999.   0.2    0.1
'maarheze'  8  1 2001   999.   999.   999.   999.   999.   0.2    0.3
'maarheze'  9  1 2001   999.   999.   999.   999.   999.   1.1    0.2
'maarheze' 10  1 2001   999.   999.   999.   999.   999.   0.0    0.2
'maarheze' 11  1 2001   999.   999.   999.   999.   999.   7.7    0.2
'maarheze' 12  1 2001   999.   999.   999.   999.   999.   0.0    0.5
'maarheze' 13  1 2001   999.   999.   999.   999.   999.   0.0    0.6
'maarheze' 14  1 2001   999.   999.   999.   999.   999.   0.0    0.3
'maarheze' 15  1 2001   999.   999.   999.   999.   999.   0.0    0.5
'maarheze' 16  1 2001   999.   999.   999.   999.   999.   0.0    0.5
'maarheze' 17  1 2001   999.   999.   999.   999.   999.   0.0    0.4
'maarheze' 18  1 2001   999.   999.   999.   999.   999.   0.0    0.1
'maarheze' 19  1 2001   999.   999.   999.   999.   999.   0.0    0.2
'maarheze' 20  1 2001   999.   999.   999.   999.   999.   0.1    0.1
'maarheze' 21  1 2001   999.   999.   999.   999.   999.   1.6    0.5
'maarheze' 22  1 2001   999.   999.   999.   999.   999.  15.4    0.2
'maarheze' 23  1 2001   999.   999.   999.   999.   999.   3.6    0.4
'maarheze' 24  1 2001   999.   999.   999.   999.   999.   2.7    0.3
'maarheze' 25  1 2001   999.   999.   999.   999.   999.   0.3    0.2
'maarheze' 26  1 2001   999.   999.   999.   999.   999.   2.5    0.3
'maarheze' 27  1 2001   999.   999.   999.   999.   999.   9.9    0.2
'maarheze' 28  1 2001   999.   999.   999.   999.   999.   5.0    0.6
'maarheze' 29  1 2001   999.   999.   999.   999.   999.   0.5    0.4
'maarheze' 30  1 2001   999.   999.   999.   999.   999.   0.0    0.3
'maarheze' 31  1 2001   999.   999.   999.   999.   999.   0.0    0.4
'maarheze'  1  2 2001   999.   999.   999.   999.   999.   0.0    0.2
'maarheze'  2  2 2001   999.   999.   999.   999.   999.   1.0    0.1
'maarheze'  3  2 2001   999.   999.   999.   999.   999.   9.8    0.2
'maarheze'  4  2 2001   999.   999.   999.   999.   999.   4.6    0.2
'maarheze'  5  2 2001   999.   999.   999.   999.   999.  10.3    0.3
'maarheze'  6  2 2001   999.   999.   999.   999.   999.   3.5    0.3
'maarheze'  7  2 2001   999.   999.   999.   999.   999.   1.5    0.7
'maarheze'  8  2 2001   999.   999.   999.   999.   999.   4.1    0.7
'maarheze'  9  2 2001   999.   999.   999.   999.   999.   3.8    0.8
'maarheze' 10  2 2001   999.   999.   999.   999.   999.   0.0    0.8
'maarheze' 11  2 2001   999.   999.   999.   999.   999.   1.0    0.4
'maarheze' 12  2 2001   999.   999.   999.   999.   999.   0.0    0.5
'maarheze' 13  2 2001   999.   999.   999.   999.   999.   3.1    0.7
'maarheze' 14  2 2001   999.   999.   999.   999.   999.   0.3    8.0
'maarheze' 15  2 2001   999.   999.   999.   999.   999.   0.0    1.1
'maarheze' 16  2 2001   999.   999.   999.   999.   999.   0.0    0.2
'maarheze' 17  2 2001   999.   999.   999.   999.   999.   2.2    0.3
'maarheze' 18  2 2001   999.   999.   999.   999.   999.   0.0    0.5
'maarheze' 19  2 2001   999.   999.   999.   999.   999.   0.0    0.5
'maarheze' 20  2 2001   999.   999.   999.   999.   999.   0.8    0.7
'maarheze' 21  2 2001   999.   999.   999.   999.   999.   0.0    0.2
'maarheze' 22  2 2001   999.   999.   999.   999.   999.   3.4    0.6
'maarheze' 23  2 2001   999.   999.   999.   999.   999.   7.7    0.8
'maarheze' 24  2 2001   999.   999.   999.   999.   999.   2.8    1.2
'maarheze' 25  2 2001   999.   999.   999.   999.   999.   0.0    1.0
'maarheze' 26  2 2001   999.   999.   999.   999.   999.   4.8    1.0
'maarheze' 27  2 2001   999.   999.   999.   999.   999.   0.0    0.8
'maarheze' 28  2 2001   999.   999.   999.   999.   999.   0.0    1.0
'maarheze'  1  3 2001   999.   999.   999.   999.   999.   0.0    0.5
'maarheze'  2  3 2001   999.   999.   999.   999.   999.   0.6    0.5
'maarheze'  3  3 2001   999.   999.   999.   999.   999.   0.0    0.3
'maarheze'  4  3 2001   999.   999.   999.   999.   999.   1.0    0.3
'maarheze'  5  3 2001   999.   999.   999.   999.   999.   0.0    0.5
'maarheze'  6  3 2001   999.   999.   999.   999.   999.   0.0    1.6
'maarheze'  7  3 2001   999.   999.   999.   999.   999.   4.9    1.0
'maarheze'  8  3 2001   999.   999.   999.   999.   999.   0.6    0.3
'maarheze'  9  3 2001   999.   999.   999.   999.   999.   1.5    0.6
'maarheze' 10  3 2001   999.   999.   999.   999.   999.   2.5    0.4
'maarheze' 11  3 2001   999.   999.   999.   999.   999.   3.0    0.6
'maarheze' 12  3 2001   999.   999.   999.   999.   999.   1.5    1.3
'maarheze' 13  3 2001   999.   999.   999.   999.   999.   3.5    0.5
'maarheze' 14  3 2001   999.   999.   999.   999.   999.   3.5    1.1
'maarheze' 15  3 2001   999.   999.   999.   999.   999.   1.8    1.1
'maarheze' 16  3 2001   999.   999.   999.   999.   999.   0.6    0.7
'maarheze' 17  3 2001   999.   999.   999.   999.   999.   0.1    0.4
'maarheze' 18  3 2001   999.   999.   999.   999.   999.   6.6    0.3
'maarheze' 19  3 2001   999.   999.   999.   999.   999.  16.2    1.1
'maarheze' 20  3 2001   999.   999.   999.   999.   999.   0.2    1.1
'maarheze' 21  3 2001   999.   999.   999.   999.   999.   1.0    0.2
'maarheze' 22  3 2001   999.   999.   999.   999.   999.   5.6    0.4
'maarheze' 23  3 2001   999.   999.   999.   999.   999.   2.4    0.4
'maarheze' 24  3 2001   999.   999.   999.   999.   999.  15.3    0.8
'maarheze' 25  3 2001   999.   999.   999.   999.   999.   4.6    0.2
'maarheze' 26  3 2001   999.   999.   999.   999.   999.   0.2    0.6
'maarheze' 27  3 2001   999.   999.   999.   999.   999.   0.0    0.8
'maarheze' 28  3 2001   999.   999.   999.   999.   999.   0.2    1.2
'maarheze' 29  3 2001   999.   999.   999.   999.   999.  10.1    0.8
'maarheze' 30  3 2001   999.   999.   999.   999.   999.   5.6    1.1
'maarheze' 31  3 2001   999.   999.   999.   999.   999.   0.2    1.4
'maarheze'  1  4 2001   999.   999.   999.   999.   999.   0.1    2.1
'maarheze'  2  4 2001   999.   999.   999.   999.   999.   0.0    3.1
'maarheze'  3  4 2001   999.   999.   999.   999.   999.   0.0    1.7
'maarheze'  4  4 2001   999.   999.   999.   999.   999.   0.0    1.1
'maarheze'  5  4 2001   999.   999.   999.   999.   999.   4.0    1.8
'maarheze'  6  4 2001   999.   999.   999.   999.   999.   3.8    1.1
'maarheze'  7  4 2001   999.   999.   999.   999.   999.   6.1    2.2
'maarheze'  8  4 2001   999.   999.   999.   999.   999.   5.3    1.5
'maarheze'  9  4 2001   999.   999.   999.   999.   999.   3.4    0.7
'maarheze' 10  4 2001   999.   999.   999.   999.   999.   2.4    1.5
'maarheze' 11  4 2001   999.   999.   999.   999.   999.   3.9    0.6
'maarheze' 12  4 2001   999.   999.   999.   999.   999.   0.4    1.6
'maarheze' 13  4 2001   999.   999.   999.   999.   999.   0.8    1.3
'maarheze' 14  4 2001   999.   999.   999.   999.   999.   0.0    1.5
'maarheze' 15  4 2001   999.   999.   999.   999.   999.  11.2    1.3
'maarheze' 16  4 2001   999.   999.   999.   999.   999.   1.4    1.6
'maarheze' 17  4 2001   999.   999.   999.   999.   999.   2.1    1.2
'maarheze' 18  4 2001   999.   999.   999.   999.   999.   1.8    2.1
'maarheze' 19  4 2001   999.   999.   999.   999.   999.   1.6    1.8
'maarheze' 20  4 2001   999.   999.   999.   999.   999.   3.0    1.3
'maarheze' 21  4 2001   999.   999.   999.   999.   999.   1.8    2.4
'maarheze' 22  4 2001   999.   999.   999.   999.   999.   0.0    2.1
'maarheze' 23  4 2001   999.   999.   999.   999.   999.   0.0    1.5
'maarheze' 24  4 2001   999.   999.   999.   999.   999.   0.0    2.1
'maarheze' 25  4 2001   999.   999.   999.   999.   999.   8.4    1.6
'maarheze' 26  4 2001   999.   999.   999.   999.   999.   1.1    1.7
'maarheze' 27  4 2001   999.   999.   999.   999.   999.   9.1    1.1
'maarheze' 28  4 2001   999.   999.   999.   999.   999.   1.0    2.0
'maarheze' 29  4 2001   999.   999.   999.   999.   999.   2.2    2.9
'maarheze' 30  4 2001   999.   999.   999.   999.   999.   0.7    2.3
'maarheze'  1  5 2001   999.   999.   999.   999.   999.   0.0    1.1
'maarheze'  2  5 2001   999.   999.   999.   999.   999.   0.0    3.2
'maarheze'  3  5 2001   999.   999.   999.   999.   999.   2.2    2.3
'maarheze'  4  5 2001   999.   999.   999.   999.   999.   1.1    0.6
'maarheze'  5  5 2001   999.   999.   999.   999.   999.   0.0    3.1
'maarheze'  6  5 2001   999.   999.   999.   999.   999.   0.0    3.0
'maarheze'  7  5 2001   999.   999.   999.   999.   999.   1.2    3.6
'maarheze'  8  5 2001   999.   999.   999.   999.   999.   0.0    2.9
'maarheze'  9  5 2001   999.   999.   999.   999.   999.   0.0    3.9
'maarheze' 10  5 2001   999.   999.   999.   999.   999.   0.0    4.7
'maarheze' 11  5 2001   999.   999.   999.   999.   999.   0.0    4.7
'maarheze' 12  5 2001   999.   999.   999.   999.   999.   0.0    4.6
'maarheze' 13  5 2001   999.   999.   999.   999.   999.   0.0    4.4
'maarheze' 14  5 2001   999.   999.   999.   999.   999.   0.0    2.6
'maarheze' 15  5 2001   999.   999.   999.   999.   999.   4.9    3.6
'maarheze' 16  5 2001   999.   999.   999.   999.   999.   0.3    2.5
'maarheze' 17  5 2001   999.   999.   999.   999.   999.   0.8    3.2
'maarheze' 18  5 2001   999.   999.   999.   999.   999.   0.2    1.1
'maarheze' 19  5 2001   999.   999.   999.   999.   999.   1.6    3.4
'maarheze' 20  5 2001   999.   999.   999.   999.   999.   0.0    4.0
'maarheze' 21  5 2001   999.   999.   999.   999.   999.   0.0    4.4
'maarheze' 22  5 2001   999.   999.   999.   999.   999.   0.0    4.7
'maarheze' 23  5 2001   999.   999.   999.   999.   999.   0.0    4.8
'maarheze' 24  5 2001   999.   999.   999.   999.   999.   0.0    4.9
'maarheze' 25  5 2001   999.   999.   999.   999.   999.   0.0    4.9
'maarheze' 26  5 2001   999.   999.   999.   999.   999.   0.0    3.9
'maarheze' 27  5 2001   999.   999.   999.   999.   999.   0.0    2.4
'maarheze' 28  5 2001   999.   999.   999.   999.   999.   0.0    2.0
'maarheze' 29  5 2001   999.   999.   999.   999.   999.   0.0    4.8
'maarheze' 30  5 2001   999.   999.   999.   999.   999.   0.0    3.0
'maarheze' 31  5 2001   999.   999.   999.   999.   999.   0.0    3.4
'maarheze'  1  6 2001   999.   999.   999.   999.   999.   0.8    2.6
'maarheze'  2  6 2001   999.   999.   999.   999.   999.   7.2    1.5
'maarheze'  3  6 2001   999.   999.   999.   999.   999.   3.7    2.6
'maarheze'  4  6 2001   999.   999.   999.   999.   999.   0.4    1.8
'maarheze'  5  6 2001   999.   999.   999.   999.   999.   0.0    4.0
'maarheze'  6  6 2001   999.   999.   999.   999.   999.   1.1    2.6
'maarheze'  7  6 2001   999.   999.   999.   999.   999.   0.1    1.6
'maarheze'  8  6 2001   999.   999.   999.   999.   999.   2.9    2.8
'maarheze'  9  6 2001   999.   999.   999.   999.   999.   0.0    3.3
'maarheze' 10  6 2001   999.   999.   999.   999.   999.   0.0    2.5
'maarheze' 11  6 2001   999.   999.   999.   999.   999.   1.5    3.7
'maarheze' 12  6 2001   999.   999.   999.   999.   999.   0.6    2.6
'maarheze' 13  6 2001   999.   999.   999.   999.   999.   0.0    3.0
'maarheze' 14  6 2001   999.   999.   999.   999.   999.   0.0    4.7
'maarheze' 15  6 2001   999.   999.   999.   999.   999.   0.0    3.0
'maarheze' 16  6 2001   999.   999.   999.   999.   999.   0.5    2.8
'maarheze' 17  6 2001   999.   999.   999.   999.   999.   6.2    1.6
'maarheze' 18  6 2001   999.   999.   999.   999.   999.   5.4    1.5
'maarheze' 19  6 2001   999.   999.   999.   999.   999.   0.0    4.0
'maarheze' 20  6 2001   999.   999.   999.   999.   999.   0.0    4.5
'maarheze' 21  6 2001   999.   999.   999.   999.   999.   0.0    3.8
'maarheze' 22  6 2001   999.   999.   999.   999.   999.   0.0    2.6
'maarheze' 23  6 2001   999.   999.   999.   999.   999.   0.0    3.4
'maarheze' 24  6 2001   999.   999.   999.   999.   999.   0.0    4.0
'maarheze' 25  6 2001   999.   999.   999.   999.   999.   0.0    5.3
'maarheze' 26  6 2001   999.   999.   999.   999.   999.   0.0    5.4
'maarheze' 27  6 2001   999.   999.   999.   999.   999.   5.0    2.6
'maarheze' 28  6 2001   999.   999.   999.   999.   999.   0.0    4.0
'maarheze' 29  6 2001   999.   999.   999.   999.   999.   0.0    3.2
'maarheze' 30  6 2001   999.   999.   999.   999.   999.   0.0    2.9
'maarheze'  1  7 2001   999.   999.   999.   999.   999.   0.0    4.4
'maarheze'  2  7 2001   999.   999.   999.   999.   999.   0.0    2.1
'maarheze'  3  7 2001   999.   999.   999.   999.   999.   0.0    5.3
'maarheze'  4  7 2001   999.   999.   999.   999.   999.   0.0    5.7
'maarheze'  5  7 2001   999.   999.   999.   999.   999.   0.0    5.2
'maarheze'  6  7 2001   999.   999.   999.   999.   999.   0.0    4.0
'maarheze'  7  7 2001   999.   999.   999.   999.   999.   1.4    2.9
'maarheze'  8  7 2001   999.   999.   999.   999.   999.   1.5    0.6
'maarheze'  9  7 2001   999.   999.   999.   999.   999.   3.0    1.7
'maarheze' 10  7 2001   999.   999.   999.   999.   999.   0.0    2.8
'maarheze' 11  7 2001   999.   999.   999.   999.   999.   4.0    3.3
'maarheze' 12  7 2001   999.   999.   999.   999.   999.   2.4    2.7
'maarheze' 13  7 2001   999.   999.   999.   999.   999.   0.0    4.2
'maarheze' 14  7 2001   999.   999.   999.   999.   999.   0.0    0.8
'maarheze' 15  7 2001   999.   999.   999.   999.   999.   9.6    3.5
'maarheze' 16  7 2001   999.   999.   999.   999.   999.   0.0    4.2
'maarheze' 17  7 2001   999.   999.   999.   999.   999.   0.0    3.7
'maarheze' 18  7 2001   999.   999.   999.   999.   999.  10.4    1.9
'maarheze' 19  7 2001   999.   999.   999.   999.   999.   5.0    2.0
'maarheze' 20  7 2001   999.   999.   999.   999.   999.   3.0    1.7
'maarheze' 21  7 2001   999.   999.   999.   999.   999.   7.7    1.9
'maarheze' 22  7 2001   999.   999.   999.   999.   999.   0.7    3.4
'maarheze' 23  7 2001   999.   999.   999.   999.   999.   0.1    2.1
'maarheze' 24  7 2001   999.   999.   999.   999.   999.   5.0    4.7
'maarheze' 25  7 2001   999.   999.   999.   999.   999.   0.0    4.6
'maarheze' 26  7 2001   999.   999.   999.   999.   999.   0.0    4.6
'maarheze' 27  7 2001   999.   999.   999.   999.   999.   0.0    4.3
'maarheze' 28  7 2001   999.   999.   999.   999.   999.   0.5    4.3
'maarheze' 29  7 2001   999.   999.   999.   999.   999.   0.0    4.4
'maarheze' 30  7 2001   999.   999.   999.   999.   999.   0.0    4.2
'maarheze' 31  7 2001   999.   999.   999.   999.   999.   0.0    3.7
'maarheze'  1  8 2001   999.   999.   999.   999.   999.   0.0    3.3
'maarheze'  2  8 2001   999.   999.   999.   999.   999.   0.0    2.8
'maarheze'  3  8 2001   999.   999.   999.   999.   999.  11.2    1.9
'maarheze'  4  8 2001   999.   999.   999.   999.   999.   1.8    3.0
'maarheze'  5  8 2001   999.   999.   999.   999.   999.   0.4    2.9
'maarheze'  6  8 2001   999.   999.   999.   999.   999.   3.0    2.0
'maarheze'  7  8 2001   999.   999.   999.   999.   999.   1.0    1.9
'maarheze'  8  8 2001   999.   999.   999.   999.   999.   8.2    2.8
'maarheze'  9  8 2001   999.   999.   999.   999.   999.   2.8    2.4
'maarheze' 10  8 2001   999.   999.   999.   999.   999.   6.0    2.6
'maarheze' 11  8 2001   999.   999.   999.   999.   999.   2.3    3.4
'maarheze' 12  8 2001   999.   999.   999.   999.   999.   0.0    1.8
'maarheze' 13  8 2001   999.   999.   999.   999.   999.   0.0    1.3
'maarheze' 14  8 2001   999.   999.   999.   999.   999.   0.0    4.4
'maarheze' 15  8 2001   999.   999.   999.   999.   999.   0.0    4.1
'maarheze' 16  8 2001   999.   999.   999.   999.   999.  20.0    2.1
'maarheze' 17  8 2001   999.   999.   999.   999.   999.   0.9    4.1
'maarheze' 18  8 2001   999.   999.   999.   999.   999.   3.6    3.6
'maarheze' 19  8 2001   999.   999.   999.   999.   999.   0.4    2.9
'maarheze' 20  8 2001   999.   999.   999.   999.   999.   0.0    2.4
'maarheze' 21  8 2001   999.   999.   999.   999.   999.   0.0    3.0
'maarheze' 22  8 2001   999.   999.   999.   999.   999.   0.0    3.4
'maarheze' 23  8 2001   999.   999.   999.   999.   999.   0.0    3.4
'maarheze' 24  8 2001   999.   999.   999.   999.   999.   0.0    3.8
'maarheze' 25  8 2001   999.   999.   999.   999.   999.   0.0    3.9
'maarheze' 26  8 2001   999.   999.   999.   999.   999.   0.0    3.2
'maarheze' 27  8 2001   999.   999.   999.   999.   999.   2.3    3.2
'maarheze' 28  8 2001   999.   999.   999.   999.   999.   0.0    2.9
'maarheze' 29  8 2001   999.   999.   999.   999.   999.   0.0    3.4
'maarheze' 30  8 2001   999.   999.   999.   999.   999.   0.0    1.4
'maarheze' 31  8 2001   999.   999.   999.   999.   999.   0.0    2.3
'maarheze'  1  9 2001   999.   999.   999.   999.   999.   7.9    2.4
'maarheze'  2  9 2001   999.   999.   999.   999.   999.   0.8    0.9
'maarheze'  3  9 2001   999.   999.   999.   999.   999.     5.0    0.9
'maarheze'  4  9 2001   999.   999.   999.   999.   999.  17.5    1.9
'maarheze'  5  9 2001   999.   999.   999.   999.   999.   8.5    1.7
'maarheze'  6  9 2001   999.   999.   999.   999.   999.     6.0    1.5
'maarheze'  7  9 2001   999.   999.   999.   999.   999.   1.4    0.8
'maarheze'  8  9 2001   999.   999.   999.   999.   999.     5.0    2.1
'maarheze'  9  9 2001   999.   999.   999.   999.   999.  10.2    1.6
'maarheze' 10  9 2001   999.   999.   999.   999.   999.   7.5    1.5
'maarheze' 11  9 2001   999.   999.   999.   999.   999.     4.0    1.8
'maarheze' 12  9 2001   999.   999.   999.   999.   999.   2.2      1.0
'maarheze' 13  9 2001   999.   999.   999.   999.   999.   3.7    1.6
'maarheze' 14  9 2001   999.   999.   999.   999.   999.   0.6    1.6
'maarheze' 15  9 2001   999.   999.   999.   999.   999.   0.8      2.0
'maarheze' 16  9 2001   999.   999.   999.   999.   999.   7.4    1.8
'maarheze' 17  9 2001   999.   999.   999.   999.   999.   2.6    1.4
'maarheze' 18  9 2001   999.   999.   999.   999.   999.  13.5    1.7
'maarheze' 19  9 2001   999.   999.   999.   999.   999.    0.0   0.3
'maarheze' 20  9 2001   999.   999.   999.   999.   999.  28.9    0.7
'maarheze' 21  9 2001   999.   999.   999.   999.   999.   6.4    1.8
'maarheze' 22  9 2001   999.   999.   999.   999.   999.   0.2    1.5
'maarheze' 23  9 2001   999.   999.   999.   999.   999.   0.2    0.6
'maarheze' 24  9 2001   999.   999.   999.   999.   999.   0.5    1.4
'maarheze' 25  9 2001   999.   999.   999.   999.   999.    0.0   1.1
'maarheze' 26  9 2001   999.   999.   999.   999.   999.   0.2    1.9
'maarheze' 27  9 2001   999.   999.   999.   999.   999.  12.9    0.7
'maarheze' 28  9 2001   999.   999.   999.   999.   999.   0.2    2.2
'maarheze' 29  9 2001   999.   999.   999.   999.   999.    0.0   1.3
'maarheze' 30  9 2001   999.   999.   999.   999.   999.   4.5    1.5
'maarheze'  1 10 2001   999.   999.   999.   999.   999.   1.8    0.4
'maarheze'  2 10 2001   999.   999.   999.   999.   999.  11.6    0.9
'maarheze'  3 10 2001   999.   999.   999.   999.   999.   7.9    1.4
'maarheze'  4 10 2001   999.   999.   999.   999.   999.   0.1    1.8
'maarheze'  5 10 2001   999.   999.   999.   999.   999.    0.0   1.8
'maarheze'  6 10 2001   999.   999.   999.   999.   999.    0.0   1.6
'maarheze'  7 10 2001   999.   999.   999.   999.   999.   4.0    1.3
'maarheze'  8 10 2001   999.   999.   999.   999.   999.   1.1    1.1
'maarheze'  9 10 2001   999.   999.   999.   999.   999.    0.0     1.0
'maarheze' 10 10 2001   999.   999.   999.   999.   999.    0.0   1.7
'maarheze' 11 10 2001   999.   999.   999.   999.   999.    0.0   0.9
'maarheze' 12 10 2001   999.   999.   999.   999.   999.    0.0   1.7
'maarheze' 13 10 2001   999.   999.   999.   999.   999.    0.0   1.5
'maarheze' 14 10 2001   999.   999.   999.   999.   999.    0.0   1.3
'maarheze' 15 10 2001   999.   999.   999.   999.   999.   0.5    1.5
'maarheze' 16 10 2001   999.   999.   999.   999.   999.    0.0   1.5
'maarheze' 17 10 2001   999.   999.   999.   999.   999.    0.0   1.2
'maarheze' 18 10 2001   999.   999.   999.   999.   999.    0.0   1.2
'maarheze' 19 10 2001   999.   999.   999.   999.   999.  14.1    1.1
'maarheze' 20 10 2001   999.   999.   999.   999.   999.    0.0     1.0
'maarheze' 21 10 2001   999.   999.   999.   999.   999.   0.5    0.4
'maarheze' 22 10 2001   999.   999.   999.   999.   999.    0.0   0.9
'maarheze' 23 10 2001   999.   999.   999.   999.   999.   0.3    0.2
'maarheze' 24 10 2001   999.   999.   999.   999.   999.  11.5    0.6
'maarheze' 25 10 2001   999.   999.   999.   999.   999.   0.9    0.7
'maarheze' 26 10 2001   999.   999.   999.   999.   999.    0.0   1.1
'maarheze' 27 10 2001   999.   999.   999.   999.   999.     1.0    0.7
'maarheze' 28 10 2001   999.   999.   999.   999.   999.   4.5    0.6
'maarheze' 29 10 2001   999.   999.   999.   999.   999.   3.5    0.8
'maarheze' 30 10 2001   999.   999.   999.   999.   999.   0.2    1.2
'maarheze' 31 10 2001   999.   999.   999.   999.   999.    0.0   0.7
'maarheze'  1 11 2001   999.   999.   999.   999.   999.     4.0    0.8
'maarheze'  2 11 2001   999.   999.   999.   999.   999.    0.0   0.8
'maarheze'  3 11 2001   999.   999.   999.   999.   999.    0.0   0.5
'maarheze'  4 11 2001   999.   999.   999.   999.   999.    0.0   0.6
'maarheze'  5 11 2001   999.   999.   999.   999.   999.   0.1    0.7
'maarheze'  6 11 2001   999.   999.   999.   999.   999.   0.2    0.2
'maarheze'  7 11 2001   999.   999.   999.   999.   999.   0.8    0.4
'maarheze'  8 11 2001   999.   999.   999.   999.   999.  14.6    0.4
'maarheze'  9 11 2001   999.   999.   999.   999.   999.   8.9    0.8
'maarheze' 10 11 2001   999.   999.   999.   999.   999.    0.0   0.7
'maarheze' 11 11 2001   999.   999.   999.   999.   999.    0.0   0.3
'maarheze' 12 11 2001   999.   999.   999.   999.   999.   0.4    0.2
'maarheze' 13 11 2001   999.   999.   999.   999.   999.   2.8    0.5
'maarheze' 14 11 2001   999.   999.   999.   999.   999.   0.2    0.7
'maarheze' 15 11 2001   999.   999.   999.   999.   999.    0.0   0.2
'maarheze' 16 11 2001   999.   999.   999.   999.   999.   0.5    0.2
'maarheze' 17 11 2001   999.   999.   999.   999.   999.   0.3    0.3
'maarheze' 18 11 2001   999.   999.   999.   999.   999.    0.0   0.4
'maarheze' 19 11 2001   999.   999.   999.   999.   999.    0.0   0.2
'maarheze' 20 11 2001   999.   999.   999.   999.   999.   0.1    0.2
'maarheze' 21 11 2001   999.   999.   999.   999.   999.    0.0   0.4
'maarheze' 22 11 2001   999.   999.   999.   999.   999.   4.6    0.2
'maarheze' 23 11 2001   999.   999.   999.   999.   999.   5.6    0.5
'maarheze' 24 11 2001   999.   999.   999.   999.   999.   2.9    0.1
'maarheze' 25 11 2001   999.   999.   999.   999.   999.   1.4    0.2
'maarheze' 26 11 2001   999.   999.   999.   999.   999.   6.2    0.3
'maarheze' 27 11 2001   999.   999.   999.   999.   999.   0.2    0.4
'maarheze' 28 11 2001   999.   999.   999.   999.   999.   1.9    0.4
'maarheze' 29 11 2001   999.   999.   999.   999.   999.    0.0   0.1
'maarheze' 30 11 2001   999.   999.   999.   999.   999.  10.4    0.1
'maarheze'  1 12 2001   999.   999.   999.   999.   999.   9.1    0.1
'maarheze'  2 12 2001   999.   999.   999.   999.   999.   1.9    0.1
'maarheze'  3 12 2001   999.   999.   999.   999.   999.   2.5    0.1
'maarheze'  4 12 2001   999.   999.   999.   999.   999.    0.0   0.1
'maarheze'  5 12 2001   999.   999.   999.   999.   999.   3.7    0.2
'maarheze'  6 12 2001   999.   999.   999.   999.   999.   0.7    0.4
'maarheze'  7 12 2001   999.   999.   999.   999.   999.    0.0   0.3
'maarheze'  8 12 2001   999.   999.   999.   999.   999.    0.0   0.4
'maarheze'  9 12 2001   999.   999.   999.   999.   999.    0.0   0.5
'maarheze' 10 12 2001   999.   999.   999.   999.   999.    0.0   0.3
'maarheze' 11 12 2001   999.   999.   999.   999.   999.    0.0   0.1
'maarheze' 12 12 2001   999.   999.   999.   999.   999.     1.0    0.1
'maarheze' 13 12 2001   999.   999.   999.   999.   999.   0.1    0.2
'maarheze' 14 12 2001   999.   999.   999.   999.   999.    0.0   0.4
'maarheze' 15 12 2001   999.   999.   999.   999.   999.    0.0   0.2
'maarheze' 16 12 2001   999.   999.   999.   999.   999.    0.0   0.4
'maarheze' 17 12 2001   999.   999.   999.   999.   999.   0.2    0.1
'maarheze' 18 12 2001   999.   999.   999.   999.   999.    0.0   0.1
'maarheze' 19 12 2001   999.   999.   999.   999.   999.   0.9    0.1
'maarheze' 20 12 2001   999.   999.   999.   999.   999.   2.7    0.4
'maarheze' 21 12 2001   999.   999.   999.   999.   999.   0.1    0.1
'maarheze' 22 12 2001   999.   999.   999.   999.   999.  17.9    0.2
'maarheze' 23 12 2001   999.   999.   999.   999.   999.   5.6    0.5
'maarheze' 24 12 2001   999.   999.   999.   999.   999.    0.0   0.1
'maarheze' 25 12 2001   999.   999.   999.   999.   999.  12.6    0.1
'maarheze' 26 12 2001   999.   999.   999.   999.   999.   3.1    0.1
'maarheze' 27 12 2001   999.   999.   999.   999.   999.   4.4    0.1
'maarheze' 28 12 2001   999.   999.   999.   999.   999.   2.5    0.3
'maarheze' 29 12 2001   999.   999.   999.   999.   999.    1.0   0.1
'maarheze' 30 12 2001   999.   999.   999.   999.   999.   0.5    0.3
'maarheze' 31 12 2001   999.   999.   999.   999.   999.   2.2    0.4
