************************************************************************      
* Filename: Maarh.000      
* Contents: SWAP 2.0 - meteo-data of 'Maarheeze' weather      
********************************************************************************
********************************************************************************
 Station  DD MM YYYY Rad     TMin  TMax  Hum   Wind  Rain  ETref
*         nr nr nr   kJ/m2   C     C     kPa   m/s   mm    mm   
********************************************************************************
'Maarheeze' 1 1 2000 2120. .7 7.3 .61 6.6      0.7     0.1
'Maarheeze' 2 1 2000 240. 3.2 7.7 .88 5.9      0.3     0.2
'Maarheeze' 3 1 2000 1370. 3.0 10.2 .85 7.8      0.0     0.1
'Maarheeze' 4 1 2000 2140. .2 6.0 .64 4.9      3.0     0.1
'Maarheeze' 5 1 2000 2880. -.3 4.2 .56 2.8      5.2     0.4
'Maarheeze' 6 1 2000 2230. -6.4 .7 .54 1.8      0.2     0.3
'Maarheeze' 7 1 2000 4000. -8.3 1.6 .45 1.0      1.2     0.3
'Maarheeze' 8 1 2000 1270. -6.9 2.0 .57 2.5      0.0     0.1
'Maarheeze' 9 1 2000 660. 1.7 6.9 .83 3.0      0.1     0.4
'Maarheeze' 10 1 2000 2790. -.1 4.4 .63 2.4      0.0     0.4
'Maarheeze' 11 1 2000 4710. -3.4 3.4 .51 1.3      0.0     0.5
'Maarheeze' 12 1 2000 560. -3.5 1.0 .55 3.6      0.0     0.5
'Maarheeze' 13 1 2000 5330. -3.1 .7 .51 3.0      0.0     0.3
'Maarheeze' 14 1 2000 490. -2.0 6.6 .69 6.1      0.0     0.1
'Maarheeze' 15 1 2000 2080. -1.3 3.9 .60 4.3      0.0     0.2
'Maarheeze' 16 1 2000 3210. -4.3 2.9 .55 3.3      0.4     0.3
'Maarheeze' 17 1 2000 2730. 2.3 5.1 .70 3.7      1.0     0.2
'Maarheeze' 18 1 2000 2410. -.2 2.8 .53 2.4      1.1     0.2
'Maarheeze' 19 1 2000 1730. -.1 6.0 .66 4.5      0.9     0.2
'Maarheeze' 20 1 2000 3350. -3.2 2.3 .56 1.5      0.3     0.1
'Maarheeze' 21 1 2000 2250. -3.3 1.1 .54 2.5      1.0     0.2
'Maarheeze' 22 1 2000 770. .7 3.2 .67 2.1      5.2     0.3
'Maarheeze' 23 1 2000 850. 3.1 7.1 .81 1.6      4.9     0.1
'Maarheeze' 24 1 2000 530. 2.1 5.5 .80 2.2      0.0     0.7
'Maarheeze' 25 1 2000 1740. .0 6.0 .72 2.9      0.0     0.5
'Maarheeze' 26 1 2000 3140. -2.8 2.9 .63 1.5      0.0     0.3
'Maarheeze' 27 1 2000 590. 2.4 6.5 .86 1.4      0.0     0.6
'Maarheeze' 28 1 2000 1340. 3.6 6.1 .85 .9      0.0     0.1
'Maarheeze' 29 1 2000 1020. 2.2 5.0 .73 1.4      8.2     0.1
'Maarheeze' 30 1 2000 660. .4 4.6 .70 1.7      3.4     0.2
'Maarheeze' 31 1 2000 4640. -.9 7.4 .62 1.7      1.0     0.1
'Maarheeze' 1 2 2000 1060. -1.0 4.0 .64 1.7      0.0     0.3
'Maarheeze' 2 2 2000 5570. -.4 8.0 .69 3.3      1.5     0.5
'Maarheeze' 3 2 2000 3260. 3.6 8.8 .81 5.3      0.0     0.4
'Maarheeze' 4 2 2000 2190. .4 4.8 .68 3.4      0.0     0.4
'Maarheeze' 5 2 2000 3170. -.2 4.1 .62 3.3      0.3     0.8
'Maarheeze' 6 2 2000 980. 3.0 8.9 .90 4.2      0.0     0.3
'Maarheeze' 7 2 2000 2650. 7.2 10.6 1.02 5.0      3.3     0.6
'Maarheeze' 8 2 2000 1430. 6.4 9.0 .98 4.4      1.8     0.2
'Maarheeze' 9 2 2000 1250. 5.2 8.1 .86 2.3      8.4     0.3
'Maarheeze' 10 2 2000 2550. -.1 5.5 .64 6.3      0.0     0.4
'Maarheeze' 11 2 2000 5260. -2.6 3.0 .53 2.2      4.5     1.0
'Maarheeze' 12 2 2000 3340. -3.5 2.6 .56 .8      0.0     0.6
'Maarheeze' 13 2 2000 7860. -4.3 2.0 .45 1.6      1.1     0.9
'Maarheeze' 14 2 2000 7310. -6.3 2.0 .44 .6      0.0     1.0
'Maarheeze' 15 2 2000 7220. -7.4 1.0 .44 .4      5.7     0.5
'Maarheeze' 16 2 2000 5800. -6.7 3.8 .47 .8      4.4     0.7
'Maarheeze' 17 2 2000 2290. .2 3.6 .63 1.8      1.5     0.8
'Maarheeze' 18 2 2000 1900. -1.5 2.2 .55 3.2      4.0     0.2
'Maarheeze' 19 2 2000 1970. -1.5 .7 .51 3.1      4.8     0.5
'Maarheeze' 20 2 2000 4120. -6.6 -.4 .47 2.5      1.4     0.9
'Maarheeze' 21 2 2000 8680. -9.7 -1.0 .37 1.6      0.3     0.7
'Maarheeze' 22 2 2000 7580. -5.0 1.1 .41 2.6      0.0     0.8
'Maarheeze' 23 2 2000 8000. -6.2 1.7 .41 2.3      0.0     1.1
'Maarheeze' 24 2 2000 2530. -4.6 .0 .49 1.9      1.0     0.4
'Maarheeze' 25 2 2000 7330. -1.7 1.3 .53 2.2      12.2     1.2
'Maarheeze' 26 2 2000 8170. -.6 3.9 .53 2.8      0.0     1.2
'Maarheeze' 27 2 2000 9020. -2.3 7.1 .38 4.0      0.0     1.4
'Maarheeze' 28 2 2000 3380. -.3 3.6 .48 4.6      0.0     0.2
'Maarheeze' 29 2 2000 3380. -.3 3.6 .48 4.6      5.2     0.6
'Maarheeze' 1 3 2000 8100. 1.7 9.1 .74 2.7      9.7     1.0
'Maarheeze' 2 3 2000 3620. 4.2 8.7 .86 2.2      0.2     0.8
'Maarheeze' 3 3 2000 2310. .5 6.1 .74 2.2      6.5     0.5
'Maarheeze' 4 3 2000 3460. -1.0 1.6 .53 1.7      11.9     1.0
'Maarheeze' 5 3 2000 5340. -.5 5.0 .60 1.9      3.6     1.0
'Maarheeze' 6 3 2000 3060. 1.9 8.4 .79 2.9      0.1     1.1
'Maarheeze' 7 3 2000 1260. 8.2 13.1 1.17 4.6      0.0     0.8
'Maarheeze' 8 3 2000 2140. 9.7 13.9 1.20 5.4      2.7     0.2
'Maarheeze' 9 3 2000 1860. 9.4 11.0 1.19 4.5      6.0     0.4
'Maarheeze' 10 3 2000 1500. 8.1 13.9 1.27 2.6      0.1     0.5
'Maarheeze' 11 3 2000 1590. 9.9 14.2 1.29 7.2      1.6     0.8
'Maarheeze' 12 3 2000 3470. 8.5 11.3 1.09 4.1      0.0     1.2
'Maarheeze' 13 3 2000 6350. 7.2 11.6 .98 3.6      0.0     0.7
'Maarheeze' 14 3 2000 3020. 6.0 9.4 .90 4.7      0.2     0.4
'Maarheeze' 15 3 2000 5650. 4.1 9.7 .81 2.9      2.2     1.1
'Maarheeze' 16 3 2000 5970. 1.3 6.6 .73 1.2      0.4     0.4
'Maarheeze' 17 3 2000 8100. -1.2 6.1 .61 .7      0.2     0.8
'Maarheeze' 18 3 2000 6360. -2.1 5.9 .67 3.2      0.1     0.8
'Maarheeze' 19 3 2000 4940. 5.5 9.7 .76 6.6      2.2     1.0
'Maarheeze' 20 3 2000 11980. 5.7 12.2 .80 3.6      0.5     1.4
'Maarheeze' 21 3 2000 10920. 7.2 16.2 .90 4.4      0.0     1.3
'Maarheeze' 22 3 2000 5540. .5 14.9 .77 6.1      0.0     2.1
'Maarheeze' 23 3 2000 3110. .7 12.6 .91 4.2      0.0     1.8
'Maarheeze' 24 3 2000 5420. 9.3 12.6 1.09 5.5      1.4     0.5
'Maarheeze' 25 3 2000 4550. 11.4 16.1 1.35 3.2      3.8     0.8
'Maarheeze' 26 3 2000 6320. 4.9 14.7 1.04 3.8      2.1     1.4
'Maarheeze' 27 3 2000 16240. 4.1 15.7 .77 2.6      3.0     0.5
'Maarheeze' 28 3 2000 9680. 9.0 17.0 .79 2.8      3.8     0.3
'Maarheeze' 29 3 2000 10620. 9.6 16.6 .96 2.7      3.4     0.4
'Maarheeze' 30 3 2000 5120. 6.4 14.7 1.13 .8      0.2     0.2
'Maarheeze' 31 3 2000 6200. 5.2 14.5 1.09 1.9      0.0     0.7
'Maarheeze' 1 4 2000 2560. 7.5 13.5 1.12 1.9      0.0     0.9
'Maarheeze' 2 4 2000 3450. 7.3 9.7 1.04 1.6      0.2     2.0
'Maarheeze' 3 4 2000 5270. 7.7 12.1 1.08 2.4      0.0     1.6
'Maarheeze' 4 4 2000 3030. 5.3 8.0 .83 2.3      0.6     2.4
'Maarheeze' 5 4 2000 9480. 2.8 10.5 .80 1.7      3.2     0.9
'Maarheeze' 6 4 2000 12830. .0 12.3 .73 1.9      0.2     2.2
'Maarheeze' 7 4 2000 9870. 5.7 15.1 .98 1.6      0.0     2.6
'Maarheeze' 8 4 2000 10960. 5.0 15.4 .88 1.3      0.0     1.9
'Maarheeze' 9 4 2000 15510. 2.7 19.1 .97 .9      0.0     2.2
'Maarheeze' 10 4 2000 17850. 1.7 20.8 .86 2.1      0.0     2.8
'Maarheeze' 11 4 2000 14870. 9.1 21.0 1.10 2.6      0.0     2.1
'Maarheeze' 12 4 2000 8960. 8.3 17.3 1.31 1.6      3.1     1.4
'Maarheeze' 13 4 2000 8150. 4.6 16.1 .86 2.9      3.5     0.9
'Maarheeze' 14 4 2000 20700. 3.1 19.3 .63 3.2      6.9     1.8
'Maarheeze' 15 4 2000 20580. 2.9 19.6 .71 2.7      0.7     1.5
'Maarheeze' 16 4 2000 19690. 4.4 16.4 .63 3.0      0.4     2.8
'Maarheeze' 17 4 2000 19580. 1.5 10.8 .46 3.7      4.9     2.2
'Maarheeze' 18 4 2000 15180. -1.3 10.7 .53 2.6      0.9     2.2
'Maarheeze' 19 4 2000 9940. 3.7 9.6 .71 4.1      0.0     2.3
'Maarheeze' 20 4 2000 16350. -1.4 10.9 .53 2.8      0.0     2.1
'Maarheeze' 21 4 2000 6280. -1.1 7.9 .63 2.2      0.6     3.0
'Maarheeze' 22 4 2000 12330. .3 8.4 .60 2.1      0.0     1.4
'Maarheeze' 23 4 2000 18390. -3.9 8.0 .49 1.7      29.3     0.7
'Maarheeze' 24 4 2000 20160. -6.7 9.7 .38 2.5      0.7     2.3
'Maarheeze' 25 4 2000 10040. 4.1 13.7 .55 2.7      0.0     3.7
'Maarheeze' 26 4 2000 9420. 4.9 12.5 .81 2.2      0.0     3.0
'Maarheeze' 27 4 2000 16260. .1 14.7 .70 3.1      0.8     2.2
'Maarheeze' 28 4 2000 7440. -1.4 7.8 .76 2.6      0.0     3.4
'Maarheeze' 29 4 2000 9980. 6.1 12.2 1.01 3.6      1.8     0.7
'Maarheeze' 30 4 2000 3000. 7.7 10.6 1.13 4.1      1.0     1.4
'Maarheeze' 1 5 2000 16120. .3 9.6 .65 2.6      0.0     2.0
'Maarheeze' 2 5 2000 15590. -1.1 9.5 .61 2.1      0.0     0.6
'Maarheeze' 3 5 2000 13720. -1.9 9.0 .59 2.9      0.3     0.8
'Maarheeze' 4 5 2000 7330. 3.9 10.0 .85 2.8      0.2     2.9
'Maarheeze' 5 5 2000 8770. 1.6 9.2 .80 3.2      0.0     3.9
'Maarheeze' 6 5 2000 5780. 2.1 14.8 1.06 2.3      0.0     3.4
'Maarheeze' 7 5 2000 20420. 7.8 20.4 1.17 3.0      0.0     3.5
'Maarheeze' 8 5 2000 9680. 8.8 17.6 1.35 2.1      0.0     3.7
'Maarheeze' 9 5 2000 19120. 7.6 23.5 1.29 1.6      2.4     4.2
'Maarheeze' 10 5 2000 22590. 10.2 27.7 1.19 2.1      0.0     2.4
'Maarheeze' 11 5 2000 22310. 13.8 25.9 1.33 3.1      0.8     3.4
'Maarheeze' 12 5 2000 21800. 13.0 21.8 1.33 1.6      0.0     3.6
'Maarheeze' 13 5 2000 15170. 9.8 19.0 1.29 1.1      0.0     3.9
'Maarheeze' 14 5 2000 4620. 10.5 14.2 1.28 .7      0.0     4.5
'Maarheeze' 15 5 2000 18880. 10.6 18.5 1.21 1.3      0.0     4.7
'Maarheeze' 16 5 2000 12770. 7.3 19.0 1.21 2.3      0.0     4.0
'Maarheeze' 17 5 2000 18110. 7.2 16.2 1.02 2.0      30.5     3.2
'Maarheeze' 18 5 2000 22240. 6.1 18.7 1.00 1.6      0.2     2.5
'Maarheeze' 19 5 2000 13160. 12.1 23.7 1.35 2.1      3.1     1.6
'Maarheeze' 20 5 2000 21370. 12.1 27.4 1.35 2.5      7.2     3.4
'Maarheeze' 21 5 2000 19510. 12.9 26.8 1.54 1.2      1.7     1.1
'Maarheeze' 22 5 2000 13740. 9.5 17.1 1.29 2.3      6.4     1.8
'Maarheeze' 23 5 2000 11860. 8.9 18.2 1.27 3.0      0.0     2.2
'Maarheeze' 24 5 2000 17370. 8.8 15.2 1.11 3.2      4.2     2.1
'Maarheeze' 25 5 2000 12320. 8.2 16.4 1.08 2.8      9.4     2.7
'Maarheeze' 26 5 2000 17860. 6.8 16.4 1.09 1.5      2.0     3.2
'Maarheeze' 27 5 2000 12080. 4.0 16.7 1.12 .8      0.0     2.9
'Maarheeze' 28 5 2000 18060. 8.2 17.0 1.07 2.1      5.9     1.7
'Maarheeze' 29 5 2000 19500. 5.8 18.8 1.24 .8      5.0     3.1
'Maarheeze' 30 5 2000 22330. 12.5 21.5 1.41 1.0      7.2     1.7
'Maarheeze' 31 5 2000 21320. 15.3 26.4 1.73 1.9      0.8     3.6
'Maarheeze' 1 6 2000 21950. 13.8 24.6 1.76 .7      0.0     3.1
'Maarheeze' 2 6 2000 20340. 14.3 26.7 1.75 2.1      0.0     3.9
'Maarheeze' 3 6 2000 18030. 13.6 21.5 1.30 1.3      0.0     3.7
'Maarheeze' 4 6 2000 18580. 12.3 18.9 1.15 2.7      29.7     3.3
'Maarheeze' 5 6 2000 13910. 10.8 19.3 1.24 2.8      0.3     0.4
'Maarheeze' 6 6 2000 20610. 11.0 19.5 1.33 2.4      17.0     2.6
'Maarheeze' 7 6 2000 17350. 10.8 18.3 1.20 2.3      0.5     3.1
'Maarheeze' 8 6 2000 10280. 15.3 21.6 1.73 2.6      0.0     5.0
'Maarheeze' 9 6 2000 13920. 12.3 18.4 1.35 3.8      0.0     5.3
'Maarheeze' 10 6 2000 14010. 9.4 16.9 1.07 3.7      0.0     3.0
'Maarheeze' 11 6 2000 8650. 10.2 19.2 1.37 2.9      0.0     3.8
'Maarheeze' 12 6 2000 13870. 5.1 16.0 1.15 2.2      0.0     4.4
'Maarheeze' 13 6 2000 25680. 2.6 20.0 .93 1.4      0.0     4.2
'Maarheeze' 14 6 2000 12560. 13.0 21.5 1.64 2.6      0.0     2.4
'Maarheeze' 15 6 2000 14000. 13.1 23.5 1.64 3.3      1.8     2.6
'Maarheeze' 16 6 2000 15010. 11.4 16.7 .99 4.1      0.8     4.5
'Maarheeze' 17 6 2000 12130. 8.8 14.3 1.07 3.1      0.0     5.0
'Maarheeze' 18 6 2000 7710. 8.9 12.9 .93 2.1      0.0     5.5
'Maarheeze' 19 6 2000 16890. 8.5 15.9 .96 .8      0.0     5.8
'Maarheeze' 20 6 2000 8920. 9.0 15.9 1.08 .5      0.0     5.6
'Maarheeze' 21 6 2000 16270. 9.4 14.9 1.04 2.3      0.0     3.2
'Maarheeze' 22 6 2000 17450. 10.2 19.5 1.13 1.5      4.0     3.0
'Maarheeze' 23 6 2000 19530. 6.8 21.2 1.17 .7      1.0     2.3
'Maarheeze' 24 6 2000 20600. 9.2 21.2 1.32 .8      5.4     1.6
'Maarheeze' 25 6 2000 14060. 7.6 18.0 1.39 1.6      3.0     2.2
'Maarheeze' 26 6 2000 2670. 11.1 13.2 1.32 1.6      4.3     3.1
'Maarheeze' 27 6 2000 13520. 11.1 17.5 1.33 1.4      0.0     3.4
'Maarheeze' 28 6 2000 2210. 12.2 14.6 1.49 1.3      0.0     3.1
'Maarheeze' 29 6 2000 3310. 9.1 12.1 1.19 4.1      0.0     3.3
'Maarheeze' 30 6 2000 4990. 8.7 14.8 1.33 4.3      0.0     3.4
'Maarheeze' 1 7 2000 10330. 11.6 18.2 1.39 3.3      0.0     1.5
'Maarheeze' 2 7 2000 9630. 10.9 19.2 1.46 1.5      4.2     3.3
'Maarheeze' 3 7 2000 12250. 11.0 18.4 1.34 3.1      7.0     2.5
'Maarheeze' 4 7 2000 17230. 11.3 20.6 1.38 2.7      0.5     2.9
'Maarheeze' 5 7 2000 17980. 12.0 22.1 1.52 1.5      1.7     2.7
'Maarheeze' 6 7 2000 14810. 12.2 21.9 1.51 1.9      1.6     2.0
'Maarheeze' 7 7 2000 23460. 12.7 22.9 1.57 1.6      0.2     0.8
'Maarheeze' 8 7 2000 24260. 10.2 27.7 1.62 1.5      1.4     1.4
'Maarheeze' 9 7 2000 15860. 18.3 29.4 1.91 1.7      1.0     1.0
'Maarheeze' 10 7 2000 11970. 17.2 23.5 2.04 1.1      3.8     2.8
'Maarheeze' 11 7 2000 9270. 15.8 22.2 1.78 1.6      4.0     1.7
'Maarheeze' 12 7 2000 8840. 10.6 19.0 1.48 2.7      8.6     2.4
'Maarheeze' 13 7 2000 12870. 11.0 21.1 1.49 1.3      1.0     1.2
'Maarheeze' 14 7 2000 10130. 11.3 19.4 1.40 2.9      2.7     2.3
'Maarheeze' 15 7 2000 20320. 12.9 20.6 1.41 2.3      7.5     2.6
'Maarheeze' 16 7 2000 6320. 11.9 19.1 1.54 3.0      3.6     2.0
'Maarheeze' 17 7 2000 22770. 7.7 18.5 1.20 3.0      0.4     1.2
'Maarheeze' 18 7 2000 15700. 6.6 17.4 1.18 1.4      0.2     3.6
'Maarheeze' 19 7 2000 18130. 10.9 20.6 1.25 2.6      0.3     2.2
'Maarheeze' 20 7 2000 9180. 13.8 19.6 1.56 2.0      0.0     4.0
'Maarheeze' 21 7 2000 7220. 13.1 18.5 1.71 2.3      0.0     3.2
'Maarheeze' 22 7 2000 12790. 13.4 20.9 1.54 2.2      0.0     1.2
'Maarheeze' 23 7 2000 20350. 11.4 20.2 1.23 2.7      0.0     2.9
'Maarheeze' 24 7 2000 6460. 10.3 16.3 1.33 3.0      0.0     2.1
'Maarheeze' 25 7 2000 6690. 11.6 15.4 1.43 3.4      11.0     1.0
'Maarheeze' 26 7 2000 6760. 9.0 17.9 1.42 2.9      3.3     0.8
'Maarheeze' 27 7 2000 21210. 10.0 21.0 1.34 2.7      0.2     1.8
'Maarheeze' 28 7 2000 15600. 9.7 22.9 1.62 1.5      9.5     2.9
'Maarheeze' 29 7 2000 13930. 9.3 24.3 1.68 1.7      0.4     1.4
'Maarheeze' 30 7 2000 20220. 7.7 18.8 1.24 1.0      19.5     1.7
'Maarheeze' 31 7 2000 17960. 5.4 22.6 1.38 1.4      1.2     3.4
'Maarheeze' 1 8 2000 9170. 13.6 19.6 1.58 1.2      0.0     4.1
'Maarheeze' 2 8 2000 15140. 8.4 20.1 1.27 1.4      2.5     3.1
'Maarheeze' 3 8 2000 16290. 7.6 23.4 1.53 .7      0.2     3.5
'Maarheeze' 4 8 2000 22340. 9.3 27.8 1.68 .4      0.3     3.1
'Maarheeze' 5 8 2000 18770. 13.4 29.2 1.98 .5      0.0     3.1
'Maarheeze' 6 8 2000 18070. 15.7 30.0 1.99 1.0      0.0     3.0
'Maarheeze' 7 8 2000 16350. 15.0 26.1 2.00 1.8      0.0     2.2
'Maarheeze' 8 8 2000 3190. 16.6 20.0 1.87 1.9      0.8     2.7
'Maarheeze' 9 8 2000 10020. 15.4 21.2 1.68 1.9      0.0     3.6
'Maarheeze' 10 8 2000 4260. 15.4 18.7 1.76 1.7      0.0     1.4
'Maarheeze' 11 8 2000 6340. 15.2 18.3 1.68 1.3      0.0     2.6
'Maarheeze' 12 8 2000 18410. 10.8 22.9 1.42 .6      0.0     3.9
'Maarheeze' 13 8 2000 16190. 9.5 24.4 1.54 .3      0.0     3.8
'Maarheeze' 14 8 2000 18630. 12.8 26.1 1.62 .8      0.0     2.9
'Maarheeze' 15 8 2000 13140. 13.3 26.2 1.76 .6      0.0     2.1
'Maarheeze' 16 8 2000 13940. 9.7 19.7 1.27 2.1      0.0     3.0
'Maarheeze' 17 8 2000 15790. 7.2 18.5 1.08 1.7      3.1     2.9
'Maarheeze' 18 8 2000 16620. 7.6 23.0 1.23 2.2      4.3     2.6
'Maarheeze' 19 8 2000 7660. 14.2 19.9 1.45 2.8      1.4     2.2
'Maarheeze' 20 8 2000 8550. 11.0 17.5 1.43 4.1      2.0     2.5
'Maarheeze' 21 8 2000 13350. 10.6 17.6 1.27 3.0      7.3     2.8
'Maarheeze' 22 8 2000 10080. 11.2 17.1 1.30 3.7      1.5     3.2
'Maarheeze' 23 8 2000 16600. 8.7 19.2 1.24 1.8      0.0     3.6
'Maarheeze' 24 8 2000 8790. 6.0 17.7 1.29 .6      0.0     3.5
'Maarheeze' 25 8 2000 14700. 5.9 20.8 1.39 .9      0.0     2.9
'Maarheeze' 26 8 2000 14770. 10.2 20.6 1.51 1.6      0.0     3.5
'Maarheeze' 27 8 2000 11240. 9.8 20.2 1.41 2.0      3.8     1.3
'Maarheeze' 28 8 2000 7470. 14.4 18.2 1.52 .7      3.5     3.0
'Maarheeze' 29 8 2000 9500. 9.3 19.1 1.37 .6      0.0     2.5
'Maarheeze' 30 8 2000 17180. 8.3 20.7 1.23 .7      0.0     3.0
'Maarheeze' 31 8 2000 13030. 5.8 20.0 1.19 .6      0.0     3.0
'Maarheeze' 1 9 2000 15070. 9.7 19.4 1.22 1.1      0.0     1.2
'Maarheeze' 2 9 2000 14350. 6.4 20.9 1.13 1.7      11.7     1.0
'Maarheeze' 3 9 2000 14120. 7.5 20.3 1.27 1.8      21.1     2.1
'Maarheeze' 4 9 2000 17500. 4.0 22.2 1.02 .8      0.6     1.5
'Maarheeze' 5 9 2000 17040. 4.2 23.5 1.07 .6      0.0     1.7
'Maarheeze' 6 9 2000 16050. 3.8 23.9 1.08 .5      2.5     0.6
'Maarheeze' 7 9 2000 14060. 6.4 24.7 1.28 1.8      2.8     1.8
'Maarheeze' 8 9 2000 9420. 15.3 22.9 1.75 1.6      0.0     1.1
'Maarheeze' 9 9 2000 9930. 10.1 21.7 1.57 .8      0.1     1.2
'Maarheeze' 10 9 2000 14860. 8.4 25.1 1.55 1.9      0.0     2.4
'Maarheeze' 11 9 2000 4790. 12.2 20.0 1.62 1.7      0.0     3.1
'Maarheeze' 12 9 2000 10020. 11.1 20.6 1.45 1.9      0.0     1.8
'Maarheeze' 13 9 2000 11070. 9.6 17.6 1.22 3.1      0.0     1.1
'Maarheeze' 14 9 2000 13240. 8.1 18.0 1.17 2.6      0.0     1.4
'Maarheeze' 15 9 2000 3550. 10.6 16.2 1.51 2.2      0.0     1.7
'Maarheeze' 16 9 2000 7650. 12.8 19.8 1.67 1.4      2.0     0.7
'Maarheeze' 17 9 2000 7470. 11.0 18.5 1.44 1.3      5.4     0.4
'Maarheeze' 18 9 2000 6480. 12.1 19.1 1.50 2.3      2.5     1.9
'Maarheeze' 19 9 2000 11220. 11.3 18.9 1.36 3.3      0.0     2.6
'Maarheeze' 20 9 2000 4640. 13.6 17.8 1.57 3.6      2.5     0.5
'Maarheeze' 21 9 2000 7520. 12.6 18.5 1.47 1.2      2.8     1.8
'Maarheeze' 22 9 2000 8980. 12.7 19.7 1.48 1.5      0.0     2.0
'Maarheeze' 23 9 2000 11250. 10.0 17.8 1.28 2.4      0.0     2.5
'Maarheeze' 24 9 2000 13190. 9.2 18.4 1.19 3.4      0.0     2.3
'Maarheeze' 25 9 2000 3540. 11.3 16.0 1.28 2.9      0.3     2.1
'Maarheeze' 26 9 2000 4510. 10.8 19.5 1.37 3.8      0.7     1.9
'Maarheeze' 27 9 2000 9380. 9.0 18.0 1.27 2.2      0.0     1.9
'Maarheeze' 28 9 2000 10540. 7.2 17.5 1.18 .9      1.4     0.7
'Maarheeze' 29 9 2000 10540. 6.7 17.6 1.12 1.0      0.3     1.0
'Maarheeze' 30 9 2000 9050. 8.1 18.1 1.12 2.7      0.0     0.8
'Maarheeze' 1 10 2000 11470. 9.2 20.3 1.20 3.0      15.7     0.3
'Maarheeze' 2 10 2000 4440. 11.4 17.2 1.37 2.0      7.8     1.1
'Maarheeze' 3 10 2000 7640. 8.2 13.6 .96 4.3      0.1     1.7
'Maarheeze' 4 10 2000 1750. 8.8 11.9 1.08 4.9      0.0     0.6
'Maarheeze' 5 10 2000 11400. 9.6 16.7 1.20 2.2      0.2     0.9
'Maarheeze' 6 10 2000 2090. 10.1 17.1 1.43 2.9      1.8     1.0
'Maarheeze' 7 10 2000 9830. 9.4 14.8 1.02 5.3      1.4     1.4
'Maarheeze' 8 10 2000 5370. 8.7 14.9 1.21 3.5      0.0     0.3
'Maarheeze' 9 10 2000 4710. 9.9 17.9 1.21 4.5      3.6     1.5
'Maarheeze' 10 10 2000 5300. 7.5 12.7 .94 4.8      6.4     1.0
'Maarheeze' 11 10 2000 6200. 6.9 11.8 .93 4.6      11.1     0.8
'Maarheeze' 12 10 2000 3750. 3.4 9.3 .86 2.8      2.4     1.3
'Maarheeze' 13 10 2000 3240. 3.6 10.0 .88 3.8      0.4     1.2
'Maarheeze' 14 10 2000 5290. 3.5 9.9 .83 2.0      0.0     1.2
'Maarheeze' 15 10 2000 2830. 1.2 9.0 .79 .6      0.0     0.3
'Maarheeze' 16 10 2000 5630. 1.4 10.7 .85 1.1      0.6     0.6
'Maarheeze' 17 10 2000 4040. 3.0 10.0 .88 2.1      4.6     0.9
'Maarheeze' 18 10 2000 770. 6.8 8.5 1.01 .6      0.0     0.4
'Maarheeze' 19 10 2000 2650. 3.3 12.3 1.06 3.1      11.6     1.0
'Maarheeze' 20 10 2000 1180. 4.9 13.7 1.14 4.3      0.4     1.1
'Maarheeze' 21 10 2000 5080. 3.7 9.3 .83 2.1      0.0     0.7
'Maarheeze' 22 10 2000 3350. 3.5 8.4 .87 3.7      0.0     1.3
'Maarheeze' 23 10 2000 7070. .2 11.3 .76 1.0      0.0     1.1
'Maarheeze' 24 10 2000 2630. 1.2 8.6 .82 2.4      1.8     0.4
'Maarheeze' 25 10 2000 2570. 3.0 9.9 .90 2.6      0.0     0.2
'Maarheeze' 26 10 2000 3130. -.3 8.7 .83 .9      0.6     0.8
'Maarheeze' 27 10 2000 2780. 3.7 7.3 .87 2.8      2.1     0.2
'Maarheeze' 28 10 2000 5230. 4.4 10.6 .91 3.4      7.1     0.3
'Maarheeze' 29 10 2000 3560. 6.5 11.5 1.02 3.5      0.9     0.7
'Maarheeze' 30 10 2000 5710. 7.2 11.3 .95 3.8      0.5     0.1
'Maarheeze' 31 10 2000 3150. 6.6 14.5 1.10 4.9      3.3     0.3
'Maarheeze' 1 11 2000 980. 6.6 14.1 1.29 3.6      1.6     0.3
'Maarheeze' 2 11 2000 480. 10.4 14.3 1.28 4.3      11.5     0.3
'Maarheeze' 3 11 2000 1520. 11.5 13.5 1.29 2.1      5.0     0.7
'Maarheeze' 4 11 2000 1880. 4.5 12.3 1.06 2.2      0.5     0.5
'Maarheeze' 5 11 2000 4390. 3.2 11.1 .80 2.2      0.0     0.9
'Maarheeze' 6 11 2000 5300. 2.1 10.5 .73 2.0      9.1     0.3
'Maarheeze' 7 11 2000 5550. -3.3 9.1 .64 1.2      1.7     0.2
'Maarheeze' 8 11 2000 5970. -5.2 5.8 .51 .9      2.7     0.1
'Maarheeze' 9 11 2000 1830. -3.0 5.2 .65 .8      4.9     0.5
'Maarheeze' 10 11 2000 2800. -3.0 4.5 .63 3.4      0.2     0.8
'Maarheeze' 11 11 2000 1060. 3.1 5.9 .73 4.9      0.0     0.5
'Maarheeze' 12 11 2000 2020. 5.1 10.0 1.15 2.6      0.0     0.2
'Maarheeze' 13 11 2000 3030. 4.3 8.9 .83 3.7      7.7     0.5
'Maarheeze' 14 11 2000 3840. .6 9.4 .70 2.2      0.2     0.5
'Maarheeze' 15 11 2000 5040. -.6 5.0 .61 1.8      0.0     0.4
'Maarheeze' 16 11 2000 2390. -.9 3.4 .53 2.9      0.0     0.4
'Maarheeze' 17 11 2000 780. 1.3 7.6 .69 3.4      1.0     0.4
'Maarheeze' 18 11 2000 2630. 6.8 11.6 1.07 4.8      2.6     0.5
'Maarheeze' 19 11 2000 4490. 3.5 11.7 .87 2.1      0.5     0.3
'Maarheeze' 20 11 2000 710. 4.1 16.0 1.24 7.1      2.1     0.3
'Maarheeze' 21 11 2000 2760. 6.7 12.8 1.06 2.9      0.2     0.4
'Maarheeze' 22 11 2000 2780. 10.4 12.8 1.25 4.5      3.7     0.3
'Maarheeze' 23 11 2000 3730. 4.3 14.4 1.05 4.7      4.6     0.2
'Maarheeze' 24 11 2000 2910. 1.9 7.7 .64 5.5      6.5     0.6
'Maarheeze' 25 11 2000 950. 1.3 5.2 .65 4.2      0.0     0.3
'Maarheeze' 26 11 2000 1500. 4.5 10.2 .92 5.5      10.1     0.3
'Maarheeze' 27 11 2000 210. 5.6 10.4 .94 4.7      1.3     0.5
'Maarheeze' 28 11 2000 1500. 1.4 7.0 .73 2.9      7.5     0.3
'Maarheeze' 29 11 2000 2030. 2.9 7.5 .76 3.5      0.0     0.4
'Maarheeze' 30 11 2000 270. .2 8.5 .75 3.6      0.0     0.6
'Maarheeze' 1 12 2000 1670. .4 6.5 .68 2.8      0.0     0.3
'Maarheeze' 2 12 2000 2660. -2.4 7.5 .70 1.3      1.7     0.3
'Maarheeze' 3 12 2000 1360. -1.8 8.7 .79 2.5      1.8     0.4
'Maarheeze' 4 12 2000 360. 2.3 9.3 .85 4.1      0.2     0.2
'Maarheeze' 5 12 2000 1710. 1.0 4.0 .66 3.1      1.4     0.4
'Maarheeze' 6 12 2000 990. 2.4 4.4 .73 3.0      0.0     0.2
'Maarheeze' 7 12 2000 1920. .3 4.6 .68 2.6      5.9     0.2
'Maarheeze' 8 12 2000 570. -.5 2.7 .65 2.1      3.4     0.4
'Maarheeze' 9 12 2000 3030. -.3 1.2 .58 3.1      0.9     0.3
'Maarheeze' 10 12 2000 2270. -5.5 .5 .55 1.6      0.8     0.2
'Maarheeze' 11 12 2000 850. -3.6 .5 .56 2.3      2.8     0.5
'Maarheeze' 12 12 2000 1380. -5.6 -.6 .49 1.5      5.3     0.1
'Maarheeze' 13 12 2000 2860. -4.6 -1.4 .41 3.2      1.9     0.3
'Maarheeze' 14 12 2000 970. -3.0 2.8 .56 5.0      7.0     0.2
'Maarheeze' 15 12 2000 3750. -7.8 -1.0 .40 1.9      1.4     0.2
'Maarheeze' 16 12 2000 3750. -11.7 -6.1 .32 1.8      1.9     0.3
'Maarheeze' 17 12 2000 2270. -11.1 -6.8 .31 2.2      0.0     0.2
'Maarheeze' 18 12 2000 1450. -12.2 -7.4 .29 2.1      0.6     0.1
'Maarheeze' 19 12 2000 2600. -7.6 -.7 .46 1.0      0.2     0.2
'Maarheeze' 20 12 2000 2320. -5.2 -1.2 .44 2.7      0.0     0.3
'Maarheeze' 21 12 2000 1910. -5.9 -2.8 .36 3.3      0.0     0.4
'Maarheeze' 22 12 2000 810. -5.9 -3.1 .43 1.6      0.0     0.4
'Maarheeze' 23 12 2000 1150. -4.1 1.1 .54 1.1      0.0     0.4
'Maarheeze' 24 12 2000 1990. -3.4 1.0 .57 2.1      0.0     0.2
'Maarheeze' 25 12 2000 2050. -5.1 2.5 .57 2.0      1.5     0.1
'Maarheeze' 26 12 2000 1540. -7.9 -.5 .51 1.3      1.5     0.1
'Maarheeze' 27 12 2000 1470. -3.2 -.5 .46 2.9      0.0     0.0
'Maarheeze' 28 12 2000 1800. -1.1 2.4 .56 3.0      1.3     0.2
'Maarheeze' 29 12 2000 530. 1.8 5.7 .70 4.0      0.4     0.4
'Maarheeze' 30 12 2000 2230. 4.0 7.3 .74 3.9      0.2     0.2
'Maarheeze' 31 12 2000 790. 1.5 8.5 .84 3.1      1.0     0.2
