************************************************************************  
* Filename: Hupsel.981  
* Contents: SWAP 2.0 - meteo-data of 'Maarheeze' weather  
************************************************************************  
*c Comment area:  
*c  
*c  
***************************************************************************  
 Station  DD MM YYYY Rad     TMin  TMax  Hum   Wind  Rain  ETref
* nr nr nr kJ/m2 C C kPa m/s  
***************************************************************************  
'Maarheeze'   1   1   1998   2120.00   0.70   7.30   0.61   6.60   1.10   0.30
'Maarheeze'   2   1   1998   240.00   3.20   7.70   0.88   5.90   3.50   0.10
'Maarheeze'   3   1   1998   1370.00   3.00   10.20   0.85   7.80   3.30   0.10
'Maarheeze'   4   1   1998   2140.00   0.20   6.00   0.64   4.90   4.40   0.20
'Maarheeze'   5   1   1998   2880.00   -0.30   4.20   0.56   2.80   1.40   0.10
'Maarheeze'   6   1   1998   2230.00   -6.40   0.70   0.54   1.80   9.40   0.50
'Maarheeze'   7   1   1998   4000.00   -8.30   1.60   0.45   1.00   2.80   0.20
'Maarheeze'   8   1   1998   1270.00   -6.90   2.00   0.57   2.50   9.80   0.30
'Maarheeze'   9   1   1998   660.00   1.70   6.90   0.83   3.00   0.30   0.40
'Maarheeze'   10   1   1998   2790.00   -0.10   4.40   0.63   2.40   0.00   0.50
'Maarheeze'   11   1   1998   4710.00   -3.40   3.40   0.51   1.30   0.00   0.50
'Maarheeze'   12   1   1998   560.00   -3.50   1.00   0.55   3.60   0.00   0.50
'Maarheeze'   13   1   1998   5330.00   -3.10   0.70   0.51   3.00   0.00   0.40
'Maarheeze'   14   1   1998   490.00   -2.00   6.60   0.69   6.10   0.00   0.10
'Maarheeze'   15   1   1998   2080.00   -1.30   3.90   0.60   4.30   0.50   0.10
'Maarheeze'   16   1   1998   3210.00   -4.30   2.90   0.55   3.30   2.60   0.30
'Maarheeze'   17   1   1998   2730.00   2.30   5.10   0.70   3.70   2.00   0.30
'Maarheeze'   18   1   1998   2410.00   -0.20   2.80   0.53   2.40   0.00   0.10
'Maarheeze'   19   1   1998   1730.00   -0.10   6.00   0.66   4.50   6.20   0.20
'Maarheeze'   20   1   1998   3350.00   -3.20   2.30   0.56   1.50   5.50   0.10
'Maarheeze'   21   1   1998   2250.00   -3.30   1.10   0.54   2.50   0.50   0.10
'Maarheeze'   22   1   1998   770.00   0.70   3.20   0.67   2.10   0.00   0.30
'Maarheeze'   23   1   1998   850.00   3.10   7.10   0.81   1.60   0.00   0.10
'Maarheeze'   24   1   1998   530.00   2.10   5.50   0.80   2.20   0.00   0.20
'Maarheeze'   25   1   1998   1740.00   0.00   6.00   0.72   2.90   0.00   0.30
'Maarheeze'   26   1   1998   3140.00   -2.80   2.90   0.63   1.50   0.00   0.60
'Maarheeze'   27   1   1998   590.00   2.40   6.50   0.86   1.40   0.00   0.60
'Maarheeze'   28   1   1998   1340.00   3.60   6.10   0.85   0.90   0.00   0.20
'Maarheeze'   29   1   1998   1020.00   2.20   5.00   0.73   1.40   1.00   0.20
'Maarheeze'   30   1   1998   660.00   0.40   4.60   0.70   1.70   0.20   0.20
'Maarheeze'   31   1   1998   4640.00   -0.90   7.40   0.62   1.70   0.00   0.70
'Maarheeze'   1   2   1998   1060.00   -1.00   4.00   0.64   1.70   0.00   0.50
'Maarheeze'   2   2   1998   5570.00   -0.40   8.00   0.69   3.30   0.00   0.60
'Maarheeze'   3   2   1998   3260.00   3.60   8.80   0.81   5.30   1.20   0.60
'Maarheeze'   4   2   1998   2190.00   0.40   4.80   0.68   3.40   0.00   0.70
'Maarheeze'   5   2   1998   3170.00   -0.20   4.10   0.62   3.30   0.00   0.50
'Maarheeze'   6   2   1998   980.00   3.00   8.90   0.90   4.20   0.00   0.30
'Maarheeze'   7   2   1998   2650.00   7.20   10.60   1.02   5.00   0.00   0.40
'Maarheeze'   8   2   1998   1430.00   6.40   9.00   0.98   4.40   1.80   0.60
'Maarheeze'   9   2   1998   1250.00   5.20   8.10   0.86   2.30   0.00   1.00
'Maarheeze'   10   2   1998   2550.00   -0.10   5.50   0.64   6.30   0.00   1.00
'Maarheeze'   11   2   1998   5260.00   -2.60   3.00   0.53   2.20   0.00   0.80
'Maarheeze'   12   2   1998   3340.00   -3.50   2.60   0.56   0.80   0.00   0.90
'Maarheeze'   13   2   1998   7860.00   -4.30   2.00   0.45   1.60   0.00   0.70
'Maarheeze'   14   2   1998   7310.00   -6.30   2.00   0.44   0.60   0.00   1.10
'Maarheeze'   15   2   1998   7220.00   -7.40   1.00   0.44   0.40   0.00   0.90
'Maarheeze'   16   2   1998   5800.00   -6.70   3.80   0.47   0.80   0.00   0.50
'Maarheeze'   17   2   1998   2290.00   0.20   3.60   0.63   1.80   0.70   0.30
'Maarheeze'   18   2   1998   1900.00   -1.50   2.20   0.55   3.20   0.10   1.20
'Maarheeze'   19   2   1998   1970.00   -1.50   0.70   0.51   3.10   0.00   0.50
'Maarheeze'   20   2   1998   4120.00   -6.60   -0.40   0.47   2.50   0.10   1.20
'Maarheeze'   21   2   1998   8680.00   -9.70   -1.00   0.37   1.60   0.00   0.60
'Maarheeze'   22   2   1998   7580.00   -5.00   1.10   0.41   2.60   0.20   0.40
'Maarheeze'   23   2   1998   8000.00   -6.20   1.70   0.41   2.30   0.50   1.10
'Maarheeze'   24   2   1998   2530.00   -4.60   0.00   0.49   1.90   0.20   0.60
'Maarheeze'   25   2   1998   7330.00   -1.70   1.30   0.53   2.20   0.00   0.50
'Maarheeze'   26   2   1998   8170.00   -0.60   3.90   0.53   2.80   0.00   0.20
'Maarheeze'   27   2   1998   9020.00   -2.30   7.10   0.38   4.00   0.00   0.40
'Maarheeze'   28   2   1998   3380.00   -0.30   3.60   0.48   4.60   2.00   1.10
'Maarheeze'   1   3   1998   8100.00   1.70   9.10   0.74   2.70   0.60   0.40
'Maarheeze'   2   3   1998   3620.00   4.20   8.70   0.86   2.20   4.60   0.60
'Maarheeze'   3   3   1998   2310.00   0.50   6.10   0.74   2.20   3.10   0.30
'Maarheeze'   4   3   1998   3460.00   -1.00   1.60   0.53   1.70   2.00   0.30
'Maarheeze'   5   3   1998   5340.00   -0.50   5.00   0.60   1.90   9.20   1.00
'Maarheeze'   6   3   1998   3060.00   1.90   8.40   0.79   2.90   15.10   0.20
'Maarheeze'   7   3   1998   1260.00   8.20   13.10   1.17   4.60   8.90   0.70
'Maarheeze'   8   3   1998   2140.00   9.70   13.90   1.20   5.40   4.10   0.40
'Maarheeze'   9   3   1998   1860.00   9.40   11.00   1.19   4.50   2.60   1.30
'Maarheeze'   10   3   1998   1500.00   8.10   13.90   1.27   2.60   0.10   1.60
'Maarheeze'   11   3   1998   1590.00   9.90   14.20   1.29   7.20   2.00   0.30
'Maarheeze'   12   3   1998   3470.00   8.50   11.30   1.09   4.10   4.00   1.10
'Maarheeze'   13   3   1998   6350.00   7.20   11.60   0.98   3.60   0.10   0.30
'Maarheeze'   14   3   1998   3020.00   6.00   9.40   0.90   4.70   1.90   0.70
'Maarheeze'   15   3   1998   5650.00   4.10   9.70   0.81   2.90   0.90   0.90
'Maarheeze'   16   3   1998   5970.00   1.30   6.60   0.73   1.20   1.50   0.70
'Maarheeze'   17   3   1998   8100.00   -1.20   6.10   0.61   0.70   0.00   0.70
'Maarheeze'   18   3   1998   6360.00   -2.10   5.90   0.67   3.20   0.00   0.80
'Maarheeze'   19   3   1998   4940.00   5.50   9.70   0.76   6.60   0.00   1.70
'Maarheeze'   20   3   1998   11980.00   5.70   12.20   0.80   3.60   0.00   0.60
'Maarheeze'   21   3   1998   10920.00   7.20   16.20   0.90   4.40   0.70   1.40
'Maarheeze'   22   3   1998   5540.00   0.50   14.90   0.77   6.10   0.00   0.50
'Maarheeze'   23   3   1998   3110.00   0.70   12.60   0.91   4.20   0.30   0.70
'Maarheeze'   24   3   1998   5420.00   9.30   12.60   1.09   5.50   0.70   1.90
'Maarheeze'   25   3   1998   4550.00   11.40   16.10   1.35   3.20   0.00   2.20
'Maarheeze'   26   3   1998   6320.00   4.90   14.70   1.04   3.80   0.00   1.10
'Maarheeze'   27   3   1998   16240.00   4.10   15.70   0.77   2.60   1.50   0.50
'Maarheeze'   28   3   1998   9680.00   9.00   17.00   0.79   2.80   0.00   1.60
'Maarheeze'   29   3   1998   10620.00   9.60   16.60   0.96   2.70   0.00   1.70
'Maarheeze'   30   3   1998   5120.00   6.40   14.70   1.13   0.80   0.00   2.30
'Maarheeze'   31   3   1998   6200.00   5.20   14.50   1.09   1.90   0.00   1.50
'Maarheeze'   1   4   1998   2560.00   7.50   13.50   1.12   1.90   0.00   0.80
'Maarheeze'   2   4   1998   3450.00   7.30   9.70   1.04   1.60   1.00   1.20
'Maarheeze'   3   4   1998   5270.00   7.70   12.10   1.08   2.40   5.00   0.80
'Maarheeze'   4   4   1998   3030.00   5.30   8.00   0.83   2.30   1.50   1.20
'Maarheeze'   5   4   1998   9480.00   2.80   10.50   0.80   1.70   4.00   1.40
'Maarheeze'   6   4   1998   12830.00   0.00   12.30   0.73   1.90   1.00   1.30
'Maarheeze'   7   4   1998   9870.00   5.70   15.10   0.98   1.60   1.50   0.80
'Maarheeze'   8   4   1998   10960.00   5.00   15.40   0.88   1.30   14.00   1.50
'Maarheeze'   9   4   1998   15510.00   2.70   19.10   0.97   0.90   0.00   1.30
'Maarheeze'   10   4   1998   17850.00   1.70   20.80   0.86   2.10   0.50   1.00
'Maarheeze'   11   4   1998   14870.00   9.10   21.00   1.10   2.60   1.00   1.20
'Maarheeze'   12   4   1998   8960.00   8.30   17.30   1.31   1.60   2.50   1.60
'Maarheeze'   13   4   1998   8150.00   4.60   16.10   0.86   2.90   0.00   1.00
'Maarheeze'   14   4   1998   20700.00   3.10   19.30   0.63   3.20   6.00   1.60
'Maarheeze'   15   4   1998   20580.00   2.90   19.60   0.71   2.70   1.30   0.60
'Maarheeze'   16   4   1998   19690.00   4.40   16.40   0.63   3.00   9.00   1.90
'Maarheeze'   17   4   1998   19580.00   1.50   10.80   0.46   3.70   0.80   1.20
'Maarheeze'   18   4   1998   15180.00   -1.30   10.70   0.53   2.60   1.70   2.10
'Maarheeze'   19   4   1998   9940.00   3.70   9.60   0.71   4.10   0.00   1.40
'Maarheeze'   20   4   1998   16350.00   -1.40   10.90   0.53   2.80   0.00   1.00
'Maarheeze'   21   4   1998   6280.00   -1.10   7.90   0.63   2.20   2.00   2.60
'Maarheeze'   22   4   1998   12330.00   0.30   8.40   0.60   2.10   0.00   3.50
'Maarheeze'   23   4   1998   18390.00   -3.90   8.00   0.49   1.70   0.00   3.20
'Maarheeze'   24   4   1998   20160.00   -6.70   9.70   0.38   2.50   1.20   1.20
'Maarheeze'   25   4   1998   10040.00   4.10   13.70   0.55   2.70   1.00   0.90
'Maarheeze'   26   4   1998   9420.00   4.90   12.50   0.81   2.20   7.50   1.30
'Maarheeze'   27   4   1998   16260.00   0.10   14.70   0.70   3.10   0.00   1.00
'Maarheeze'   28   4   1998   7440.00   -1.40   7.80   0.76   2.60   6.50   2.50
'Maarheeze'   29   4   1998   9980.00   6.10   12.20   1.01   3.60   0.00   3.00
'Maarheeze'   30   4   1998   3000.00   7.70   10.60   1.13   4.10   0.00   1.30
'Maarheeze'   1   5   1998   16120.00   0.30   9.60   0.65   2.60   0.00   0.70
'Maarheeze'   2   5   1998   15590.00   -1.10   9.50   0.61   2.10   0.00   1.10
'Maarheeze'   3   5   1998   13720.00   -1.90   9.00   0.59   2.90   0.00   2.10
'Maarheeze'   4   5   1998   7330.00   3.90   10.00   0.85   2.80   0.00   2.80
'Maarheeze'   5   5   1998   8770.00   1.60   9.20   0.80   3.20   0.00   1.70
'Maarheeze'   6   5   1998   5780.00   2.10   14.80   1.06   2.30   1.60   0.70
'Maarheeze'   7   5   1998   20420.00   7.80   20.40   1.17   3.00   0.40   1.60
'Maarheeze'   8   5   1998   9680.00   8.80   17.60   1.35   2.10   0.00   4.10
'Maarheeze'   9   5   1998   19120.00   7.60   23.50   1.29   1.60   0.00   3.80
'Maarheeze'   10   5   1998   22590.00   10.20   27.70   1.19   2.10   0.00   4.70
'Maarheeze'   11   5   1998   22310.00   13.80   25.90   1.33   3.10   0.00   4.00
'Maarheeze'   12   5   1998   21800.00   13.00   21.80   1.33   1.60   0.00   4.30
'Maarheeze'   13   5   1998   15170.00   9.80   19.00   1.29   1.10   0.00   4.70
'Maarheeze'   14   5   1998   4620.00   10.50   14.20   1.28   0.70   0.00   4.60
'Maarheeze'   15   5   1998   18880.00   10.60   18.50   1.21   1.30   0.00   4.90
'Maarheeze'   16   5   1998   12770.00   7.30   19.00   1.21   2.30   0.00   4.70
'Maarheeze'   17   5   1998   18110.00   7.20   16.20   1.02   2.00   0.00   4.70
'Maarheeze'   18   5   1998   22240.00   6.10   18.70   1.00   1.60   0.00   3.40
'Maarheeze'   19   5   1998   13160.00   12.10   23.70   1.35   2.10   0.00   4.50
'Maarheeze'   20   5   1998   21370.00   12.10   27.40   1.35   2.50   0.00   4.00
'Maarheeze'   21   5   1998   19510.00   12.90   26.80   1.54   1.20   0.00   1.70
'Maarheeze'   22   5   1998   13740.00   9.50   17.10   1.29   2.30   0.00   1.60
'Maarheeze'   23   5   1998   11860.00   8.90   18.20   1.27   3.00   0.00   2.10
'Maarheeze'   24   5   1998   17370.00   8.80   15.20   1.11   3.20   0.30   1.30
'Maarheeze'   25   5   1998   12320.00   8.20   16.40   1.08   2.80   1.40   1.70
'Maarheeze'   26   5   1998   17860.00   6.80   16.40   1.09   1.50   16.10   1.80
'Maarheeze'   27   5   1998   12080.00   4.00   16.70   1.12   0.80   5.20   2.30
'Maarheeze'   28   5   1998   18060.00   8.20   17.00   1.07   2.10   9.10   2.50
'Maarheeze'   29   5   1998   19500.00   5.80   18.80   1.24   0.80   10.50   2.20
'Maarheeze'   30   5   1998   22330.00   12.50   21.50   1.41   1.00   0.00   2.80
'Maarheeze'   31   5   1998   21320.00   15.30   26.40   1.73   1.90   0.00   3.30
'Maarheeze'   1   6   1998   21950.00   13.80   24.60   1.76   0.70   0.00   3.80
'Maarheeze'   2   6   1998   20340.00   14.30   26.70   1.75   2.10   0.00   2.60
'Maarheeze'   3   6   1998   18030.00   13.60   21.50   1.30   1.30   4.00   2.90
'Maarheeze'   4   6   1998   18580.00   12.30   18.90   1.15   2.70   4.60   3.30
'Maarheeze'   5   6   1998   13910.00   10.80   19.30   1.24   2.80   0.00   1.70
'Maarheeze'   6   6   1998   20610.00   11.00   19.50   1.33   2.40   3.00   2.90
'Maarheeze'   7   6   1998   17350.00   10.80   18.30   1.20   2.30   19.00   1.50
'Maarheeze'   8   6   1998   10280.00   15.30   21.60   1.73   2.60   7.60   3.00
'Maarheeze'   9   6   1998   13920.00   12.30   18.40   1.35   3.80   0.30   1.10
'Maarheeze'   10   6   1998   14010.00   9.40   16.90   1.07   3.70   9.30   3.70
'Maarheeze'   11   6   1998   8650.00   10.20   19.20   1.37   2.90   2.30   2.30
'Maarheeze'   12   6   1998   13870.00   5.10   16.00   1.15   2.20   13.80   2.20
'Maarheeze'   13   6   1998   25680.00   2.60   20.00   0.93   1.40   1.80   3.40
'Maarheeze'   14   6   1998   12560.00   13.00   21.50   1.64   2.60   5.10   1.90
'Maarheeze'   15   6   1998   14000.00   13.10   23.50   1.64   3.30   5.80   2.00
'Maarheeze'   16   6   1998   15010.00   11.40   16.70   0.99   4.10   4.80   1.70
'Maarheeze'   17   6   1998   12130.00   8.80   14.30   1.07   3.10   4.60   2.40
'Maarheeze'   18   6   1998   7710.00   8.90   12.90   0.93   2.10   2.80   1.50
'Maarheeze'   19   6   1998   16890.00   8.50   15.90   0.96   0.80   1.00   3.10
'Maarheeze'   20   6   1998   8920.00   9.00   15.90   1.08   0.50   0.00   5.00
'Maarheeze'   21   6   1998   16270.00   9.40   14.90   1.04   2.30   0.00   4.50
'Maarheeze'   22   6   1998   17450.00   10.20   19.50   1.13   1.50   0.90   4.30
'Maarheeze'   23   6   1998   19530.00   6.80   21.20   1.17   0.70   0.00   2.20
'Maarheeze'   24   6   1998   20600.00   9.20   21.20   1.32   0.80   0.20   3.00
'Maarheeze'   25   6   1998   14060.00   7.60   18.00   1.39   1.60   0.00   2.60
'Maarheeze'   26   6   1998   2670.00   11.10   13.20   1.32   1.60   1.70   3.10
'Maarheeze'   27   6   1998   13520.00   11.10   17.50   1.33   1.40   0.30   2.70
'Maarheeze'   28   6   1998   2210.00   12.20   14.60   1.49   1.30   3.40   2.20
'Maarheeze'   29   6   1998   3310.00   9.10   12.10   1.19   4.10   4.50   1.70
'Maarheeze'   30   6   1998   4990.00   8.70   14.80   1.33   4.30   2.80   1.10
'Maarheeze'   1   7   1998   10330.00   11.60   18.20   1.39   3.30   6.70   3.00
'Maarheeze'   2   7   1998   9630.00   10.90   19.20   1.46   1.50   0.00   2.70
'Maarheeze'   3   7   1998   12250.00   11.00   18.40   1.34   3.10   0.00   1.70
'Maarheeze'   4   7   1998   17230.00   11.30   20.60   1.38   2.70   0.00   3.00
'Maarheeze'   5   7   1998   17980.00   12.00   22.10   1.52   1.50   0.10   1.70
'Maarheeze'   6   7   1998   14810.00   12.20   21.90   1.51   1.90   2.60   1.40
'Maarheeze'   7   7   1998   23460.00   12.70   22.90   1.57   1.60   0.10   2.40
'Maarheeze'   8   7   1998   24260.00   10.20   27.70   1.62   1.50   0.70   2.50
'Maarheeze'   9   7   1998   15860.00   18.30   29.40   1.91   1.70   2.20   0.80
'Maarheeze'   10   7   1998   11970.00   17.20   23.50   2.04   1.10   2.50   0.90
'Maarheeze'   11   7   1998   9270.00   15.80   22.20   1.78   1.60   1.70   3.20
'Maarheeze'   12   7   1998   8840.00   10.60   19.00   1.48   2.70   3.70   1.00
'Maarheeze'   13   7   1998   12870.00   11.00   21.10   1.49   1.30   8.30   2.50
'Maarheeze'   14   7   1998   10130.00   11.30   19.40   1.40   2.90   1.20   2.40
'Maarheeze'   15   7   1998   20320.00   12.90   20.60   1.41   2.30   0.20   2.00
'Maarheeze'   16   7   1998   6320.00   11.90   19.10   1.54   3.00   3.20   1.80
'Maarheeze'   17   7   1998   22770.00   7.70   18.50   1.20   3.00   2.30   2.20
'Maarheeze'   18   7   1998   15700.00   6.60   17.40   1.18   1.40   0.00   1.70
'Maarheeze'   19   7   1998   18130.00   10.90   20.60   1.25   2.60   0.00   4.00
'Maarheeze'   20   7   1998   9180.00   13.80   19.60   1.56   2.00   0.00   4.60
'Maarheeze'   21   7   1998   7220.00   13.10   18.50   1.71   2.30   0.00   2.80
'Maarheeze'   22   7   1998   12790.00   13.40   20.90   1.54   2.20   1.40   4.40
'Maarheeze'   23   7   1998   20350.00   11.40   20.20   1.23   2.70   0.00   2.30
'Maarheeze'   24   7   1998   6460.00   10.30   16.30   1.33   3.00   0.20   3.40
'Maarheeze'   25   7   1998   6690.00   11.60   15.40   1.43   3.40   0.00   3.40
'Maarheeze'   26   7   1998   6760.00   9.00   17.90   1.42   2.90   0.00   4.10
'Maarheeze'   27   7   1998   21210.00   10.00   21.00   1.34   2.70   0.00   3.20
'Maarheeze'   28   7   1998   15600.00   9.70   22.90   1.62   1.50   2.20   1.50
'Maarheeze'   29   7   1998   13930.00   9.30   24.30   1.68   1.70   1.30   1.10
'Maarheeze'   30   7   1998   20220.00   7.70   18.80   1.24   1.00   17.20   2.50
'Maarheeze'   31   7   1998   17960.00   5.40   22.60   1.38   1.40   9.10   2.60
'Maarheeze'   1   8   1998   9170.00   13.60   19.60   1.58   1.20   6.40   2.60
'Maarheeze'   2   8   1998   15140.00   8.40   20.10   1.27   1.40   0.00   2.60
'Maarheeze'   3   8   1998   16290.00   7.60   23.40   1.53   0.70   0.40   3.30
'Maarheeze'   4   8   1998   22340.00   9.30   27.80   1.68   0.40   0.40   3.00
'Maarheeze'   5   8   1998   18770.00   13.40   29.20   1.98   0.50   0.00   3.60
'Maarheeze'   6   8   1998   18070.00   15.70   30.00   1.99   1.00   0.00   4.40
'Maarheeze'   7   8   1998   16350.00   15.00   26.10   2.00   1.80   0.00   4.10
'Maarheeze'   8   8   1998   3190.00   16.60   20.00   1.87   1.90   0.00   4.60
'Maarheeze'   9   8   1998   10020.00   15.40   21.20   1.68   1.90   0.00   3.80
'Maarheeze'   10   8   1998   4260.00   15.40   18.70   1.76   1.70   0.00   4.50
'Maarheeze'   11   8   1998   6340.00   15.20   18.30   1.68   1.30   0.00   4.20
'Maarheeze'   12   8   1998   18410.00   10.80   22.90   1.42   0.60   0.00   3.50
'Maarheeze'   13   8   1998   16190.00   9.50   24.40   1.54   0.30   0.00   3.50
'Maarheeze'   14   8   1998   18630.00   12.80   26.10   1.62   0.80   0.00   2.50
'Maarheeze'   15   8   1998   13140.00   13.30   26.20   1.76   0.60   0.00   3.70
'Maarheeze'   16   8   1998   13940.00   9.70   19.70   1.27   2.10   0.00   3.60
'Maarheeze'   17   8   1998   15790.00   7.20   18.50   1.08   1.70   0.00   3.60
'Maarheeze'   18   8   1998   16620.00   7.60   23.00   1.23   2.20   0.00   1.90
'Maarheeze'   19   8   1998   7660.00   14.20   19.90   1.45   2.80   0.00   3.50
'Maarheeze'   20   8   1998   8550.00   11.00   17.50   1.43   4.10   0.00   3.30
'Maarheeze'   21   8   1998   13350.00   10.60   17.60   1.27   3.00   0.70   1.00
'Maarheeze'   22   8   1998   10080.00   11.20   17.10   1.30   3.70   4.10   1.30
'Maarheeze'   23   8   1998   16600.00   8.70   19.20   1.24   1.80   1.30   1.40
'Maarheeze'   24   8   1998   8790.00   6.00   17.70   1.29   0.60   23.70   1.70
'Maarheeze'   25   8   1998   14700.00   5.90   20.80   1.39   0.90   1.00   1.20
'Maarheeze'   26   8   1998   14770.00   10.20   20.60   1.51   1.60   1.60   0.70
'Maarheeze'   27   8   1998   11240.00   9.80   20.20   1.41   2.00   5.60   2.40
'Maarheeze'   28   8   1998   7470.00   14.40   18.20   1.52   0.70   2.70   1.40
'Maarheeze'   29   8   1998   9500.00   9.30   19.10   1.37   0.60   0.00   1.80
'Maarheeze'   30   8   1998   17180.00   8.30   20.70   1.23   0.70   2.50   0.90
'Maarheeze'   31   8   1998   13030.00   5.80   20.00   1.19   0.60   0.80   2.20
'Maarheeze'   1   9   1998   15070.00   9.70   19.40   1.22   1.10   0.00   1.10
'Maarheeze'   2   9   1998   14350.00   6.40   20.90   1.13   1.70   10.60   1.40
'Maarheeze'   3   9   1998   14120.00   7.50   20.30   1.27   1.80   11.80   1.20
'Maarheeze'   4   9   1998   17500.00   4.00   22.20   1.02   0.80   22.60   1.90
'Maarheeze'   5   9   1998   17040.00   4.20   23.50   1.07   0.60   3.10   1.90
'Maarheeze'   6   9   1998   16050.00   3.80   23.90   1.08   0.50   6.20   0.80
'Maarheeze'   7   9   1998   14060.00   6.40   24.70   1.28   1.80   4.50   1.50
'Maarheeze'   8   9   1998   9420.00   15.30   22.90   1.75   1.60   2.30   1.50
'Maarheeze'   9   9   1998   9930.00   10.10   21.70   1.57   0.80   1.40   1.20
'Maarheeze'   10   9   1998   14860.00   8.40   25.10   1.55   1.90   21.00   2.00
'Maarheeze'   11   9   1998   4790.00   12.20   20.00   1.62   1.70   3.00   2.50
'Maarheeze'   12   9   1998   10020.00   11.10   20.60   1.45   1.90   7.80   0.90
'Maarheeze'   13   9   1998   11070.00   9.60   17.60   1.22   3.10   5.60   1.10
'Maarheeze'   14   9   1998   13240.00   8.10   18.00   1.17   2.60   11.50   0.50
'Maarheeze'   15   9   1998   3550.00   10.60   16.20   1.51   2.20   31.60   1.70
'Maarheeze'   16   9   1998   7650.00   12.80   19.80   1.67   1.40   0.80   1.50
'Maarheeze'   17   9   1998   7470.00   11.00   18.50   1.44   1.30   7.80   0.90
'Maarheeze'   18   9   1998   6480.00   12.10   19.10   1.50   2.30   2.40   1.70
'Maarheeze'   19   9   1998   11220.00   11.30   18.90   1.36   3.30   0.00   0.90
'Maarheeze'   20   9   1998   4640.00   13.60   17.80   1.57   3.60   2.80   1.70
'Maarheeze'   21   9   1998   7520.00   12.60   18.50   1.47   1.20   0.00   2.40
'Maarheeze'   22   9   1998   8980.00   12.70   19.70   1.48   1.50   0.00   2.20
'Maarheeze'   23   9   1998   11250.00   10.00   17.80   1.28   2.40   0.00   2.40
'Maarheeze'   24   9   1998   13190.00   9.20   18.40   1.19   3.40   0.00   2.30
'Maarheeze'   25   9   1998   3540.00   11.30   16.00   1.28   2.90   0.00   1.80
'Maarheeze'   26   9   1998   4510.00   10.80   19.50   1.37   3.80   0.00   1.70
'Maarheeze'   27   9   1998   9380.00   9.00   18.00   1.27   2.20   1.40   1.80
'Maarheeze'   28   9   1998   10540.00   7.20   17.50   1.18   0.90   0.20   1.10
'Maarheeze'   29   9   1998   10540.00   6.70   17.60   1.12   1.00   1.70   1.10
'Maarheeze'   30   9   1998   9050.00   8.10   18.10   1.12   2.70   0.10   0.70
'Maarheeze'   1   10   1998   11470.00   9.20   20.30   1.20   3.00   2.20   1.50
'Maarheeze'   2   10   1998   4440.00   11.40   17.20   1.37   2.00   0.00   0.30
'Maarheeze'   3   10   1998   7640.00   8.20   13.60   0.96   4.30   0.10   0.20
'Maarheeze'   4   10   1998   1750.00   8.80   11.90   1.08   4.90   0.00   0.60
'Maarheeze'   5   10   1998   11400.00   9.60   16.70   1.20   2.20   0.50   0.20
'Maarheeze'   6   10   1998   2090.00   10.10   17.10   1.43   2.90   1.00   0.30
'Maarheeze'   7   10   1998   9830.00   9.40   14.80   1.02   5.30   1.50   0.30
'Maarheeze'   8   10   1998   5370.00   8.70   14.90   1.21   3.50   15.60   0.40
'Maarheeze'   9   10   1998   4710.00   9.90   17.90   1.21   4.50   3.40   1.10
'Maarheeze'   10   10   1998   5300.00   7.50   12.70   0.94   4.80   6.00   0.40
'Maarheeze'   11   10   1998   6200.00   6.90   11.80   0.93   4.60   1.50   0.30
'Maarheeze'   12   10   1998   3750.00   3.40   9.30   0.86   2.80   3.90   0.90
'Maarheeze'   13   10   1998   3240.00   3.60   10.00   0.88   3.80   2.10   0.90
'Maarheeze'   14   10   1998   5290.00   3.50   9.90   0.83   2.00   1.20   0.30
'Maarheeze'   15   10   1998   2830.00   1.20   9.00   0.79   0.60   3.10   1.20
'Maarheeze'   16   10   1998   5630.00   1.40   10.70   0.85   1.10   0.00   1.10
'Maarheeze'   17   10   1998   4040.00   3.00   10.00   0.88   2.10   0.00   0.40
'Maarheeze'   18   10   1998   770.00   6.80   8.50   1.01   0.60   3.10   1.00
'Maarheeze'   19   10   1998   2650.00   3.30   12.30   1.06   3.10   0.00   0.90
'Maarheeze'   20   10   1998   1180.00   4.90   13.70   1.14   4.30   4.00   1.00
'Maarheeze'   21   10   1998   5080.00   3.70   9.30   0.83   2.10   0.10   0.40
'Maarheeze'   22   10   1998   3350.00   3.50   8.40   0.87   3.70   0.70   0.40
'Maarheeze'   23   10   1998   7070.00   0.20   11.30   0.76   1.00   0.70   0.10
'Maarheeze'   24   10   1998   2630.00   1.20   8.60   0.82   2.40   8.80   0.50
'Maarheeze'   25   10   1998   2570.00   3.00   9.90   0.90   2.60   18.50   0.70
'Maarheeze'   26   10   1998   3130.00   -0.30   8.70   0.83   0.90   0.90   0.50
'Maarheeze'   27   10   1998   2780.00   3.70   7.30   0.87   2.80   5.30   0.20
'Maarheeze'   28   10   1998   5230.00   4.40   10.60   0.91   3.40   10.30   0.40
'Maarheeze'   29   10   1998   3560.00   6.50   11.50   1.02   3.50   11.50   0.70
'Maarheeze'   30   10   1998   5710.00   7.20   11.30   0.95   3.80   6.80   0.70
'Maarheeze'   31   10   1998   3150.00   6.60   14.50   1.10   4.90   3.50   0.20
'Maarheeze'   1   11   1998   980.00   6.60   14.10   1.29   3.60   31.00   0.80
'Maarheeze'   2   11   1998   480.00   10.40   14.30   1.28   4.30   1.80   0.50
'Maarheeze'   3   11   1998   1520.00   11.50   13.50   1.29   2.10   4.20   0.40
'Maarheeze'   4   11   1998   1880.00   4.50   12.30   1.06   2.20   3.10   0.30
'Maarheeze'   5   11   1998   4390.00   3.20   11.10   0.80   2.20   10.20   0.80
'Maarheeze'   6   11   1998   5300.00   2.10   10.50   0.73   2.00   1.30   0.60
'Maarheeze'   7   11   1998   5550.00   -3.30   9.10   0.64   1.20   0.00   0.70
'Maarheeze'   8   11   1998   5970.00   -5.20   5.80   0.51   0.90   0.00   0.20
'Maarheeze'   9   11   1998   1830.00   -3.00   5.20   0.65   0.80   14.60   0.30
'Maarheeze'   10   11   1998   2800.00   -3.00   4.50   0.63   3.40   0.70   0.40
'Maarheeze'   11   11   1998   1060.00   3.10   5.90   0.73   4.90   0.80   0.70
'Maarheeze'   12   11   1998   2020.00   5.10   10.00   1.15   2.60   0.00   0.60
'Maarheeze'   13   11   1998   3030.00   4.30   8.90   0.83   3.70   0.70   0.20
'Maarheeze'   14   11   1998   3840.00   0.60   9.40   0.70   2.20   5.40   0.10
'Maarheeze'   15   11   1998   5040.00   -0.60   5.00   0.61   1.80   14.90   0.20
'Maarheeze'   16   11   1998   2390.00   -0.90   3.40   0.53   2.90   1.30   0.60
'Maarheeze'   17   11   1998   780.00   1.30   7.60   0.69   3.40   0.20   0.50
'Maarheeze'   18   11   1998   2630.00   6.80   11.60   1.07   4.80   0.00   0.20
'Maarheeze'   19   11   1998   4490.00   3.50   11.70   0.87   2.10   1.20   0.20
'Maarheeze'   20   11   1998   710.00   4.10   16.00   1.24   7.10   0.00   0.50
'Maarheeze'   21   11   1998   2760.00   6.70   12.80   1.06   2.90   0.00   0.60
'Maarheeze'   22   11   1998   2780.00   10.40   12.80   1.25   4.50   0.00   0.50
'Maarheeze'   23   11   1998   3730.00   4.30   14.40   1.05   4.70   0.00   0.40
'Maarheeze'   24   11   1998   2910.00   1.90   7.70   0.64   5.50   0.00   0.30
'Maarheeze'   25   11   1998   950.00   1.30   5.20   0.65   4.20   0.00   0.30
'Maarheeze'   26   11   1998   1500.00   4.50   10.20   0.92   5.50   0.00   0.10
'Maarheeze'   27   11   1998   210.00   5.60   10.40   0.94   4.70   7.60   0.40
'Maarheeze'   28   11   1998   1500.00   1.40   7.00   0.73   2.90   0.20   0.40
'Maarheeze'   29   11   1998   2030.00   2.90   7.50   0.76   3.50   3.40   0.10
'Maarheeze'   30   11   1998   270.00   0.20   8.50   0.75   3.60   2.00   0.00
'Maarheeze'   1   12   1998   1670.00   0.40   6.50   0.68   2.80   0.50   0.10
'Maarheeze'   2   12   1998   2660.00   -2.40   7.50   0.70   1.30   0.00   0.10
'Maarheeze'   3   12   1998   1360.00   -1.80   8.70   0.79   2.50   0.00   0.10
'Maarheeze'   4   12   1998   360.00   2.30   9.30   0.85   4.10   0.00   0.20
'Maarheeze'   5   12   1998   1710.00   1.00   4.00   0.66   3.10   2.20   0.30
'Maarheeze'   6   12   1998   990.00   2.40   4.40   0.73   3.00   4.20   0.30
'Maarheeze'   7   12   1998   1920.00   0.30   4.60   0.68   2.60   1.20   0.20
'Maarheeze'   8   12   1998   570.00   -0.50   2.70   0.65   2.10   0.00   0.20
'Maarheeze'   9   12   1998   3030.00   -0.30   1.20   0.58   3.10   2.60   0.10
'Maarheeze'   10   12   1998   2270.00   -5.50   0.50   0.55   1.60   5.20   0.10
'Maarheeze'   11   12   1998   850.00   -3.60   0.50   0.56   2.30   1.30   0.10
'Maarheeze'   12   12   1998   1380.00   -5.60   -0.60   0.49   1.50   1.00   0.10
'Maarheeze'   13   12   1998   2860.00   -4.60   -1.40   0.41   3.20   7.30   0.40
'Maarheeze'   14   12   1998   970.00   -3.00   2.80   0.56   5.00   0.20   0.10
'Maarheeze'   15   12   1998   3750.00   -7.80   -1.00   0.40   1.90   0.00   0.10
'Maarheeze'   16   12   1998   3750.00   -11.70   -6.10   0.32   1.80   5.60   0.40
'Maarheeze'   17   12   1998   2270.00   -11.10   -6.80   0.31   2.20   0.00   0.40
'Maarheeze'   18   12   1998   1450.00   -12.20   -7.40   0.29   2.10   0.00   0.10
'Maarheeze'   19   12   1998   2600.00   -7.60   -0.70   0.46   1.00   2.10   0.10
'Maarheeze'   20   12   1998   2320.00   -5.20   -1.20   0.44   2.70   4.70   0.40
'Maarheeze'   21   12   1998   1910.00   -5.90   -2.80   0.36   3.30   0.00   0.40
'Maarheeze'   22   12   1998   810.00   -5.90   -3.10   0.43   1.60   0.80   0.10
'Maarheeze'   23   12   1998   1150.00   -4.10   1.10   0.54   1.10   0.10   0.20
'Maarheeze'   24   12   1998   1990.00   -3.40   1.00   0.57   2.10   0.50   0.20
'Maarheeze'   25   12   1998   2050.00   -5.10   2.50   0.57   2.00   0.10   0.10
'Maarheeze'   26   12   1998   1540.00   -7.90   -0.50   0.51   1.30   1.60   0.20
'Maarheeze'   27   12   1998   1470.00   -3.20   -0.50   0.46   2.90   1.60   0.10
'Maarheeze'   28   12   1998   1800.00   -1.10   2.40   0.56   3.00   6.00   0.10
'Maarheeze'   29   12   1998   530.00   1.80   5.70   0.70   4.00   1.20   0.40
'Maarheeze'   30   12   1998   2230.00   4.00   7.30   0.74   3.90   0.00   0.50
'Maarheeze'   31   12   1998   790.00   1.50   8.50   0.84   3.10   0.00   0.20
