  0.0982    0.107   0.4588   0.0792  -1.8248   0.6788   0.0979     0.07
  0.0792    0.076   0.4418   0.0787   -1.801   0.6944   0.1506     0.12
  0.0609    0.073   0.3991   0.0983  -1.9537   0.7273   0.1684     0.13
  0.0485    0.042   0.3904   0.0698  -1.4593   0.4678   0.2422     0.16
   0.053    0.029   0.3747   0.0549  -1.4526   0.2538   0.5024     0.18
  0.1169    0.114   0.3854   0.0461  -1.4764   0.5654   0.0816     0.06
  0.0633    0.078   0.3837   0.0607  -1.6763   0.7137   0.1238     0.12
  0.0387    0.054    0.387   0.0847  -1.5735   0.5633   0.1609     0.11
  0.0501    0.041   0.4887    0.078  -2.1823   0.2975   0.2245     0.13
  0.1108    0.119   0.4808   0.0799  -1.7901   0.6409   0.1208      0.1
  0.0901    0.082    0.482   0.0864  -2.0755   0.5917   0.1819     0.13
  0.0645    0.073   0.4387   0.0926  -2.2962   0.5734   0.2208     0.14
