Pcp_File_Version=2
*** BLOCK ?: DOMAIN INFORMATION ******************************************************
Number of Solutes   Equilibrium
    1              1
Nodal Information
    n   Code       h           Q        M     Beta     Axz      Bxz      Dxz     Temp     Conc(1..NS)   
    1     0         -90             0   1       0        1        1        1          20            0 
    2     0         -90             0   1       0        1        1        1          20            0 
    3     0         -90             0   1       0        1        1        1          20            0 
    4     0         -90             0   1       0        1        1        1          20            0 
    5     0         -90             0   1       0        1        1        1          20            0 
    6     0         -90             0   1       0        1        1        1          20            0 
    7     0         -90             0   1       0        1        1        1          20            0 
    8     0         -90             0   1       0        1        1        1          20            0 
    9     0    -82.6667             0   1       0        1        1        1          20            0 
   10     0    -74.5185             0   1       0        1        1        1          20            0 
   11     0    -65.5556             0   1       0        1        1        1          20            0 
   12     0    -55.7778             0   1       0        1        1        1          20            0 
   13     0    -45.1852             0   1       0        1        1        1          20            0 
   14     0    -33.7778             0   1       0        1        1        1          20            0 
   15     0    -21.5556             0   1       0        1        1        1          20            0 
   16     0    -8.51852             0   1       0        1        1        1          20            0 
   17     1     5.33333             0   2       0        1        1        1          20            0 
   18     1          20             0   2       0        1        1        1          20            0 
   19     0          20             0   2       0        1        1        1          20            0 
   20     0          20             0   2       0        1        1        1          20            0 
   21     0          20             0   2       0        1        1        1          20            0 
   22     0          20             0   2       0        1        1        1          20            0 
   23     0          20             0   2       0        1        1        1          20            0 
   24     0          20             0   2       0        1        1        1          20            0 
   25     0          20             0   2       0        1        1        1          20            0 
   26     0          20             0   2       0        1        1        1          20            0 
   27     0          20             0   2       0        1        1        1          20            0 
   28     0          20             0   2       0        1        1        1          20            0 
   29     0          20             0   2       0        1        1        1          20            0 
   30     0          20             0   2       0        1        1        1          20            0 
   31     0          20             0   2       0        1        1        1          20            0 
   32     0          20             0   2       0        1        1        1          20            0 
   33     0          20             0   2       0        1        1        1          20            0 
   34     0          20             0   2       0        1        1        1          20            0 
   35     0          20             0   2       0        1        1        1          20            0 
   36     0          20             0   2       0        1        1        1          20            0 
   37     0          20             0   2       0        1        1        1          20            0 
   38     0          20             0   2       0        1        1        1          20            0 
   39     0          20             0   2       0        1        1        1          20            0 
   40     0          20             0   2       0        1        1        1          20            0 
   41     0          20             0   2       0        1        1        1          20            0 
   42     0          20             0   2       0        1        1        1          20            0 
   43     0          20             0   2       0        1        1        1          20            0 
   44     1          20             0   2       0        1        1        1          20            0 
   45     1     5.33331             0   2       0        1        1        1          20            0 
   46     0    -8.51849             0   1       0        1        1        1          20            0 
   47     0    -21.5555             0   1       0        1        1        1          20            0 
   48     0    -33.7778             0   1       0        1        1        1          20            0 
   49     0    -45.1852             0   1       0        1        1        1          20            0 
   50     0    -55.7778             0   1       0        1        1        1          20            0 
   51     0    -65.5555             0   1       0        1        1        1          20            0 
   52     0    -74.5185             0   1       0        1        1        1          20            0 
   53     0    -82.6667             0   1       0        1        1        1          20            0 
   54     0         -90             0   1       0        1        1        1          20            0 
   55     0         -90             0   1       0        1        1        1          20            0 
   56     0         -90             0   1       0        1        1        1          20            0 
   57     0         -90             0   1       0        1        1        1          20            0 
   58     0         -90             0   1       0        1        1        1          20            0 
   59     0         -90             0   1       0        1        1        1          20            0 
   60     0         -90             0   1       0        1        1        1          20            0 
   61     0         -90             0   1       0        1        1        1          20            0 
   62     0      -86.86             0   1       0        1        1        1          20            0 
   63     0    -83.7522             0   1       0        1        1        1          20            0 
   64     0    -80.7087             0   1       0        1        1        1          20            0 
   65     0    -77.7618             0   1       0        1        1        1          20            0 
   66     0    -74.9436             0   1       0        1        1        1          20            0 
   67     0    -72.2864             0   1       0        1        1        1          20            0 
   68     0    -69.8222             0   1       0        1        1        1          20            0 
   69     0    -67.5761             0   1       0        1        1        1          20            0 
   70     1    -3.88036             0   1       0        1        1        1          20            0 
   71     1    -2.07008             0   1       0        1        1        1          20            0 
   72     1   -0.473068             0   1       0        1        1        1          20            0 
   73     1    0.913795             0   1       0        1        1        1          20            0 
   74     1     2.09364             0   1       0        1        1        1          20            0 
   75     1     3.06957             0   1       0        1        1        1          20            0 
   76     1     3.84473             0   1       0        1        1        1          20            0 
   77     1     4.42223             0   1       0        1        1        1          20            0 
   78     1      4.8052             0   1       0        1        1        1          20            0 
   79     1     4.99674             0   1       0        1        1        1          20            0 
   80     1           5             0   1       0        1        1        1          20            0 
   81     1     4.81809             0   1       0        1        1        1          20            0 
   82     1     4.45412             0   1       0        1        1        1          20            0 
   83     1     3.91124             0   1       0        1        1        1          20            0 
   84     1     3.19254             0   1       0        1        1        1          20            0 
   85     1     2.30117             0   1       0        1        1        1          20            0 
   86     1     1.24023             0   1       0        1        1        1          20            0 
   87     1   0.0128479             0   1       0        1        1        1          20            0 
   88     1    -1.37785             0   1       0        1        1        1          20            0 
   89     0    -64.5978             0   1       0        1        1        1          20            0 
   90     0    -66.3057             0   1       0        1        1        1          20            0 
   91     0    -68.1677             0   1       0        1        1        1          20            0 
   92     0    -70.1804             0   1       0        1        1        1          20            0 
   93     0    -72.3376             0   1       0        1        1        1          20            0 
   94     0    -74.6229             0   1       0        1        1        1          20            0 
   95     0     -77.018             0   1       0        1        1        1          20            0 
   96     0    -79.5046             0   1       0        1        1        1          20            0 
   97     0    -82.0644             0   1       0        1        1        1          20            0 
   98     0    -84.6791             0   1       0        1        1        1          20            0 
   99     0    -87.3304             0   1       0        1        1        1          20            0 
  100     0    -55.4998             0   1       0        1        1        1          20            0 
  101     0     -85.889             0   1       0        1        1        1          20            0 
  102     0    -80.3294             0   1       0        1        1        1          20            0 
  103     0    -84.4011             0   1       0        1        1        1          20            0 
  104     0    -76.5073             0   1       0        1        1        1          20            0 
  105     0    -81.8767             0   1       0        1        1        1          20            0 
  106     0    -79.5433             0   1       0        1        1        1          20            0 
  107     0    -67.7138             0   1       0        1        1        1          20            0 
  108     0    -78.7181             0   1       0        1        1        1          20            0 
  109     0    -77.0841             0   1       0        1        1        1          20            0 
  110     0    -72.3406             0   1       0        1        1        1          20            0 
  111     0    -22.0357             0   1       0        1        1        1          20            0 
  112     0    -2.49348             0   2       0        1        1        1          20            0 
  113     0    -5.92658             0   2       0        1        1        1          20            0 
  114     0      5.4221             0   2       0        1        1        1          20            0 
  115     0    -23.7425             0   1       0        1        1        1          20            0 
  116     0    -19.1801             0   1       0        1        1        1          20            0 
  117     0    -36.4993             0   1       0        1        1        1          20            0 
  118     0    -35.1388             0   1       0        1        1        1          20            0 
  119     0    -47.3578             0   1       0        1        1        1          20            0 
  120     0    -63.3103             0   1       0        1        1        1          20            0 
  121     0    -49.4417             0   1       0        1        1        1          20            0 
  122     0    -65.3387             0   1       0        1        1        1          20            0 
  123     0    -14.7676             0   1       0        1        1        1          20            0 
  124     0    -59.5221             0   1       0        1        1        1          20            0 
  125     0     -9.7888             0   1       0        1        1        1          20            0 
  126     0    -37.6153             0   1       0        1        1        1          20            0 
  127     0    -26.8347             0   1       0        1        1        1          20            0 
  128     0    -55.4835             0   1       0        1        1        1          20            0 
  129     0    -9.89964             0   1       0        1        1        1          20            0 
  130     0    -42.2814             0   1       0        1        1        1          20            0 
  131     0    -55.1615             0   1       0        1        1        1          20            0 
  132     0    -29.7376             0   1       0        1        1        1          20            0 
  133     0    -47.2893             0   1       0        1        1        1          20            0 
  134     0     -12.449             0   1       0        1        1        1          20            0 
  135     0    -31.5975             0   1       0        1        1        1          20            0 
  136     0    -15.3868             0   1       0        1        1        1          20            0 
  137     0    -46.2792             0   1       0        1        1        1          20            0 
  138     0    -15.0624             0   1       0        1        1        1          20            0 
  139     0    -31.4778             0   1       0        1        1        1          20            0 
  140     0      -12.73             0   1       0        1        1        1          20            0 
  141     0    -36.2156             0   1       0        1        1        1          20            0 
  142     0    -45.8102             0   1       0        1        1        1          20            0 
  143     0    -12.3928             0   1       0        1        1        1          20            0 
  144     0    -37.3353             0   1       0        1        1        1          20            0 
  145     0    -37.1522             0   1       0        1        1        1          20            0 
  146     0    -37.0198             0   1       0        1        1        1          20            0 
  147     0    -11.3779             0   1       0        1        1        1          20            0 
  148     0     -37.584             0   1       0        1        1        1          20            0 
  149     0    -37.6453             0   1       0        1        1        1          20            0 
  150     0    -12.9451             0   1       0        1        1        1          20            0 
  151     0    -36.9389             0   1       0        1        1        1          20            0 
  152     0    -47.0114             0   1       0        1        1        1          20            0 
  153     0    -15.4976             0   1       0        1        1        1          20            0 
  154     0    -32.2947             0   1       0        1        1        1          20            0 
  155     0    -15.9071             0   1       0        1        1        1          20            0 
  156     0    -47.4017             0   1       0        1        1        1          20            0 
  157     0    -14.9575             0   1       0        1        1        1          20            0 
  158     0    -32.0508             0   1       0        1        1        1          20            0 
  159     0    -7.37759             0   2       0        1        1        1          20            0 
  160     0    -48.2043             0   1       0        1        1        1          20            0 
  161     0    -29.8512             0   1       0        1        1        1          20            0 
  162     0    -26.9753             0   1       0        1        1        1          20            0 
  163     0    -56.7788             0   1       0        1        1        1          20            0 
  164     0    -43.2635             0   1       0        1        1        1          20            0 
  165     0    -57.8038             0   1       0        1        1        1          20            0 
  166     0    -44.4563             0   1       0        1        1        1          20            0 
  167     0    -27.5608             0   1       0        1        1        1          20            0 
  168     0    -9.18498             0   1       0        1        1        1          20            0 
  169     0    -10.4379             0   1       0        1        1        1          20            0 
  170     0     8.78621             0   2       0        1        1        1          20            0 
  171     0    -30.7651             0   1       0        1        1        1          20            0 
  172     0     -71.651             0   1       0        1        1        1          20            0 
  173     0    -42.8842             0   1       0        1        1        1          20            0 
  174     0    -61.7226             0   1       0        1        1        1          20            0 
  175     0    -12.4861             0   1       0        1        1        1          20            0 
  176     0    -51.1411             0   1       0        1        1        1          20            0 
  177     0    -36.5344             0   1       0        1        1        1          20            0 
  178     0    -67.4024             0   1       0        1        1        1          20            0 
  179     0    -50.9234             0   1       0        1        1        1          20            0 
  180     0    -66.8065             0   1       0        1        1        1          20            0 
  181     0    -57.6957             0   1       0        1        1        1          20            0 
  182     0    -78.2941             0   1       0        1        1        1          20            0 
  183     0    -58.6912             0   1       0        1        1        1          20            0 
  184     0    -68.8856             0   1       0        1        1        1          20            0 
  185     0    -78.5061             0   1       0        1        1        1          20            0 
  186     0    -73.0826             0   1       0        1        1        1          20            0 
  187     0    -80.4759             0   1       0        1        1        1          20            0 
  188     0     -85.319             0   1       0        1        1        1          20            0 
  189     0    -84.1755             0   1       0        1        1        1          20            0 
  190     0    -78.9714             0   1       0        1        1        1          20            0 
  191     0    -84.1319             0   1       0        1        1        1          20            0 
  192     0    -77.0479             0   1       0        1        1        1          20            0 
  193     0     -46.613             0   1       0        1        1        1          20            0 
  194     0    -67.9871             0   1       0        1        1        1          20            0 
  195     0    -83.7179             0   1       0        1        1        1          20            0 
  196     0    -58.7002             0   1       0        1        1        1          20            0 
  197     0    -85.1371             0   1       0        1        1        1          20            0 
  198     0     -64.486             0   1       0        1        1        1          20            0 
  199     0    -83.4978             0   1       0        1        1        1          20            0 
  200     0      4.8305             0   2       0        1        1        1          20            0 
  201     0     6.69768             0   2       0        1        1        1          20            0 
  202     0    -19.4767             0   1       0        1        1        1          20            0 
  203     0    -8.72626             0   1       0        1        1        1          20            0 
  204     0     -24.905             0   1       0        1        1        1          20            0 
  205     0    -35.1221             0   1       0        1        1        1          20            0 
  206     0    -79.8062             0   1       0        1        1        1          20            0 
  207     0    -64.9251             0   1       0        1        1        1          20            0 
  208     0    -75.4835             0   1       0        1        1        1          20            0 
  209     0    -6.21529             0   2       0        1        1        1          20            0 
  210     0    -69.4514             0   1       0        1        1        1          20            0 
  211     0     5.49394             0   2       0        1        1        1          20            0 
  212     0    -50.4147             0   1       0        1        1        1          20            0 
  213     0     -16.436             0   1       0        1        1        1          20            0 
  214     0    -64.6335             0   1       0        1        1        1          20            0 
  215     0    -5.52793             0   2       0        1        1        1          20            0 
  216     0    -48.1398             0   1       0        1        1        1          20            0 
  217     0    -58.9621             0   1       0        1        1        1          20            0 
  218     0    -36.7757             0   1       0        1        1        1          20            0 
  219     0    -54.8721             0   1       0        1        1        1          20            0 
  220     0     -2.8955             0   2       0        1        1        1          20            0 
  221     0    -42.0045             0   1       0        1        1        1          20            0 
  222     0    -6.47263             0   2       0        1        1        1          20            0 
  223     0    -54.2956             0   1       0        1        1        1          20            0 
  224     0    -3.97819             0   2       0        1        1        1          20            0 
  225     0    -41.2342             0   1       0        1        1        1          20            0 
  226     0    -2.80597             0   2       0        1        1        1          20            0 
  227     0    -44.2321             0   1       0        1        1        1          20            0 
  228     0    -52.9081             0   1       0        1        1        1          20            0 
  229     0    -2.62881             0   2       0        1        1        1          20            0 
  230     0    -44.1702             0   1       0        1        1        1          20            0 
  231     0    -43.9565             0   1       0        1        1        1          20            0 
  232     0    -44.2249             0   1       0        1        1        1          20            0 
  233     0    -7.35466             0   2       0        1        1        1          20            0 
  234     0    -44.3742             0   1       0        1        1        1          20            0 
  235     0    -44.6088             0   1       0        1        1        1          20            0 
  236     0    -4.21303             0   2       0        1        1        1          20            0 
  237     0    -44.6641             0   1       0        1        1        1          20            0 
  238     0    -45.1954             0   1       0        1        1        1          20            0 
  239     0    -6.86053             0   2       0        1        1        1          20            0 
  240     0     -42.339             0   1       0        1        1        1          20            0 
  241     0    -6.58824             0   2       0        1        1        1          20            0 
  242     0    -54.3687             0   1       0        1        1        1          20            0 
  243     0    -5.37515             0   2       0        1        1        1          20            0 
  244     0    -42.2518             0   1       0        1        1        1          20            0 
  245     0    -4.61424             0   2       0        1        1        1          20            0 
  246     0    -56.6326             0   1       0        1        1        1          20            0 
  247     0    -37.2484             0   1       0        1        1        1          20            0 
  248     0    -15.8705             0   1       0        1        1        1          20            0 
  249     0    -61.4836             0   1       0        1        1        1          20            0 
  250     0    -48.8768             0   1       0        1        1        1          20            0 
  251     0    -61.1929             0   1       0        1        1        1          20            0 
  252     0    -41.1991             0   1       0        1        1        1          20            0 
  253     0     -21.075             0   1       0        1        1        1          20            0 
  254     0     4.16502             0   2       0        1        1        1          20            0 
  255     0     -14.319             0   1       0        1        1        1          20            0 
  256     0    0.948914             0   2       0        1        1        1          20            0 
  257     0    -18.2704             0   1       0        1        1        1          20            0 
  258     0     -53.603             0   1       0        1        1        1          20            0 
  259     0    -66.9928             0   1       0        1        1        1          20            0 
  260     0     4.46949             0   2       0        1        1        1          20            0 
  261     0    -59.6302             0   1       0        1        1        1          20            0 
  262     0    -26.6582             0   1       0        1        1        1          20            0 
  263     0    -71.3927             0   1       0        1        1        1          20            0 
  264     0    -50.9118             0   1       0        1        1        1          20            0 
  265     0    -70.6004             0   1       0        1        1        1          20            0 
  266     0    -48.1368             0   1       0        1        1        1          20            0 
  267     0    -74.4679             0   1       0        1        1        1          20            0 
  268     0    -59.2484             0   1       0        1        1        1          20            0 
  269     0    -61.5545             0   1       0        1        1        1          20            0 
  270     0    -84.6431             0   1       0        1        1        1          20            0 
  271     0    -78.7867             0   1       0        1        1        1          20            0 
  272     0    -82.6273             0   1       0        1        1        1          20            0 
  273     0    -83.9968             0   1       0        1        1        1          20            0 
  274     0    -40.9659             0   1       0        1        1        1          20            0 
  275     0    -70.4506             0   1       0        1        1        1          20            0 
  276     0    -85.4859             0   1       0        1        1        1          20            0 
  277     0    -60.0525             0   1       0        1        1        1          20            0 
  278     0    -85.5667             0   1       0        1        1        1          20            0 
  279     0     -74.411             0   1       0        1        1        1          20            0 
  280     0    -51.1274             0   1       0        1        1        1          20            0 
  281     0    -71.5129             0   1       0        1        1        1          20            0 
  282     0    -81.2438             0   1       0        1        1        1          20            0 
  283     0    -74.4701             0   1       0        1        1        1          20            0 
  284     0    -68.1094             0   1       0        1        1        1          20            0 
  285     0     -63.592             0   1       0        1        1        1          20            0 
  286     0    -76.8985             0   1       0        1        1        1          20            0 
  287     0    -84.7047             0   1       0        1        1        1          20            0 
  288     0    -83.5504             0   1       0        1        1        1          20            0 
  289     0    -7.38726             0   2       0        1        1        1          20            0 
  290     0    -27.0766             0   1       0        1        1        1          20            0 
  291     0      9.4277             0   2       0        1        1        1          20            0 
  292     0     -10.313             0   1       0        1        1        1          20            0 
  293     0    -33.4369             0   1       0        1        1        1          20            0 
  294     0    -15.5864             0   1       0        1        1        1          20            0 
  295     0     4.31879             0   2       0        1        1        1          20            0 
  296     0    -41.0078             0   1       0        1        1        1          20            0 
  297     0    -29.9688             0   1       0        1        1        1          20            0 
  298     0     -36.255             0   1       0        1        1        1          20            0 
  299     0    -10.3729             0   1       0        1        1        1          20            0 
  300     0    -44.1619             0   1       0        1        1        1          20            0 
  301     0    -46.3598             0   1       0        1        1        1          20            0 
  302     0    -58.8349             0   1       0        1        1        1          20            0 
  303     0    -73.0166             0   1       0        1        1        1          20            0 
  304     0    -55.3159             0   1       0        1        1        1          20            0 
  305     0    -57.5233             0   1       0        1        1        1          20            0 
  306     0    -54.4232             0   1       0        1        1        1          20            0 
  307     0     -72.271             0   1       0        1        1        1          20            0 
  308     0    -30.5454             0   1       0        1        1        1          20            0 
  309     0     6.25687             0   2       0        1        1        1          20            0 
  310     0    -25.9125             0   1       0        1        1        1          20            0 
  311     0     -66.895             0   1       0        1        1        1          20            0 
  312     0       -49.2             0   1       0        1        1        1          20            0 
  313     0     4.64696             0   2       0        1        1        1          20            0 
  314     0    -25.2329             0   1       0        1        1        1          20            0 
  315     0     -59.226             0   1       0        1        1        1          20            0 
  316     0    -22.5298             0   1       0        1        1        1          20            0 
  317     0    -4.92532             0   2       0        1        1        1          20            0 
  318     0    -45.2705             0   1       0        1        1        1          20            0 
  319     0    -63.2984             0   1       0        1        1        1          20            0 
  320     0    -35.7312             0   1       0        1        1        1          20            0 
  321     0     5.03455             0   2       0        1        1        1          20            0 
  322     0    -33.3773             0   1       0        1        1        1          20            0 
  323     0    -60.2164             0   1       0        1        1        1          20            0 
  324     0    -50.6719             0   1       0        1        1        1          20            0 
  325     0    -61.7495             0   1       0        1        1        1          20            0 
  326     0    -22.3327             0   1       0        1        1        1          20            0 
  327     0    -55.3554             0   1       0        1        1        1          20            0 
  328     0     -40.096             0   1       0        1        1        1          20            0 
  329     0    -56.6346             0   1       0        1        1        1          20            0 
  330     0     -18.186             0   1       0        1        1        1          20            0 
  331     0     8.01303             0   2       0        1        1        1          20            0 
  332     0    -29.3558             0   1       0        1        1        1          20            0 
  333     0    -50.9035             0   1       0        1        1        1          20            0 
  334     0    -20.1422             0   1       0        1        1        1          20            0 
  335     0     6.00493             0   2       0        1        1        1          20            0 
  336     0    -36.8012             0   1       0        1        1        1          20            0 
  337     0    -53.7203             0   1       0        1        1        1          20            0 
  338     0    -26.4877             0   1       0        1        1        1          20            0 
  339     0     6.62236             0   2       0        1        1        1          20            0 
  340     0    -27.3477             0   1       0        1        1        1          20            0 
  341     0    -49.7186             0   1       0        1        1        1          20            0 
  342     0    -20.3844             0   1       0        1        1        1          20            0 
  343     0     7.62176             0   2       0        1        1        1          20            0 
  344     0    -28.9612             0   1       0        1        1        1          20            0 
  345     0    -50.8665             0   1       0        1        1        1          20            0 
  346     0    -37.4611             0   1       0        1        1        1          20            0 
  347     0    -51.5123             0   1       0        1        1        1          20            0 
  348     0    -21.3425             0   1       0        1        1        1          20            0 
  349     0     8.03315             0   2       0        1        1        1          20            0 
  350     0    -29.2603             0   1       0        1        1        1          20            0 
  351     0    -50.6727             0   1       0        1        1        1          20            0 
  352     0    -30.7483             0   1       0        1        1        1          20            0 
  353     0    -50.6696             0   1       0        1        1        1          20            0 
  354     0    -21.9148             0   1       0        1        1        1          20            0 
  355     0    -50.7844             0   1       0        1        1        1          20            0 
  356     0     -21.088             0   1       0        1        1        1          20            0 
  357     0     4.55196             0   2       0        1        1        1          20            0 
  358     0    -47.6356             0   1       0        1        1        1          20            0 
  359     0     -51.006             0   1       0        1        1        1          20            0 
  360     0    -31.0343             0   1       0        1        1        1          20            0 
  361     0    -51.3141             0   1       0        1        1        1          20            0 
  362     0    -22.1123             0   1       0        1        1        1          20            0 
  363     0     7.53879             0   2       0        1        1        1          20            0 
  364     0    -29.4459             0   1       0        1        1        1          20            0 
  365     0    -51.8144             0   1       0        1        1        1          20            0 
  366     0    -21.7354             0   1       0        1        1        1          20            0 
  367     0    -52.7283             0   1       0        1        1        1          20            0 
  368     0     -28.001             0   1       0        1        1        1          20            0 
  369     0      6.4628             0   2       0        1        1        1          20            0 
  370     0    -38.3818             0   1       0        1        1        1          20            0 
  371     0    -51.2076             0   1       0        1        1        1          20            0 
  372     0    -20.9732             0   1       0        1        1        1          20            0 
  373     0     5.80982             0   2       0        1        1        1          20            0 
  374     0     -37.573             0   1       0        1        1        1          20            0 
  375     0    -55.3909             0   1       0        1        1        1          20            0 
  376     0    -27.0893             0   1       0        1        1        1          20            0 
  377     0     6.23973             0   2       0        1        1        1          20            0 
  378     0    -26.0437             0   1       0        1        1        1          20            0 
  379     0    -55.8427             0   1       0        1        1        1          20            0 
  380     0    -20.5798             0   1       0        1        1        1          20            0 
  381     0     6.14883             0   2       0        1        1        1          20            0 
  382     0    -40.6723             0   1       0        1        1        1          20            0 
  383     0      -58.47             0   1       0        1        1        1          20            0 
  384     0    -21.6446             0   1       0        1        1        1          20            0 
  385     0    -50.0108             0   1       0        1        1        1          20            0 
  386     0    -17.4954             0   1       0        1        1        1          20            0 
  387     0     6.30452             0   2       0        1        1        1          20            0 
  388     0    -52.4644             0   1       0        1        1        1          20            0 
  389     0    -63.8334             0   1       0        1        1        1          20            0 
  390     0    -36.6387             0   1       0        1        1        1          20            0 
  391     0    -54.4735             0   1       0        1        1        1          20            0 
  392     0     -33.776             0   1       0        1        1        1          20            0 
  393     0    -65.6965             0   1       0        1        1        1          20            0 
  394     0    -23.9274             0   1       0        1        1        1          20            0 
  395     0    -37.9004             0   1       0        1        1        1          20            0 
  396     0    -42.1471             0   1       0        1        1        1          20            0 
  397     0     -30.591             0   1       0        1        1        1          20            0 
  398     0    -22.7914             0   1       0        1        1        1          20            0 
  399     0    -16.3968             0   1       0        1        1        1          20            0 
  400     0    -4.69439             0   2       0        1        1        1          20            0 
  401     0     -4.3455             0   2       0        1        1        1          20            0 
  402     0     11.0725             0   2       0        1        1        1          20            0 
  403     0     5.76991             0   2       0        1        1        1          20            0 
  404     0    -34.4829             0   1       0        1        1        1          20            0 
  405     0     -64.688             0   1       0        1        1        1          20            0 
  406     0    -61.7551             0   1       0        1        1        1          20            0 
  407     0    -20.4922             0   1       0        1        1        1          20            0 
  408     0    -69.1003             0   1       0        1        1        1          20            0 
  409     0    -27.5623             0   1       0        1        1        1          20            0 
  410     0     4.26494             0   2       0        1        1        1          20            0 
  411     0    -51.6834             0   1       0        1        1        1          20            0 
  412     0    -66.8457             0   1       0        1        1        1          20            0 
  413     0    -41.4428             0   1       0        1        1        1          20            0 
  414     0    -6.44161             0   2       0        1        1        1          20            0 
  415     0    -56.8669             0   1       0        1        1        1          20            0 
  416     0    -73.9013             0   1       0        1        1        1          20            0 
  417     0    -46.4517             0   1       0        1        1        1          20            0 
  418     0    -39.2513             0   1       0        1        1        1          20            0 
  419     0    -61.8546             0   1       0        1        1        1          20            0 
  420     0    -76.6848             0   1       0        1        1        1          20            0 
  421     0    -58.6116             0   1       0        1        1        1          20            0 
  422     0    -51.3337             0   1       0        1        1        1          20            0 
  423     0    -64.2696             0   1       0        1        1        1          20            0 
  424     0    -76.2894             0   1       0        1        1        1          20            0 
  425     0    -71.3765             0   1       0        1        1        1          20            0 
  426     0    -53.4714             0   1       0        1        1        1          20            0 
  427     0    -66.8203             0   1       0        1        1        1          20            0 
  428     0    -75.9225             0   1       0        1        1        1          20            0 
  429     0    -81.9715             0   1       0        1        1        1          20            0 
  430     0    -85.1853             0   1       0        1        1        1          20            0 
  431     0    -82.0153             0   1       0        1        1        1          20            0 
  432     0    -85.9375             0   1       0        1        1        1          20            0 
  433     0    -73.9503             0   1       0        1        1        1          20            0 
  434     0    -84.9923             0   1       0        1        1        1          20            0 
  435     0    -68.4161             0   1       0        1        1        1          20            0 
  436     0    -86.1959             0   1       0        1        1        1          20            0 
  437     0    -33.2848             0   1       0        1        1        1          20            0 
  438     0    -31.7003             0   1       0        1        1        1          20            0 
Element Information ------------------------------------------------------------------
    e    Angle    AnizA1    AnizA2  LayNum
    1        0         1         1     1
    2        0         1         1     1
    3        0         1         1     1
    4        0         1         1     1
    5        0         1         1     1
    6        0         1         1     1
    7        0         1         1     1
    8        0         1         1     1
    9        0         1         1     1
   10        0         1         1     1
   11        0         1         1     1
   12        0         1         1     1
   13        0         1         1     1
   14        0         1         1     1
   15        0         1         1     1
   16        0         1         1     1
   17        0         1         1     1
   18        0         1         1     1
   19        0         1         1     1
   20        0         1         1     1
   21        0         1         1     1
   22        0         1         1     1
   23        0         1         1     1
   24        0         1         1     1
   25        0         1         1     1
   26        0         1         1     1
   27        0         1         1     1
   28        0         1         1     1
   29        0         1         1     1
   30        0         1         1     1
   31        0         1         1     1
   32        0         1         1     1
   33        0         1         1     1
   34        0         1         1     1
   35        0         1         1     1
   36        0         1         1     1
   37        0         1         1     1
   38        0         1         1     1
   39        0         1         1     1
   40        0         1         1     1
   41        0         1         1     1
   42        0         1         1     1
   43        0         1         1     1
   44        0         1         1     1
   45        0         1         1     1
   46        0         1         1     1
   47        0         1         1     1
   48        0         1         1     1
   49        0         1         1     1
   50        0         1         1     1
   51        0         1         1     1
   52        0         1         1     1
   53        0         1         1     1
   54        0         1         1     1
   55        0         1         1     1
   56        0         1         1     1
   57        0         1         1     1
   58        0         1         1     1
   59        0         1         1     1
   60        0         1         1     1
   61        0         1         1     1
   62        0         1         1     1
   63        0         1         1     1
   64        0         1         1     1
   65        0         1         1     1
   66        0         1         1     1
   67        0         1         1     1
   68        0         1         1     1
   69        0         1         1     1
   70        0         1         1     1
   71        0         1         1     1
   72        0         1         1     1
   73        0         1         1     1
   74        0         1         1     1
   75        0         1         1     1
   76        0         1         1     1
   77        0         1         1     1
   78        0         1         1     1
   79        0         1         1     1
   80        0         1         1     1
   81        0         1         1     1
   82        0         1         1     1
   83        0         1         1     1
   84        0         1         1     1
   85        0         1         1     1
   86        0         1         1     1
   87        0         1         1     1
   88        0         1         1     1
   89        0         1         1     1
   90        0         1         1     1
   91        0         1         1     1
   92        0         1         1     1
   93        0         1         1     1
   94        0         1         1     1
   95        0         1         1     1
   96        0         1         1     1
   97        0         1         1     1
   98        0         1         1     1
   99        0         1         1     1
  100        0         1         1     1
  101        0         1         1     1
  102        0         1         1     1
  103        0         1         1     1
  104        0         1         1     1
  105        0         1         1     1
  106        0         1         1     1
  107        0         1         1     1
  108        0         1         1     1
  109        0         1         1     1
  110        0         1         1     1
  111        0         1         1     1
  112        0         1         1     1
  113        0         1         1     1
  114        0         1         1     1
  115        0         1         1     1
  116        0         1         1     1
  117        0         1         1     1
  118        0         1         1     1
  119        0         1         1     1
  120        0         1         1     1
  121        0         1         1     1
  122        0         1         1     1
  123        0         1         1     1
  124        0         1         1     1
  125        0         1         1     1
  126        0         1         1     1
  127        0         1         1     1
  128        0         1         1     1
  129        0         1         1     1
  130        0         1         1     1
  131        0         1         1     1
  132        0         1         1     1
  133        0         1         1     1
  134        0         1         1     1
  135        0         1         1     1
  136        0         1         1     1
  137        0         1         1     1
  138        0         1         1     1
  139        0         1         1     1
  140        0         1         1     1
  141        0         1         1     1
  142        0         1         1     1
  143        0         1         1     1
  144        0         1         1     1
  145        0         1         1     1
  146        0         1         1     1
  147        0         1         1     1
  148        0         1         1     1
  149        0         1         1     1
  150        0         1         1     1
  151        0         1         1     1
  152        0         1         1     1
  153        0         1         1     1
  154        0         1         1     1
  155        0         1         1     1
  156        0         1         1     1
  157        0         1         1     1
  158        0         1         1     1
  159        0         1         1     1
  160        0         1         1     1
  161        0         1         1     1
  162        0         1         1     1
  163        0         1         1     1
  164        0         1         1     1
  165        0         1         1     1
  166        0         1         1     1
  167        0         1         1     1
  168        0         1         1     1
  169        0         1         1     1
  170        0         1         1     1
  171        0         1         1     1
  172        0         1         1     1
  173        0         1         1     1
  174        0         1         1     1
  175        0         1         1     1
  176        0         1         1     1
  177        0         1         1     1
  178        0         1         1     1
  179        0         1         1     1
  180        0         1         1     1
  181        0         1         1     1
  182        0         1         1     1
  183        0         1         1     1
  184        0         1         1     1
  185        0         1         1     1
  186        0         1         1     1
  187        0         1         1     1
  188        0         1         1     1
  189        0         1         1     1
  190        0         1         1     1
  191        0         1         1     1
  192        0         1         1     1
  193        0         1         1     1
  194        0         1         1     1
  195        0         1         1     1
  196        0         1         1     1
  197        0         1         1     1
  198        0         1         1     1
  199        0         1         1     1
  200        0         1         1     1
  201        0         1         1     1
  202        0         1         1     1
  203        0         1         1     1
  204        0         1         1     1
  205        0         1         1     1
  206        0         1         1     1
  207        0         1         1     1
  208        0         1         1     1
  209        0         1         1     1
  210        0         1         1     1
  211        0         1         1     1
  212        0         1         1     1
  213        0         1         1     1
  214        0         1         1     1
  215        0         1         1     1
  216        0         1         1     1
  217        0         1         1     1
  218        0         1         1     1
  219        0         1         1     1
  220        0         1         1     1
  221        0         1         1     1
  222        0         1         1     1
  223        0         1         1     1
  224        0         1         1     1
  225        0         1         1     1
  226        0         1         1     1
  227        0         1         1     1
  228        0         1         1     1
  229        0         1         1     1
  230        0         1         1     1
  231        0         1         1     1
  232        0         1         1     1
  233        0         1         1     1
  234        0         1         1     1
  235        0         1         1     1
  236        0         1         1     1
  237        0         1         1     1
  238        0         1         1     1
  239        0         1         1     1
  240        0         1         1     1
  241        0         1         1     1
  242        0         1         1     1
  243        0         1         1     1
  244        0         1         1     1
  245        0         1         1     1
  246        0         1         1     1
  247        0         1         1     1
  248        0         1         1     1
  249        0         1         1     1
  250        0         1         1     1
  251        0         1         1     1
  252        0         1         1     1
  253        0         1         1     1
  254        0         1         1     1
  255        0         1         1     1
  256        0         1         1     1
  257        0         1         1     1
  258        0         1         1     1
  259        0         1         1     1
  260        0         1         1     1
  261        0         1         1     1
  262        0         1         1     1
  263        0         1         1     1
  264        0         1         1     1
  265        0         1         1     1
  266        0         1         1     1
  267        0         1         1     1
  268        0         1         1     1
  269        0         1         1     1
  270        0         1         1     1
  271        0         1         1     1
  272        0         1         1     1
  273        0         1         1     1
  274        0         1         1     1
  275        0         1         1     1
  276        0         1         1     1
  277        0         1         1     1
  278        0         1         1     1
  279        0         1         1     1
  280        0         1         1     1
  281        0         1         1     1
  282        0         1         1     1
  283        0         1         1     1
  284        0         1         1     1
  285        0         1         1     1
  286        0         1         1     1
  287        0         1         1     1
  288        0         1         1     1
  289        0         1         1     1
  290        0         1         1     1
  291        0         1         1     1
  292        0         1         1     1
  293        0         1         1     1
  294        0         1         1     1
  295        0         1         1     1
  296        0         1         1     1
  297        0         1         1     1
  298        0         1         1     1
  299        0         1         1     1
  300        0         1         1     1
  301        0         1         1     1
  302        0         1         1     1
  303        0         1         1     1
  304        0         1         1     1
  305        0         1         1     1
  306        0         1         1     1
  307        0         1         1     1
  308        0         1         1     1
  309        0         1         1     1
  310        0         1         1     1
  311        0         1         1     1
  312        0         1         1     1
  313        0         1         1     1
  314        0         1         1     1
  315        0         1         1     1
  316        0         1         1     1
  317        0         1         1     1
  318        0         1         1     1
  319        0         1         1     1
  320        0         1         1     1
  321        0         1         1     1
  322        0         1         1     1
  323        0         1         1     1
  324        0         1         1     1
  325        0         1         1     1
  326        0         1         1     1
  327        0         1         1     1
  328        0         1         1     1
  329        0         1         1     1
  330        0         1         1     1
  331        0         1         1     1
  332        0         1         1     1
  333        0         1         1     1
  334        0         1         1     1
  335        0         1         1     1
  336        0         1         1     1
  337        0         1         1     1
  338        0         1         1     1
  339        0         1         1     1
  340        0         1         1     1
  341        0         1         1     1
  342        0         1         1     1
  343        0         1         1     1
  344        0         1         1     1
  345        0         1         1     1
  346        0         1         1     1
  347        0         1         1     1
  348        0         1         1     1
  349        0         1         1     1
  350        0         1         1     1
  351        0         1         1     1
  352        0         1         1     1
  353        0         1         1     1
  354        0         1         1     1
  355        0         1         1     1
  356        0         1         1     1
  357        0         1         1     1
  358        0         1         1     1
  359        0         1         1     1
  360        0         1         1     1
  361        0         1         1     1
  362        0         1         1     1
  363        0         1         1     1
  364        0         1         1     1
  365        0         1         1     1
  366        0         1         1     1
  367        0         1         1     1
  368        0         1         1     1
  369        0         1         1     1
  370        0         1         1     1
  371        0         1         1     1
  372        0         1         1     1
  373        0         1         1     1
  374        0         1         1     1
  375        0         1         1     1
  376        0         1         1     1
  377        0         1         1     1
  378        0         1         1     1
  379        0         1         1     1
  380        0         1         1     1
  381        0         1         1     1
  382        0         1         1     1
  383        0         1         1     1
  384        0         1         1     1
  385        0         1         1     1
  386        0         1         1     1
  387        0         1         1     1
  388        0         1         1     1
  389        0         1         1     1
  390        0         1         1     1
  391        0         1         1     1
  392        0         1         1     1
  393        0         1         1     1
  394        0         1         1     1
  395        0         1         1     1
  396        0         1         1     1
  397        0         1         1     1
  398        0         1         1     1
  399        0         1         1     1
  400        0         1         1     1
  401        0         1         1     1
  402        0         1         1     1
  403        0         1         1     1
  404        0         1         1     1
  405        0         1         1     1
  406        0         1         1     1
  407        0         1         1     1
  408        0         1         1     1
  409        0         1         1     1
  410        0         1         1     1
  411        0         1         1     1
  412        0         1         1     1
  413        0         1         1     1
  414        0         1         1     1
  415        0         1         1     1
  416        0         1         1     1
  417        0         1         1     1
  418        0         1         1     1
  419        0         1         1     1
  420        0         1         1     1
  421        0         1         1     1
  422        0         1         1     1
  423        0         1         1     1
  424        0         1         1     1
  425        0         1         1     1
  426        0         1         1     1
  427        0         1         1     1
  428        0         1         1     1
  429        0         1         1     1
  430        0         1         1     1
  431        0         1         1     1
  432        0         1         1     1
  433        0         1         1     1
  434        0         1         1     1
  435        0         1         1     1
  436        0         1         1     1
  437        0         1         1     1
  438        0         1         1     1
  439        0         1         1     1
  440        0         1         1     1
  441        0         1         1     1
  442        0         1         1     1
  443        0         1         1     1
  444        0         1         1     1
  445        0         1         1     1
  446        0         1         1     1
  447        0         1         1     1
  448        0         1         1     1
  449        0         1         1     1
  450        0         1         1     1
  451        0         1         1     1
  452        0         1         1     1
  453        0         1         1     1
  454        0         1         1     1
  455        0         1         1     1
  456        0         1         1     1
  457        0         1         1     1
  458        0         1         1     1
  459        0         1         1     1
  460        0         1         1     1
  461        0         1         1     1
  462        0         1         1     1
  463        0         1         1     1
  464        0         1         1     1
  465        0         1         1     1
  466        0         1         1     1
  467        0         1         1     1
  468        0         1         1     1
  469        0         1         1     1
  470        0         1         1     1
  471        0         1         1     1
  472        0         1         1     1
  473        0         1         1     1
  474        0         1         1     1
  475        0         1         1     1
  476        0         1         1     1
  477        0         1         1     1
  478        0         1         1     1
  479        0         1         1     1
  480        0         1         1     1
  481        0         1         1     1
  482        0         1         1     1
  483        0         1         1     1
  484        0         1         1     1
  485        0         1         1     1
  486        0         1         1     1
  487        0         1         1     1
  488        0         1         1     1
  489        0         1         1     1
  490        0         1         1     1
  491        0         1         1     1
  492        0         1         1     1
  493        0         1         1     1
  494        0         1         1     1
  495        0         1         1     1
  496        0         1         1     1
  497        0         1         1     1
  498        0         1         1     1
  499        0         1         1     1
  500        0         1         1     1
  501        0         1         1     1
  502        0         1         1     1
  503        0         1         1     1
  504        0         1         1     1
  505        0         1         1     1
  506        0         1         1     1
  507        0         1         1     1
  508        0         1         1     1
  509        0         1         1     1
  510        0         1         1     1
  511        0         1         1     1
  512        0         1         1     1
  513        0         1         1     1
  514        0         1         1     1
  515        0         1         1     1
  516        0         1         1     1
  517        0         1         1     1
  518        0         1         1     1
  519        0         1         1     1
  520        0         1         1     1
  521        0         1         1     1
  522        0         1         1     1
  523        0         1         1     1
  524        0         1         1     1
  525        0         1         1     1
  526        0         1         1     1
  527        0         1         1     1
  528        0         1         1     1
  529        0         1         1     1
  530        0         1         1     1
  531        0         1         1     1
  532        0         1         1     1
  533        0         1         1     1
  534        0         1         1     1
  535        0         1         1     1
  536        0         1         1     1
  537        0         1         1     1
  538        0         1         1     1
  539        0         1         1     1
  540        0         1         1     1
  541        0         1         1     1
  542        0         1         1     1
  543        0         1         1     1
  544        0         1         1     1
  545        0         1         1     1
  546        0         1         1     1
  547        0         1         1     1
  548        0         1         1     1
  549        0         1         1     1
  550        0         1         1     1
  551        0         1         1     1
  552        0         1         1     1
  553        0         1         1     1
  554        0         1         1     1
  555        0         1         1     1
  556        0         1         1     1
  557        0         1         1     1
  558        0         1         1     1
  559        0         1         1     1
  560        0         1         1     1
  561        0         1         1     1
  562        0         1         1     1
  563        0         1         1     1
  564        0         1         1     1
  565        0         1         1     1
  566        0         1         1     1
  567        0         1         1     1
  568        0         1         1     1
  569        0         1         1     1
  570        0         1         1     1
  571        0         1         1     1
  572        0         1         1     1
  573        0         1         1     1
  574        0         1         1     1
  575        0         1         1     1
  576        0         1         1     1
  577        0         1         1     1
  578        0         1         1     1
  579        0         1         1     1
  580        0         1         1     1
  581        0         1         1     1
  582        0         1         1     1
  583        0         1         1     1
  584        0         1         1     1
  585        0         1         1     1
  586        0         1         1     1
  587        0         1         1     1
  588        0         1         1     1
  589        0         1         1     1
  590        0         1         1     1
  591        0         1         1     1
  592        0         1         1     1
  593        0         1         1     1
  594        0         1         1     1
  595        0         1         1     1
  596        0         1         1     1
  597        0         1         1     1
  598        0         1         1     1
  599        0         1         1     1
  600        0         1         1     1
  601        0         1         1     1
  602        0         1         1     1
  603        0         1         1     1
  604        0         1         1     1
  605        0         1         1     1
  606        0         1         1     1
  607        0         1         1     1
  608        0         1         1     1
  609        0         1         1     1
  610        0         1         1     1
  611        0         1         1     1
  612        0         1         1     1
  613        0         1         1     1
  614        0         1         1     1
  615        0         1         1     1
  616        0         1         1     1
  617        0         1         1     1
  618        0         1         1     1
  619        0         1         1     1
  620        0         1         1     1
  621        0         1         1     1
  622        0         1         1     1
  623        0         1         1     1
  624        0         1         1     1
  625        0         1         1     1
  626        0         1         1     1
  627        0         1         1     1
  628        0         1         1     1
  629        0         1         1     1
  630        0         1         1     1
  631        0         1         1     1
  632        0         1         1     1
  633        0         1         1     1
  634        0         1         1     1
  635        0         1         1     1
  636        0         1         1     1
  637        0         1         1     1
  638        0         1         1     1
  639        0         1         1     1
  640        0         1         1     1
  641        0         1         1     1
  642        0         1         1     1
  643        0         1         1     1
  644        0         1         1     1
  645        0         1         1     1
  646        0         1         1     1
  647        0         1         1     1
  648        0         1         1     1
  649        0         1         1     1
  650        0         1         1     1
  651        0         1         1     1
  652        0         1         1     1
  653        0         1         1     1
  654        0         1         1     1
  655        0         1         1     1
  656        0         1         1     1
  657        0         1         1     1
  658        0         1         1     1
  659        0         1         1     1
  660        0         1         1     1
  661        0         1         1     1
  662        0         1         1     1
  663        0         1         1     1
  664        0         1         1     1
  665        0         1         1     1
  666        0         1         1     1
  667        0         1         1     1
  668        0         1         1     1
  669        0         1         1     1
  670        0         1         1     1
  671        0         1         1     1
  672        0         1         1     1
  673        0         1         1     1
  674        0         1         1     1
  675        0         1         1     1
  676        0         1         1     1
  677        0         1         1     1
  678        0         1         1     1
  679        0         1         1     1
  680        0         1         1     1
  681        0         1         1     1
  682        0         1         1     1
  683        0         1         1     1
  684        0         1         1     1
  685        0         1         1     1
  686        0         1         1     1
  687        0         1         1     1
  688        0         1         1     1
  689        0         1         1     1
  690        0         1         1     1
  691        0         1         1     1
  692        0         1         1     1
  693        0         1         1     1
  694        0         1         1     1
  695        0         1         1     1
  696        0         1         1     1
  697        0         1         1     1
  698        0         1         1     1
  699        0         1         1     1
  700        0         1         1     1
  701        0         1         1     1
  702        0         1         1     1
  703        0         1         1     1
  704        0         1         1     1
  705        0         1         1     1
  706        0         1         1     1
  707        0         1         1     1
  708        0         1         1     1
  709        0         1         1     1
  710        0         1         1     1
  711        0         1         1     1
  712        0         1         1     1
  713        0         1         1     1
  714        0         1         1     1
  715        0         1         1     1
  716        0         1         1     1
  717        0         1         1     1
  718        0         1         1     1
  719        0         1         1     1
  720        0         1         1     1
  721        0         1         1     1
  722        0         1         1     1
  723        0         1         1     1
  724        0         1         1     1
  725        0         1         1     1
  726        0         1         1     1
  727        0         1         1     1
  728        0         1         1     1
  729        0         1         1     1
  730        0         1         1     1
  731        0         1         1     1
  732        0         1         1     1
  733        0         1         1     1
  734        0         1         1     1
  735        0         1         1     1
  736        0         1         1     1
  737        0         1         1     1
  738        0         1         1     1
  739        0         1         1     1
  740        0         1         1     1
  741        0         1         1     1
  742        0         1         1     1
  743        0         1         1     1
  744        0         1         1     1
  745        0         1         1     1
  746        0         1         1     1
  747        0         1         1     1
  748        0         1         1     1
  749        0         1         1     1
  750        0         1         1     1
  751        0         1         1     1
  752        0         1         1     1
  753        0         1         1     1
  754        0         1         1     1
  755        0         1         1     1
  756        0         1         1     1
  757        0         1         1     1
  758        0         1         1     1
  759        0         1         1     1
  760        0         1         1     1
  761        0         1         1     1
  762        0         1         1     1
  763        0         1         1     1
  764        0         1         1     1
  765        0         1         1     1
  766        0         1         1     1
  767        0         1         1     1
  768        0         1         1     1
  769        0         1         1     1
  770        0         1         1     1
  771        0         1         1     1
  772        0         1         1     1
  773        0         1         1     1
  774        0         1         1     1
  775        0         1         1     1
*** End of input file 'DOMAIN.IN' ****************************************************
