***************************************************************************
* File name: Wageni.977
* Contents: SWAP   3.0 - Meteo data of Wageningen weather station                
***************************************************************************     
* Comment area:                                                                 
*                                                                               
*                                                                               
***************************************************************************     
    Station   DD MM YYYY     RAD   Tmin   Tmax    HUM   WIND   RAIN   ETref     
*             nr nr   nr   kJ/m2      C      C    kPa    m/s     mm      mm     
 'Wageningen'  1  1 1977   1700.    2.0    9.6   0.82    3.7    0.5   -99.9
 'Wageningen'  2  1 1977   1870.    0.0    4.0   0.65    0.8    0.8   -99.9
 'Wageningen'  3  1 1977   1010.    0.0    4.8   0.70    2.7    3.3   -99.9
 'Wageningen'  4  1 1977   1820.   -2.5    4.0   0.68    0.6    0.0   -99.9
 'Wageningen'  5  1 1977   1200.   -3.3   -0.7   0.68    1.7    2.7   -99.9
 'Wageningen'  6  1 1977    460.   -1.0    1.3   0.60    2.2    1.4   -99.9
 'Wageningen'  7  1 1977   1470.    0.7    5.5   0.69    2.5    0.2   -99.9
 'Wageningen'  8  1 1977   1420.    0.0    6.3   0.73    3.2    1.6   -99.9
 'Wageningen'  9  1 1977    740.    3.6    4.8   0.76    4.0    7.1   -99.9
 'Wageningen' 10  1 1977   1050.    0.3    4.9   0.63    2.5    2.1   -99.9
 'Wageningen' 11  1 1977   2200.   -0.6    2.5   0.57    3.7    0.4   -99.9
 'Wageningen' 12  1 1977   1060.   -1.5    0.0   0.51    0.9    0.0   -99.9
 'Wageningen' 13  1 1977   3010.   -2.6    2.0   0.43    4.0    1.4   -99.9
 'Wageningen' 14  1 1977   1200.    0.2    4.1   0.60    5.8    1.4   -99.9
 'Wageningen' 15  1 1977   1200.    0.8    2.9   0.63    3.5    3.9   -99.9
 'Wageningen' 16  1 1977   1200.    0.0    3.5   0.64    2.6    1.5   -99.9
 'Wageningen' 17  1 1977   3000.   -5.1    4.9   0.58    0.3    0.0   -99.9
 'Wageningen' 18  1 1977   4000.   -2.1    1.7   0.51    2.1    0.0   -99.9
 'Wageningen' 19  1 1977   1200.   -3.0   -0.9   0.48    2.3    1.1   -99.9
 'Wageningen' 20  1 1977   1950.   -1.1    1.0   0.57    2.4    0.3   -99.9
 'Wageningen' 21  1 1977   2900.    0.2    6.5   0.67    3.2    2.7   -99.9
 'Wageningen' 22  1 1977   3970.    3.2    8.5   0.81    2.8    3.9   -99.9
 'Wageningen' 23  1 1977    990.    4.7    7.9   0.89    2.6    2.3   -99.9
 'Wageningen' 24  1 1977   1690.    4.2    7.2   0.84    1.8    2.4   -99.9
 'Wageningen' 25  1 1977    730.    5.4   12.4   0.99    4.3    2.6   -99.9
 'Wageningen' 26  1 1977   2400.    6.5   12.3   0.80    7.2    1.5   -99.9
 'Wageningen' 27  1 1977   1450.    5.4    7.5   0.86    3.8    5.7   -99.9
 'Wageningen' 28  1 1977   2320.    4.2    8.4   0.79    3.7    0.3   -99.9
 'Wageningen' 29  1 1977   4060.   -4.1    4.5   0.49    3.1    0.0   -99.9
 'Wageningen' 30  1 1977   6030.   -6.6    4.4   0.47    0.2    0.0   -99.9
 'Wageningen' 31  1 1977   7080.   -7.4    2.5   0.45    1.0    0.0   -99.9
 'Wageningen'  1  2 1977   6300.   -4.3    2.7   0.44    2.1    0.0   -99.9
 'Wageningen'  2  2 1977   1500.   -1.6    0.9   0.52    3.0    0.0   -99.9
 'Wageningen'  3  2 1977   2900.   -3.1    5.9   0.55    4.7    7.8   -99.9
 'Wageningen'  4  2 1977   5990.    1.9    8.1   0.73    3.6    5.5   -99.9
 'Wageningen'  5  2 1977   2590.    3.9    9.6   0.88    3.7    1.4   -99.9
 'Wageningen'  6  2 1977   1970.    4.6    8.5   0.91    3.7    6.2   -99.9
 'Wageningen'  7  2 1977   1710.    6.6   10.4   0.99    6.2    8.8   -99.9
 'Wageningen'  8  2 1977   2900.    4.5    8.5   0.79    5.8    0.0   -99.9
 'Wageningen'  9  2 1977   4180.    0.1    5.3   0.68    1.4    6.0   -99.9
 'Wageningen' 10  2 1977   3800.    3.5   12.6   0.89    3.6    3.3   -99.9
 'Wageningen' 11  2 1977   2620.    5.5    8.5   0.85    4.4    2.0   -99.9
 'Wageningen' 12  2 1977   2830.    1.9    7.9   0.80    1.3    0.8   -99.9
 'Wageningen' 13  2 1977   3100.    2.5    8.2   0.80    1.4    0.2   -99.9
 'Wageningen' 14  2 1977   7900.    1.9    9.8   0.73    2.0    0.0   -99.9
 'Wageningen' 15  2 1977   3780.    0.2    5.2   0.70    1.5    0.0   -99.9
 'Wageningen' 16  2 1977   4110.    2.6    7.4   0.75    1.7    0.0   -99.9
 'Wageningen' 17  2 1977   3520.    1.5    7.6   0.75    3.3    5.1   -99.9
 'Wageningen' 18  2 1977   3320.    5.7    9.7   0.84    5.7    6.7   -99.9
 'Wageningen' 19  2 1977   7070.    4.7    8.8   0.72    5.9    1.1   -99.9
 'Wageningen' 20  2 1977   1750.    4.2   11.2   0.86    4.8    4.6   -99.9
 'Wageningen' 21  2 1977   3700.    5.6    9.5   0.88    3.7    2.7   -99.9
 'Wageningen' 22  2 1977   8960.    4.1   11.8   0.82    2.7    8.3   -99.9
 'Wageningen' 23  2 1977   3470.    3.8   10.0   0.86    2.0    0.5   -99.9
 'Wageningen' 24  2 1977   5680.    5.6   11.7   0.90    1.9    2.8   -99.9
 'Wageningen' 25  2 1977   1140.    1.8    7.1   0.87    1.8   10.7   -99.9
 'Wageningen' 26  2 1977   8680.   -2.2    3.7   0.47    2.3    0.4   -99.9
 'Wageningen' 27  2 1977  12540.   -6.8    3.5   0.40    0.9    0.0   -99.9
 'Wageningen' 28  2 1977  11430.   -7.4    5.5   0.44    1.1    0.0   -99.9
 'Wageningen'  1  3 1977   6560.   -2.3    5.0   0.50    2.2    0.1   -99.9
 'Wageningen'  2  3 1977   2530.    3.3    9.9   0.94    3.0    1.3   -99.9
 'Wageningen'  3  3 1977   4740.    7.8   12.2   1.01    5.2    0.9   -99.9
 'Wageningen'  4  3 1977   5990.    5.5   11.0   0.86    6.8    0.0   -99.9
 'Wageningen'  5  3 1977  10630.    4.0   10.9   0.79    5.1    0.0   -99.9
 'Wageningen'  6  3 1977   8540.    1.1    8.5   0.80    1.6    0.0   -99.9
 'Wageningen'  7  3 1977   9950.    4.1   15.4   0.72    4.0    0.7   -99.9
 'Wageningen'  8  3 1977   6220.    5.0   11.6   0.93    3.6    0.0   -99.9
 'Wageningen'  9  3 1977  12050.    5.0   18.0   0.92    3.1    0.0   -99.9
 'Wageningen' 10  3 1977  12450.    5.6   13.4   0.86    3.5    0.0   -99.9
 'Wageningen' 11  3 1977   3080.    5.3   11.2   1.04    2.4    5.1   -99.9
 'Wageningen' 12  3 1977   9470.    4.0   11.5   0.86    1.8    0.2   -99.9
 'Wageningen' 13  3 1977  10920.    3.7   12.0   0.83    2.4    1.1   -99.9
 'Wageningen' 14  3 1977   6500.    3.0   10.5   0.81    4.9    5.0   -99.9
 'Wageningen' 15  3 1977   9630.    2.9   12.0   0.83    3.5    0.0   -99.9
 'Wageningen' 16  3 1977   9370.    8.4   17.0   0.86    3.9    8.3   -99.9
 'Wageningen' 17  3 1977  10840.    7.8   13.5   0.96    3.6    0.0   -99.9
 'Wageningen' 18  3 1977   9990.    5.0   12.0   0.90    2.9    0.9   -99.9
 'Wageningen' 19  3 1977   7190.    0.7   11.1   0.83    2.3    0.0   -99.9
 'Wageningen' 20  3 1977  13370.   -2.3   13.1   0.71    1.9    0.0   -99.9
 'Wageningen' 21  3 1977   6780.    5.2    9.9   0.85    3.2    2.0   -99.9
 'Wageningen' 22  3 1977   6520.    5.5   11.0   0.90    2.0    0.8   -99.9
 'Wageningen' 23  3 1977   4030.    3.8   10.9   0.92    2.5    0.0   -99.9
 'Wageningen' 24  3 1977   9640.    8.0   15.9   1.11    3.1    0.0   -99.9
 'Wageningen' 25  3 1977   4580.    1.0    8.1   0.82    1.8    0.0   -99.9
 'Wageningen' 26  3 1977  12740.   -1.9   11.3   0.70    1.8    1.7   -99.9
 'Wageningen' 27  3 1977   3320.    1.2    5.8   0.77    2.2    9.7   -99.9
 'Wageningen' 28  3 1977  12140.   -2.1    4.6   0.53    3.7    1.6   -99.9
 'Wageningen' 29  3 1977  16100.   -5.1    5.0   0.35    1.4    0.0   -99.9
 'Wageningen' 30  3 1977  19350.   -6.3    4.3   0.29    2.6    0.0   -99.9
 'Wageningen' 31  3 1977  18080.   -4.0    6.5   0.37    3.7    1.5   -99.9
 'Wageningen'  1  4 1977   2240.    3.6   11.0   0.95    6.6   10.8   -99.9
 'Wageningen'  2  4 1977  13950.    1.7   10.1   0.66    5.2    1.9   -99.9
 'Wageningen'  3  4 1977   5120.    0.1    7.0   0.68    2.5    3.1   -99.9
 'Wageningen'  4  4 1977  14800.   -0.5    8.5   0.63    1.6    0.0   -99.9
 'Wageningen'  5  4 1977   7190.    0.1    8.9   0.78    3.5    0.1   -99.9
 'Wageningen'  6  4 1977   5680.    0.1    9.5   0.76    3.7    1.3   -99.9
 'Wageningen'  7  4 1977  13450.   -1.7    7.3   0.62    2.9    0.9   -99.9
 'Wageningen'  8  4 1977  14510.   -3.8    4.4   0.53    2.0    1.0   -99.9
 'Wageningen'  9  4 1977  15650.   -4.1    5.5   0.45    1.8    0.1   -99.9
 'Wageningen' 10  4 1977  18880.   -7.1    6.5   0.41    1.6    0.4   -99.9
 'Wageningen' 11  4 1977   9860.    0.5    7.9   0.66    2.3    0.5   -99.9
 'Wageningen' 12  4 1977   4070.    0.4   11.6   0.89    2.7    6.8   -99.9
 'Wageningen' 13  4 1977  11220.    2.4   10.5   0.81    5.2    3.4   -99.9
 'Wageningen' 14  4 1977  13220.    2.1    7.9   0.72    4.2    5.8   -99.9
 'Wageningen' 15  4 1977  13700.    0.5    8.1   0.69    4.0    1.1   -99.9
 'Wageningen' 16  4 1977  11820.   -1.8    9.0   0.59    1.7    0.0   -99.9
 'Wageningen' 17  4 1977  16500.   -0.5   13.0   0.64    1.9    0.0   -99.9
 'Wageningen' 18  4 1977  14700.   -2.5    7.8   0.52    1.3    0.0   -99.9
 'Wageningen' 19  4 1977  15620.   -4.5    9.2   0.50    1.3    0.0   -99.9
 'Wageningen' 20  4 1977  21480.   -3.3   13.0   0.60    2.3    1.4   -99.9
 'Wageningen' 21  4 1977   3450.    7.9   12.9   1.13    5.0    0.3   -99.9
 'Wageningen' 22  4 1977   3610.   10.1   11.5   1.10    6.3    1.0   -99.9
 'Wageningen' 23  4 1977  10400.    8.0   13.5   1.01    6.4    2.1   -99.9
 'Wageningen' 24  4 1977  16240.    5.0   10.7   0.76    6.0    0.9   -99.9
 'Wageningen' 25  4 1977   8080.    2.9   12.0   0.99    2.6    0.0   -99.9
 'Wageningen' 26  4 1977  11370.    7.1   17.1   1.14    4.3    3.4   -99.9
 'Wageningen' 27  4 1977  18470.    2.5   11.0   0.76    4.0    1.2   -99.9
 'Wageningen' 28  4 1977  16580.    2.0   14.7   0.70    2.8    0.2   -99.9
 'Wageningen' 29  4 1977  14510.    6.0   13.3   0.95    3.3    1.2   -99.9
 'Wageningen' 30  4 1977  17380.    4.0   15.0   0.86    1.4    1.2   -99.9
 'Wageningen'  1  5 1977   3250.    4.0    8.5   0.97    1.2    9.0   -99.9
 'Wageningen'  2  5 1977  20010.    4.2   16.4   0.90    2.1    2.2   -99.9
 'Wageningen'  3  5 1977  14520.   10.3   16.1   1.12    2.3    1.3   -99.9
 'Wageningen'  4  5 1977   3310.    8.6   11.3   1.20    3.2    3.8   -99.9
 'Wageningen'  5  5 1977   4340.    8.1   11.1   1.01    3.0    0.9   -99.9
 'Wageningen'  6  5 1977  18540.    5.9   14.6   0.92    2.6    0.0   -99.9
 'Wageningen'  7  5 1977  22100.    3.5   15.6   0.83    1.6    0.0   -99.9
 'Wageningen'  8  5 1977  14870.    2.3   13.5   0.90    1.3    1.9   -99.9
 'Wageningen'  9  5 1977  16380.    0.2   14.7   0.92    1.5    1.5   -99.9
 'Wageningen' 10  5 1977  10000.    7.5   14.3   1.15    3.2    0.3   -99.9
 'Wageningen' 11  5 1977   6530.    5.8   16.8   1.28    2.7   14.0   -99.9
 'Wageningen' 12  5 1977  12790.    8.5   15.1   1.14    3.7    8.6   -99.9
 'Wageningen' 13  5 1977  10140.    6.2   12.1   1.02    2.7    2.6   -99.9
 'Wageningen' 14  5 1977  15580.    3.5   11.3   0.82    2.0    1.2   -99.9
 'Wageningen' 15  5 1977  24490.    2.8   14.5   0.77    2.3    0.0   -99.9
 'Wageningen' 16  5 1977   9210.    7.9   14.3   0.96    3.2    0.0   -99.9
 'Wageningen' 17  5 1977  19080.    8.7   18.5   0.81    3.7    0.0   -99.9
 'Wageningen' 18  5 1977  26300.    6.5   20.0   0.81    3.2    0.0   -99.9
 'Wageningen' 19  5 1977  25750.    8.5   18.8   0.81    3.7    0.0   -99.9
 'Wageningen' 20  5 1977   5520.    8.2   12.9   0.96    3.8    6.4   -99.9
 'Wageningen' 21  5 1977  10240.    6.3   15.4   0.82    3.2    0.3   -99.9
 'Wageningen' 22  5 1977  27590.    2.1   19.9   0.75    2.0    0.0   -99.9
 'Wageningen' 23  5 1977  26460.    3.9   20.6   0.83    1.8    0.0   -99.9
 'Wageningen' 24  5 1977  26810.    7.0   22.3   0.89    2.5    0.0   -99.9
 'Wageningen' 25  5 1977  26770.    9.6   24.4   0.98    2.7    0.0   -99.9
 'Wageningen' 26  5 1977  24030.   11.2   20.6   0.79    4.7    0.0   -99.9
 'Wageningen' 27  5 1977  27320.    9.5   21.0   0.79    4.8    0.0   -99.9
 'Wageningen' 28  5 1977  23720.    6.0   22.1   1.03    1.6    0.0   -99.9
 'Wageningen' 29  5 1977  27930.    3.5   20.0   0.95    2.7    0.0   -99.9
 'Wageningen' 30  5 1977  16260.    4.5   13.5   0.81    2.3    0.0   -99.9
 'Wageningen' 31  5 1977  22840.    2.3   17.0   0.66    2.3    0.0   -99.9
 'Wageningen'  1  6 1977  25990.    2.5   15.5   0.82    2.3    0.0   -99.9
 'Wageningen'  2  6 1977   9330.    9.5   16.5   1.09    1.6    0.9   -99.9
 'Wageningen'  3  6 1977  15250.    7.1   16.0   1.16    2.9    0.4   -99.9
 'Wageningen'  4  6 1977  10300.    7.2   17.5   1.26    1.7    0.0   -99.9
 'Wageningen'  5  6 1977   8240.    7.5   15.8   1.24    2.9    0.6   -99.9
 'Wageningen'  6  6 1977  13860.    6.9   15.4   1.08    2.5   10.8   -99.9
 'Wageningen'  7  6 1977  14870.    8.9   15.8   1.06    4.7    0.1   -99.9
 'Wageningen'  8  6 1977  22410.    8.5   17.8   0.93    2.7    0.0   -99.9
 'Wageningen'  9  6 1977  11790.   12.1   22.1   1.53    2.8   15.2   -99.9
 'Wageningen' 10  6 1977  13500.    9.8   22.1   1.54    2.8   10.3   -99.9
 'Wageningen' 11  6 1977  18220.    9.4   20.0   1.21    1.8    0.4   -99.9
 'Wageningen' 12  6 1977  24850.    7.6   24.5   1.29    2.0    0.0   -99.9
 'Wageningen' 13  6 1977  25650.   16.3   30.0   1.83    2.9    0.0   -99.9
 'Wageningen' 14  6 1977  14930.   14.6   21.3   1.69    1.8   11.2   -99.9
 'Wageningen' 15  6 1977   7020.   14.3   18.4   1.71    2.4    2.0   -99.9
 'Wageningen' 16  6 1977   6560.   12.3   18.2   1.58    2.4    0.3   -99.9
 'Wageningen' 17  6 1977   9360.   11.5   16.8   1.38    1.6    0.0   -99.9
 'Wageningen' 18  6 1977   8370.   12.9   16.7   1.45    1.0    0.5   -99.9
 'Wageningen' 19  6 1977   4540.   11.7   16.0   1.53    1.9    0.3   -99.9
 'Wageningen' 20  6 1977   4990.   11.0   12.9   1.16    1.6    0.0   -99.9
 'Wageningen' 21  6 1977  18590.   10.5   18.4   1.21    1.3    0.0   -99.9
 'Wageningen' 22  6 1977  11520.    9.8   19.4   1.41    1.7    0.0   -99.9
 'Wageningen' 23  6 1977  21990.    7.0   20.2   1.26    1.3    0.0   -99.9
 'Wageningen' 24  6 1977  20180.    7.6   21.0   1.38    1.3    0.5   -99.9
 'Wageningen' 25  6 1977  10920.   12.2   17.8   1.41    1.5    2.0   -99.9
 'Wageningen' 26  6 1977   8020.   11.0   16.5   1.38    1.6    0.5   -99.9
 'Wageningen' 27  6 1977  21340.    9.6   19.0   1.14    2.6    0.0   -99.9
 'Wageningen' 28  6 1977  18810.   11.6   20.3   1.23    2.2    3.3   -99.9
 'Wageningen' 29  6 1977   9620.   11.7   18.0   1.40    1.4    5.0   -99.9
 'Wageningen' 30  6 1977  13600.    8.4   20.0   1.31    2.0    0.0   -99.9
 'Wageningen'  1  7 1977   5990.   12.3   17.2   1.45    3.7    0.0   -99.9
 'Wageningen'  2  7 1977   7660.   14.4   20.5   1.75    0.9    0.0   -99.9
 'Wageningen'  3  7 1977  26220.   10.1   25.5   1.56    1.6    0.0   -99.9
 'Wageningen'  4  7 1977  26590.   16.0   26.7   1.44    2.3    0.0   -99.9
 'Wageningen'  5  7 1977  26270.   12.6   25.9   1.53    2.3    0.0   -99.9
 'Wageningen'  6  7 1977  22900.   14.5   27.2   1.63    1.9    1.6   -99.9
 'Wageningen'  7  7 1977  14290.   13.7   24.3   1.62    1.9    0.0   -99.9
 'Wageningen'  8  7 1977  22380.   12.8   24.2   1.51    2.2    0.0   -99.9
 'Wageningen'  9  7 1977  16150.   15.3   22.7   1.63    1.9    0.0   -99.9
 'Wageningen' 10  7 1977  26150.    9.3   24.7   1.57    2.2    0.0   -99.9
 'Wageningen' 11  7 1977  24300.    8.1   24.4   1.48    1.2    0.0   -99.9
 'Wageningen' 12  7 1977  25090.    7.1   24.1   1.44    1.4    0.0   -99.9
 'Wageningen' 13  7 1977  20160.   11.9   20.4   1.36    2.2    0.0   -99.9
 'Wageningen' 14  7 1977  15390.   10.1   17.0   1.05    3.0    0.3   -99.9
 'Wageningen' 15  7 1977  16820.    7.0   18.0   1.01    2.2    0.0   -99.9
 'Wageningen' 16  7 1977  16950.    5.1   20.0   1.04    2.0    0.0   -99.9
 'Wageningen' 17  7 1977  11370.   13.1   18.5   1.46    2.8    8.7   -99.9
 'Wageningen' 18  7 1977   8760.   13.5   19.2   1.48    4.1   12.8   -99.9
 'Wageningen' 19  7 1977   7920.   13.8   17.7   1.41    3.8    0.4   -99.9
 'Wageningen' 20  7 1977  16400.   12.7   18.9   1.34    3.7    2.9   -99.9
 'Wageningen' 21  7 1977   8240.    9.4   17.6   1.37    1.9    0.0   -99.9
 'Wageningen' 22  7 1977  16980.    8.9   21.1   1.40    2.3    0.0   -99.9
 'Wageningen' 23  7 1977   6550.   16.1   23.5   2.02    2.7    0.1   -99.9
 'Wageningen' 24  7 1977   6500.   13.4   17.7   1.58    4.4    6.9   -99.9
 'Wageningen' 25  7 1977  11280.   10.3   16.7   1.38    2.4    5.6   -99.9
 'Wageningen' 26  7 1977  12730.   11.6   17.8   1.36    3.5   24.2   -99.9
 'Wageningen' 27  7 1977   7370.   12.7   17.2   1.41    2.0    1.5   -99.9
 'Wageningen' 28  7 1977  12750.   12.2   19.2   1.36    1.3    2.9   -99.9
 'Wageningen' 29  7 1977   7200.   13.0   17.7   1.48    2.5    0.1   -99.9
 'Wageningen' 30  7 1977  20130.   13.6   25.0   1.48    2.5    0.0   -99.9
 'Wageningen' 31  7 1977  16070.   11.7   18.3   1.30    2.7    0.0   -99.9
 'Wageningen'  1  8 1977  12000.    7.8   18.0   1.25    1.7    0.1   -99.9
 'Wageningen'  2  8 1977  13560.    5.5   20.0   1.40    0.4    0.0   -99.9
 'Wageningen'  3  8 1977  11860.   10.6   21.7   1.59    0.4    0.0   -99.9
 'Wageningen'  4  8 1977  18970.   11.8   23.9   1.55    0.9    0.0   -99.9
 'Wageningen'  5  8 1977  23370.   11.6   24.0   1.31    2.5    0.3   -99.9
 'Wageningen'  6  8 1977  12250.   14.8   22.3   1.70    0.8    0.0   -99.9
 'Wageningen'  7  8 1977  16920.   12.4   26.0   1.76    1.2    0.7   -99.9
 'Wageningen'  8  8 1977  12190.   13.0   20.5   1.65    1.7    5.6   -99.9
 'Wageningen'  9  8 1977  11670.   11.7   19.2   1.51    2.3    5.9   -99.9
 'Wageningen' 10  8 1977   8890.   13.6   18.1   1.55    2.3    1.6   -99.9
 'Wageningen' 11  8 1977  11880.   11.9   18.8   1.54    1.6    0.5   -99.9
 'Wageningen' 12  8 1977   2630.   12.7   17.0   1.75    2.1   14.6   -99.9
 'Wageningen' 13  8 1977   9630.   13.5   20.8   1.65    1.4    0.1   -99.9
 'Wageningen' 14  8 1977  15570.    9.6   23.2   1.60    1.1    3.2   -99.9
 'Wageningen' 15  8 1977  13530.   14.5   22.0   1.71    1.3   10.5   -99.9
 'Wageningen' 16  8 1977  16340.   14.6   22.2   1.60    2.7    7.2   -99.9
 'Wageningen' 17  8 1977   3870.   15.0   17.5   1.74    2.5    7.6   -99.9
 'Wageningen' 18  8 1977   2040.   12.8   16.5   1.70    1.6   14.5   -99.9
 'Wageningen' 19  8 1977  13010.   11.7   19.7   1.49    1.7    2.5   -99.9
 'Wageningen' 20  8 1977  12400.   12.4   18.5   1.49    1.0    6.6   -99.9
 'Wageningen' 21  8 1977   9460.   13.5   19.8   1.58    1.6    9.3   -99.9
 'Wageningen' 22  8 1977   3550.   13.1   14.9   1.54    2.4   19.8   -99.9
 'Wageningen' 23  8 1977  11610.    9.3   19.7   1.29    1.5    0.1   -99.9
 'Wageningen' 24  8 1977  16070.    6.0   20.5   1.24    1.4    0.2   -99.9
 'Wageningen' 25  8 1977  13420.   15.5   20.9   1.52    3.7    4.0   -99.9
 'Wageningen' 26  8 1977  14400.   12.8   20.6   1.55    2.1    3.7   -99.9
 'Wageningen' 27  8 1977  16630.   11.3   22.2   1.44    1.2   15.7   -99.9
 'Wageningen' 28  8 1977   8280.    6.9   18.2   1.29    1.2    0.1   -99.9
 'Wageningen' 29  8 1977  20240.    5.3   21.1   1.23    0.7    0.0   -99.9
 'Wageningen' 30  8 1977  15670.   11.0   22.2   1.51    1.0    0.0   -99.9
 'Wageningen' 31  8 1977  15790.   13.8   22.3   1.54    0.8    0.0   -99.9
 'Wageningen'  1  9 1977  13520.   12.5   23.1   1.68    1.1    0.0   -99.9
 'Wageningen'  2  9 1977  17630.   13.0   22.6   1.48    2.2    0.0   -99.9
 'Wageningen'  3  9 1977  12490.    9.5   20.1   1.42    1.4    0.0   -99.9
 'Wageningen'  4  9 1977  19670.    7.3   19.9   1.11    0.6    0.0   -99.9
 'Wageningen'  5  9 1977  11270.   10.6   19.4   1.41    2.1    0.0   -99.9
 'Wageningen'  6  9 1977   6840.   16.0   20.5   1.71    3.8    1.0   -99.9
 'Wageningen'  7  9 1977  10080.   12.0   19.4   1.56    1.6    0.0   -99.9
 'Wageningen'  8  9 1977   7460.   10.9   16.9   1.23    1.1    1.4   -99.9
 'Wageningen'  9  9 1977  11990.   10.9   16.3   1.12    1.9    0.0   -99.9
 'Wageningen' 10  9 1977   4220.   11.3   15.3   1.29    4.4    0.0   -99.9
 'Wageningen' 11  9 1977   8610.   14.6   20.5   1.72    3.4    0.0   -99.9
 'Wageningen' 12  9 1977   9450.    8.2   17.3   1.19    2.3    0.0   -99.9
 'Wageningen' 13  9 1977  13030.    4.5   16.6   0.95    1.0    0.0   -99.9
 'Wageningen' 14  9 1977  13340.    3.0   18.2   1.06    2.2    0.0   -99.9
 'Wageningen' 15  9 1977   4340.    7.6   17.3   1.36    2.3    0.1   -99.9
 'Wageningen' 16  9 1977  10710.    6.8   14.9   0.99    1.8    0.3   -99.9
 'Wageningen' 17  9 1977  14530.    7.7   16.0   0.95    1.3    0.0   -99.9
 'Wageningen' 18  9 1977  14010.    5.3   14.7   0.85    0.8    0.0   -99.9
 'Wageningen' 19  9 1977  12750.    3.7   14.6   0.89    0.8    0.0   -99.9
 'Wageningen' 20  9 1977   5880.    7.4   14.9   1.09    0.8    0.0   -99.9
 'Wageningen' 21  9 1977   4420.    8.7   14.1   1.14    0.5    0.0   -99.9
 'Wageningen' 22  9 1977   7250.    8.7   15.6   1.14    0.3    0.0   -99.9
 'Wageningen' 23  9 1977   5840.    8.6   16.1   1.21    0.5    0.0   -99.9
 'Wageningen' 24  9 1977  12750.    4.2   18.0   1.07    3.0    0.0   -99.9
 'Wageningen' 25  9 1977   5950.    8.0   14.0   1.11    3.2    0.1   -99.9
 'Wageningen' 26  9 1977   9080.    5.6   19.1   1.26    1.1    3.0   -99.9
 'Wageningen' 27  9 1977  10080.    5.8   19.2   1.26    1.0    0.0   -99.9
 'Wageningen' 28  9 1977   6120.   10.4   19.3   1.35    3.3    0.2   -99.9
 'Wageningen' 29  9 1977   7620.   11.1   17.0   1.24    3.5    0.0   -99.9
 'Wageningen' 30  9 1977   1460.   13.1   15.0   1.27    5.6   10.2   -99.9
 'Wageningen'  1 10 1977  11150.    8.0   13.6   0.98    6.4    3.8   -99.9
 'Wageningen'  2 10 1977   7170.    7.0   11.7   1.00    4.5    4.8   -99.9
 'Wageningen'  3 10 1977   9340.    5.4   14.1   0.96    2.5    0.3   -99.9
 'Wageningen'  4 10 1977   4520.   10.0   14.3   1.24    4.7    2.9   -99.9
 'Wageningen'  5 10 1977   5700.   11.6   14.6   1.25    2.6    3.0   -99.9
 'Wageningen'  6 10 1977   5080.   11.5   18.5   1.50    2.5    1.3   -99.9
 'Wageningen'  7 10 1977   5370.   13.3   19.8   1.52    1.1    1.5   -99.9
 'Wageningen'  8 10 1977   6460.   12.1   17.2   1.34    2.7    0.3   -99.9
 'Wageningen'  9 10 1977   7430.   10.3   16.8   1.28    2.7    0.0   -99.9
 'Wageningen' 10 10 1977   6230.    7.0   15.1   1.22    2.3    6.2   -99.9
 'Wageningen' 11 10 1977   7200.    6.0   13.7   1.07    1.2    0.2   -99.9
 'Wageningen' 12 10 1977  10290.    4.8   17.0   1.08    2.1    0.0   -99.9
 'Wageningen' 13 10 1977   8550.    2.3   17.1   1.02    0.6    0.0   -99.9
 'Wageningen' 14 10 1977   5020.    1.8   13.3   0.95    1.2    0.0   -99.9
 'Wageningen' 15 10 1977   9240.    3.2   14.8   0.99    1.8    0.0   -99.9
 'Wageningen' 16 10 1977   6440.    1.5   14.0   0.96    1.2    0.4   -99.9
 'Wageningen' 17 10 1977   3300.    5.7    9.6   1.02    1.9    0.0   -99.9
 'Wageningen' 18 10 1977   8500.    3.7   16.8   1.00    2.2    0.0   -99.9
 'Wageningen' 19 10 1977   8400.    7.0   19.3   1.14    2.2    0.0   -99.9
 'Wageningen' 20 10 1977   6060.   10.5   19.3   1.22    2.4    0.0   -99.9
 'Wageningen' 21 10 1977   5170.    9.9   20.3   1.35    2.6    0.0   -99.9
 'Wageningen' 22 10 1977   2730.   13.2   19.5   1.61    2.0    0.6   -99.9
 'Wageningen' 23 10 1977   3340.    9.7   16.3   1.39    2.2    0.8   -99.9
 'Wageningen' 24 10 1977   8560.    6.7   16.7   1.13    2.0    0.1   -99.9
 'Wageningen' 25 10 1977   3860.    6.3   16.7   1.27    0.6    0.2   -99.9
 'Wageningen' 26 10 1977   2510.    5.2   11.0   1.05    0.7    0.2   -99.9
 'Wageningen' 27 10 1977   1510.    7.1   11.5   1.14    1.4    0.0   -99.9
 'Wageningen' 28 10 1977   3760.    7.9   13.2   1.16    1.1    0.0   -99.9
 'Wageningen' 29 10 1977   2790.    4.8   13.0   1.02    1.3    0.1   -99.9
 'Wageningen' 30 10 1977   6080.    4.2   13.9   0.96    2.4    0.0   -99.9
 'Wageningen' 31 10 1977   2450.    8.7   16.0   1.15    4.6    4.7   -99.9
 'Wageningen'  1 11 1977   6610.    5.9   12.0   0.89    3.3    6.5   -99.9
 'Wageningen'  2 11 1977    650.    7.0   13.0   1.09    4.6   23.1   -99.9
 'Wageningen'  3 11 1977   4330.    9.4   14.4   1.14    5.0    0.5   -99.9
 'Wageningen'  4 11 1977   2160.    5.6   10.0   0.88    3.8    9.7   -99.9
 'Wageningen'  5 11 1977   2840.    5.8   12.0   1.01    3.8    0.0   -99.9
 'Wageningen'  6 11 1977   2790.    7.9   12.5   1.11    3.3    3.6   -99.9
 'Wageningen'  7 11 1977   4230.    9.6   12.4   1.04    3.8    0.3   -99.9
 'Wageningen'  8 11 1977   1550.   10.2   12.6   1.18    4.4    4.4   -99.9
 'Wageningen'  9 11 1977    880.   10.9   14.9   1.28    5.3   17.3   -99.9
 'Wageningen' 10 11 1977   4980.   10.6   17.5   1.36    4.0    0.0   -99.9
 'Wageningen' 11 11 1977    950.   10.8   14.8   1.19    5.0    1.1   -99.9
 'Wageningen' 12 11 1977   3480.    3.6   15.0   0.82    7.1    5.1   -99.9
 'Wageningen' 13 11 1977   3190.    3.4    6.6   0.74    4.2    5.0   -99.9
 'Wageningen' 14 11 1977    830.    4.0   11.1   0.91    7.9    9.1   -99.9
 'Wageningen' 15 11 1977   4920.    3.7    8.0   0.72    7.2   17.9   -99.9
 'Wageningen' 16 11 1977   1410.    2.6    6.4   0.80    4.0    5.0   -99.9
 'Wageningen' 17 11 1977   2280.    1.6    6.7   0.75    1.5    5.2   -99.9
 'Wageningen' 18 11 1977   3960.    1.7    7.8   0.71    2.3    1.2   -99.9
 'Wageningen' 19 11 1977   1950.    2.2    6.3   0.73    5.5    1.5   -99.9
 'Wageningen' 20 11 1977    560.    0.1    6.0   0.71    6.4   15.8   -99.9
 'Wageningen' 21 11 1977    270.    0.1    4.1   0.66    2.9   16.8   -99.9
 'Wageningen' 22 11 1977   2890.    1.5    5.5   0.71    3.4    2.2   -99.9
 'Wageningen' 23 11 1977   1510.    3.5    8.7   0.85    4.7    6.1   -99.9
 'Wageningen' 24 11 1977   1940.    4.9    7.6   0.78    6.5    7.3   -99.9
 'Wageningen' 25 11 1977   2240.    1.9    6.5   0.70    3.2    0.8   -99.9
 'Wageningen' 26 11 1977   3550.   -1.0    4.5   0.58    1.1    0.0   -99.9
 'Wageningen' 27 11 1977   3550.   -4.9    1.1   0.40    1.4    0.0   -99.9
 'Wageningen' 28 11 1977   4910.   -6.8    1.8   0.40    0.6    0.0   -99.9
 'Wageningen' 29 11 1977    830.   -2.5    0.5   0.51    0.8    0.1   -99.9
 'Wageningen' 30 11 1977    850.    0.0    3.1   0.65    0.7    0.1   -99.9
 'Wageningen'  1 12 1977   1850.   -0.2    4.2   0.63    1.9    0.1   -99.9
 'Wageningen'  2 12 1977   1990.   -5.0    3.2   0.59    0.5    0.0   -99.9
 'Wageningen'  3 12 1977   4360.   -6.1    3.5   0.52    1.7    0.1   -99.9
 'Wageningen'  4 12 1977   3650.   -1.1    3.6   0.55    3.9    0.0   -99.9
 'Wageningen'  5 12 1977   3670.   -3.0    1.2   0.42    3.0    0.0   -99.9
 'Wageningen'  6 12 1977   1650.   -4.0   -1.1   0.42    2.9    4.9   -99.9
 'Wageningen'  7 12 1977    870.   -2.0    8.0   0.66    3.4    2.0   -99.9
 'Wageningen'  8 12 1977   1390.    4.6    9.6   0.90    4.1    0.0   -99.9
 'Wageningen'  9 12 1977   2460.    3.4    7.3   0.85    1.7    0.0   -99.9
 'Wageningen' 10 12 1977   1430.    3.9    6.6   0.80    3.4    1.4   -99.9
 'Wageningen' 11 12 1977    480.    6.0    9.3   0.99    3.8    7.5   -99.9
 'Wageningen' 12 12 1977   1390.    7.4   10.0   1.03    2.2    0.4   -99.9
 'Wageningen' 13 12 1977    950.    5.5    8.6   0.95    2.2    0.2   -99.9
 'Wageningen' 14 12 1977    440.    7.0    9.2   1.00    2.2    0.3   -99.9
 'Wageningen' 15 12 1977    560.    5.7    7.2   0.93    1.3    0.0   -99.9
 'Wageningen' 16 12 1977   2360.    1.7    8.6   0.84    2.2    0.0   -99.9
 'Wageningen' 17 12 1977    650.    1.4    5.5   0.72    2.0    0.0   -99.9
 'Wageningen' 18 12 1977   3260.    0.9    7.7   0.70    2.0    1.5   -99.9
 'Wageningen' 19 12 1977   2850.    2.0    6.3   0.74    1.1    0.1   -99.9
 'Wageningen' 20 12 1977   2310.   -3.5    5.5   0.71    0.9    0.0   -99.9
 'Wageningen' 21 12 1977   3140.   -0.5    3.9   0.50    3.6    0.8   -99.9
 'Wageningen' 22 12 1977    760.    2.3    9.2   0.88    2.8    0.6   -99.9
 'Wageningen' 23 12 1977    920.    5.0   14.9   1.05    4.6    1.0   -99.9
 'Wageningen' 24 12 1977   1020.    8.3   15.5   1.02    9.0    2.6   -99.9
 'Wageningen' 25 12 1977   1160.    4.1    8.9   0.90    4.0    0.1   -99.9
 'Wageningen' 26 12 1977    920.    6.0    7.3   0.88    3.4    5.3   -99.9
 'Wageningen' 27 12 1977   1410.    2.3    8.8   0.79    5.3    6.6   -99.9
 'Wageningen' 28 12 1977   1380.    1.9    7.0   0.73    4.8    2.7   -99.9
 'Wageningen' 29 12 1977    710.    1.9    7.0   0.76    4.4    3.2   -99.9
 'Wageningen' 30 12 1977   1610.    2.6    7.0   0.65    6.7    0.8   -99.9
 'Wageningen' 31 12 1977   2900.    3.4    7.1   0.64    4.6    0.1   -99.9
