***************************************************************************
* File name: Wageni.969
* Contents: SWAP  3.0 - Meteo data of Wageningen weather station                
***************************************************************************     
* Comment area:                                                                 
*                                                                               
*                                                                               
***************************************************************************     
    Station   DD MM YYYY     RAD   Tmin   Tmax    HUM   WIND   RAIN   ETref     
*             nr nr   nr   kJ/m2      C      C    kPa    m/s     mm      mm     
 'Wageningen'  1  1 1969   1214.   -6.7    5.7   0.65    2.4    3.2   -99.9
 'Wageningen'  2  1 1969    670.    1.2    7.7   0.85    3.3    0.0   -99.9
 'Wageningen'  3  1 1969   1465.    3.4    4.2   0.62    1.5    0.0   -99.9
 'Wageningen'  4  1 1969    837.   -0.4    1.2   0.53    1.5    0.0   -99.9
 'Wageningen'  5  1 1969   1089.   -2.7    0.8   0.47    1.3    0.0   -99.9
 'Wageningen'  6  1 1969    586.   -2.7    0.2   0.41    2.3    0.0   -99.9
 'Wageningen'  7  1 1969   2386.   -1.5    2.3   0.49    4.0    0.0   -99.9
 'Wageningen'  8  1 1969   1507.   -0.8    2.8   0.63    2.7    0.0   -99.9
 'Wageningen'  9  1 1969   1884.    0.4    4.7   0.71    1.3    0.2   -99.9
 'Wageningen' 10  1 1969   1884.   -0.7    1.4   0.55    3.6    0.4   -99.9
 'Wageningen' 11  1 1969    419.   -1.1    3.3   0.70    2.7    0.3   -99.9
 'Wageningen' 12  1 1969   1758.    0.3    5.6   0.68    2.7    0.7   -99.9
 'Wageningen' 13  1 1969    879.    1.2   10.2   0.88    4.4    0.1   -99.9
 'Wageningen' 14  1 1969   3349.    5.2    9.1   0.76    3.0    7.2   -99.9
 'Wageningen' 15  1 1969   1633.    3.4    5.7   0.71    2.6    1.9   -99.9
 'Wageningen' 16  1 1969   1382.    3.6    7.2   0.73    4.2    0.0   -99.9
 'Wageningen' 17  1 1969   1298.    2.4    6.6   0.73    3.8    0.7   -99.9
 'Wageningen' 18  1 1969    670.    2.8    7.7   0.85    5.1    2.7   -99.9
 'Wageningen' 19  1 1969    586.    4.7    6.7   0.84    3.2    1.0   -99.9
 'Wageningen' 20  1 1969   3014.    0.3    7.0   0.79    2.0    0.5   -99.9
 'Wageningen' 21  1 1969   3014.    1.1    7.7   0.75    3.9    0.0   -99.9
 'Wageningen' 22  1 1969   1465.    3.8   10.7   1.03    2.7    9.3   -99.9
 'Wageningen' 23  1 1969   3056.    7.2    8.2   0.87    1.3    0.0   -99.9
 'Wageningen' 24  1 1969   1256.    2.6    8.3   0.79    1.3    0.3   -99.9
 'Wageningen' 25  1 1969   1005.    2.3    9.7   1.11    1.7    0.0   -99.9
 'Wageningen' 26  1 1969   1758.    7.7    9.6   1.02    2.4    0.0   -99.9
 'Wageningen' 27  1 1969    963.    4.4    7.8   0.91    2.7    0.0   -99.9
 'Wageningen' 28  1 1969   2219.    5.1   10.6   0.90    3.1    5.2   -99.9
 'Wageningen' 29  1 1969   2386.    5.5    7.7   0.83    3.8    0.0   -99.9
 'Wageningen' 30  1 1969    670.    4.3    8.6   0.80    3.9    0.0   -99.9
 'Wageningen' 31  1 1969   3475.    5.0    7.5   0.57    5.6    0.2   -99.9
 'Wageningen'  1  2 1969   3977.    0.8    6.8   0.71    3.1    3.3   -99.9
 'Wageningen'  2  2 1969   3224.    3.1    5.5   0.55    6.9    2.1   -99.9
 'Wageningen'  3  2 1969   5527.   -0.2    4.9   0.57    3.4    0.7   -99.9
 'Wageningen'  4  2 1969   4522.   -4.8    4.0   0.60    0.2    0.0   -99.9
 'Wageningen'  5  2 1969   1633.   -4.4    5.5   0.84    0.3    0.2   -99.9
 'Wageningen'  6  2 1969   1130.    2.3    4.5   0.72    2.7    4.4   -99.9
 'Wageningen'  7  2 1969   3936.    0.6    3.4   0.63    2.5    0.4   -99.9
 'Wageningen'  8  2 1969   6155.   -2.7    2.9   0.52    3.1    5.4   -99.9
 'Wageningen'  9  2 1969   6071.   -1.9    0.8   0.50    4.3    2.4   -99.9
 'Wageningen' 10  2 1969   7829.   -5.2    1.2   0.49    1.1    0.0   -99.9
 'Wageningen' 11  2 1969   3852.   -9.4    0.3   0.50    2.3    4.8   -99.9
 'Wageningen' 12  2 1969   1465.   -6.5    0.0   0.49    2.8    6.1   -99.9
 'Wageningen' 13  2 1969   6573.  -16.9   -4.8   0.32    0.6    0.0   -99.9
 'Wageningen' 14  2 1969   7285.  -20.5   -5.5   0.30    0.0    0.0   -99.9
 'Wageningen' 15  2 1969   8792.  -19.3   -1.0   0.30    1.2    0.1   -99.9
 'Wageningen' 16  2 1969   2763.  -16.3    0.1   0.44    5.3    2.1   -99.9
 'Wageningen' 17  2 1969   3308.   -5.3   -1.0   0.48    1.9    2.9   -99.9
 'Wageningen' 18  2 1969   4354.   -3.6   -1.5   0.52    1.6    0.2   -99.9
 'Wageningen' 19  2 1969   4438.   -8.0    0.3   0.33    3.3    5.7   -99.9
 'Wageningen' 20  2 1969   2680.   -7.5    4.7   0.73    2.6    1.9   -99.9
 'Wageningen' 21  2 1969   3475.    0.3    5.1   0.71    2.8    2.0   -99.9
 'Wageningen' 22  2 1969   6238.    2.9    8.1   0.63    3.5    0.1   -99.9
 'Wageningen' 23  2 1969   7913.    3.3    7.2   0.64    3.5    0.0   -99.9
 'Wageningen' 24  2 1969   3308.    1.6    5.2   0.67    2.9    0.0   -99.9
 'Wageningen' 25  2 1969   2805.    0.3    2.7   0.60    1.8    0.1   -99.9
 'Wageningen' 26  2 1969   2512.   -1.5    0.0   0.49    1.9    0.8   -99.9
 'Wageningen' 27  2 1969   4019.   -2.0    1.1   0.50    1.1    0.0   -99.9
 'Wageningen' 28  2 1969   5778.   -1.6    4.7   0.64    2.2    0.0   -99.9
 'Wageningen'  1  3 1969   1884.   -0.9    1.7   0.52    2.4    0.0   -99.9
 'Wageningen'  2  3 1969   6824.    0.5    6.6   0.62    2.8    0.0   -99.9
 'Wageningen'  3  3 1969   4857.    1.3    6.3   0.62    3.1    0.0   -99.9
 'Wageningen'  4  3 1969  11053.   -1.7    8.2   0.44    2.8    0.0   -99.9
 'Wageningen'  5  3 1969  12853.   -4.2    7.5   0.34    2.8    0.0   -99.9
 'Wageningen'  6  3 1969  12393.   -4.3    9.5   0.41    1.2    0.0   -99.9
 'Wageningen'  7  3 1969   8248.   -5.9    4.2   0.58    1.5    0.0   -99.9
 'Wageningen'  8  3 1969  13188.   -5.3   10.4   0.55    2.4    0.0   -99.9
 'Wageningen'  9  3 1969   5778.   -1.5    6.8   0.55    2.1    0.0   -99.9
 'Wageningen' 10  3 1969  10844.   -5.6    7.2   0.44    1.4    3.0   -99.9
 'Wageningen' 11  3 1969   4354.   -0.5    5.0   0.71    1.8    2.5   -99.9
 'Wageningen' 12  3 1969   2721.   -1.1    3.9   0.63    2.4   14.0   -99.9
 'Wageningen' 13  3 1969   2010.    0.6   11.6   1.15    3.0    9.3   -99.9
 'Wageningen' 14  3 1969   5234.    3.9   12.8   1.22    2.0    2.1   -99.9
 'Wageningen' 15  3 1969   3349.    2.6    3.2   0.65    4.5    2.6   -99.9
 'Wageningen' 16  3 1969   1968.   -1.0    1.0   0.47    4.6    4.3   -99.9
 'Wageningen' 17  3 1969   2847.   -0.9    2.2   0.56    5.1    0.8   -99.9
 'Wageningen' 18  3 1969   2805.   -1.0    2.5   0.53    4.1    0.8   -99.9
 'Wageningen' 19  3 1969   7034.   -1.0    7.7   0.72    2.8    0.1   -99.9
 'Wageningen' 20  3 1969   9839.   -0.2    5.7   0.60    2.8    0.0   -99.9
 'Wageningen' 21  3 1969  14696.   -1.2    7.5   0.42    3.8    0.0   -99.9
 'Wageningen' 22  3 1969  15198.   -1.0    5.3   0.42    4.2    0.0   -99.9
 'Wageningen' 23  3 1969  11095.   -1.8    6.3   0.48    3.7    0.8   -99.9
 'Wageningen' 24  3 1969   3977.   -0.9    4.3   0.67    2.4    0.9   -99.9
 'Wageningen' 25  3 1969   7494.   -1.7    5.7   0.50    2.2    0.0   -99.9
 'Wageningen' 26  3 1969   7159.   -1.9    4.3   0.55    3.2    0.0   -99.9
 'Wageningen' 27  3 1969  16077.   -3.2    6.0   0.44    2.7    0.0   -99.9
 'Wageningen' 28  3 1969   9337.   -4.1    5.3   0.53    1.5    0.0   -99.9
 'Wageningen' 29  3 1969  11262.   -4.7    9.1   0.42    1.6    0.1   -99.9
 'Wageningen' 30  3 1969   4312.   -2.0   10.0   1.03    4.7    5.4   -99.9
 'Wageningen' 31  3 1969   4229.    3.7    9.6   0.98    5.6   11.0   -99.9
 'Wageningen'  1  4 1969   9462.    2.1    7.0   0.65    4.5    0.5   -99.9
 'Wageningen'  2  4 1969  13398.    0.4    7.5   0.57    2.9    0.0   -99.9
 'Wageningen'  3  4 1969  13942.   -0.2    9.1   0.55    1.4    0.0   -99.9
 'Wageningen'  4  4 1969  19050.   -1.7   12.4   0.57    2.4    0.0   -99.9
 'Wageningen'  5  4 1969  19636.    1.8   14.7   0.72    4.0    0.0   -99.9
 'Wageningen'  6  4 1969  19678.    2.6   19.0   0.67    4.2    0.0   -99.9
 'Wageningen'  7  4 1969  18254.    7.8   20.7   1.00    2.8    0.0   -99.9
 'Wageningen'  8  4 1969  16035.    8.8   21.7   0.68    2.2    0.0   -99.9
 'Wageningen'  9  4 1969  17668.    9.5   23.6   0.57    1.8    0.0   -99.9
 'Wageningen' 10  4 1969  12184.    3.3   18.5   0.84    3.1    1.0   -99.9
 'Wageningen' 11  4 1969   2973.    8.0   12.0   1.27    4.4   12.1   -99.9
 'Wageningen' 12  4 1969   6364.    8.5    9.3   0.62    7.6    5.9   -99.9
 'Wageningen' 13  4 1969  11388.    0.7    6.8   0.67    3.9    5.6   -99.9
 'Wageningen' 14  4 1969  16245.    0.4    9.8   0.49    3.5    6.0   -99.9
 'Wageningen' 15  4 1969   3977.    2.2   10.8   1.15    4.6    9.8   -99.9
 'Wageningen' 16  4 1969  15198.    3.1    8.7   0.62    5.2    0.3   -99.9
 'Wageningen' 17  4 1969  19259.    1.7    8.3   0.65    4.5    1.6   -99.9
 'Wageningen' 18  4 1969  17375.   -1.0    6.7   0.64    3.6    3.9   -99.9
 'Wageningen' 19  4 1969  15701.   -3.6    7.4   0.47    1.1    0.0   -99.9
 'Wageningen' 20  4 1969  16203.    0.0    9.8   0.53    2.4    0.0   -99.9
 'Wageningen' 21  4 1969   7871.    2.6   10.7   1.04    5.4    6.1   -99.9
 'Wageningen' 22  4 1969  14696.    6.7   12.7   0.85    3.2    4.5   -99.9
 'Wageningen' 23  4 1969  10718.    7.0   12.5   1.02    2.2    0.0   -99.9
 'Wageningen' 24  4 1969   6573.    4.3   13.3   1.04    2.5    9.6   -99.9
 'Wageningen' 25  4 1969  18380.    6.1   15.5   0.81    3.7    0.0   -99.9
 'Wageningen' 26  4 1969   5150.    9.2   16.6   1.47    3.5    7.5   -99.9
 'Wageningen' 27  4 1969  19427.    7.0   14.8   0.84    2.4    0.0   -99.9
 'Wageningen' 28  4 1969  21395.    3.4   14.6   0.90    1.8    0.1   -99.9
 'Wageningen' 29  4 1969  21562.    1.1   12.8   0.72    1.0    0.0   -99.9
 'Wageningen' 30  4 1969  22316.   -2.0   14.8   0.68    1.8    0.2   -99.9
 'Wageningen'  1  5 1969   3014.    6.0   11.5   0.81    5.0    0.2   -99.9
 'Wageningen'  2  5 1969  17333.    7.3   21.1   1.39    2.0    0.7   -99.9
 'Wageningen'  3  5 1969  12267.   11.5   19.7   1.35    2.0    0.0   -99.9
 'Wageningen'  4  5 1969  14151.    8.5   20.6   1.37    1.0    2.5   -99.9
 'Wageningen'  5  5 1969  20180.   11.3   20.4   1.25    1.0    0.0   -99.9
 'Wageningen'  6  5 1969   2554.   10.5   13.6   1.34    3.0    1.3   -99.9
 'Wageningen'  7  5 1969  19008.    8.8   16.0   0.98    3.0    0.0   -99.9
 'Wageningen'  8  5 1969  12100.    9.8   15.9   1.08    2.0    0.0   -99.9
 'Wageningen'  9  5 1969  19845.    1.9   17.9   0.79    3.0    1.7   -99.9
 'Wageningen' 10  5 1969   9839.    6.6   15.3   1.03    2.0    8.7   -99.9
 'Wageningen' 11  5 1969   8081.    9.7   18.9   1.61    3.0    0.2   -99.9
 'Wageningen' 12  5 1969  22986.   10.2   25.4   1.37    2.0    0.0   -99.9
 'Wageningen' 13  5 1969  21562.   15.9   29.5   1.68    3.0    0.0   -99.9
 'Wageningen' 14  5 1969  15701.   16.2   23.6   1.68    2.0    6.6   -99.9
 'Wageningen' 15  5 1969  13188.   11.8   19.3   1.22    5.0    4.3   -99.9
 'Wageningen' 16  5 1969  18338.   10.2   15.0   1.03    6.0    0.8   -99.9
 'Wageningen' 17  5 1969   9127.    7.5   13.9   1.06    4.0   11.6   -99.9
 'Wageningen' 18  5 1969   9630.    6.6   10.3   0.84    4.0    3.8   -99.9
 'Wageningen' 19  5 1969   8918.    2.8    8.9   0.73    7.0    2.8   -99.9
 'Wageningen' 20  5 1969   6615.    6.0    9.7   1.03    3.0    2.1   -99.9
 'Wageningen' 21  5 1969  10174.    1.4   11.5   0.84    3.0    0.2   -99.9
 'Wageningen' 22  5 1969  25037.    5.4   15.4   0.88    2.0    0.0   -99.9
 'Wageningen' 23  5 1969  22860.    4.8   17.6   0.99    3.0    0.0   -99.9
 'Wageningen' 24  5 1969  20850.   10.4   23.3   1.43    6.0    0.0   -99.9
 'Wageningen' 25  5 1969  19510.   13.3   22.3   1.43    3.0    1.5   -99.9
 'Wageningen' 26  5 1969   9085.   12.5   15.8   1.25    3.0    1.6   -99.9
 'Wageningen' 27  5 1969  19887.    6.5   19.2   1.13    6.0    3.4   -99.9
 'Wageningen' 28  5 1969  17124.   12.3   18.6   1.15    2.0    8.9   -99.9
 'Wageningen' 29  5 1969  20348.   11.3   19.7   1.03    0.0    0.2   -99.9
 'Wageningen' 30  5 1969  17166.   10.1   19.1   1.18    3.0    0.7   -99.9
 'Wageningen' 31  5 1969  10844.    8.2   15.6   1.40    2.0   12.9   -99.9
 'Wageningen'  1  6 1969   9881.    9.7   15.8   1.11    0.0    1.5   -99.9
 'Wageningen'  2  6 1969  13858.    5.7   15.3   1.13    2.0   12.7   -99.9
 'Wageningen'  3  6 1969   4940.    8.4   14.4   1.22    4.0    6.5   -99.9
 'Wageningen'  4  6 1969  12895.    4.9   12.2   0.95    3.0    6.5   -99.9
 'Wageningen'  5  6 1969  13607.    7.5   15.4   0.92    7.0    0.2   -99.9
 'Wageningen'  6  6 1969  19343.    4.0   16.0   0.72    5.0    0.0   -99.9
 'Wageningen'  7  6 1969  22232.    6.4   19.5   1.02    6.0    0.0   -99.9
 'Wageningen'  8  6 1969  29810.    6.9   23.3   0.99    3.0    0.0   -99.9
 'Wageningen'  9  6 1969  30229.    7.7   22.4   0.96    3.0    0.0   -99.9
 'Wageningen' 10  6 1969  29936.   11.2   24.3   1.06    3.0    0.0   -99.9
 'Wageningen' 11  6 1969  26209.   12.1   25.5   1.20    3.0    0.0   -99.9
 'Wageningen' 12  6 1969  27465.    8.3   26.0   1.30    2.0    0.0   -99.9
 'Wageningen' 13  6 1969  25539.   10.1   28.6   1.37    6.0    0.0   -99.9
 'Wageningen' 14  6 1969  21813.   11.6   26.5   1.30    1.0    0.6   -99.9
 'Wageningen' 15  6 1969  24953.   12.3   26.8   1.56    1.0    0.1   -99.9
 'Wageningen' 16  6 1969  18296.   11.6   25.7   1.63    4.0   12.7   -99.9
 'Wageningen' 17  6 1969  21646.   11.6   20.8   1.18    3.0    0.0   -99.9
 'Wageningen' 18  6 1969   8792.   13.7   20.3   1.54    2.0    1.2   -99.9
 'Wageningen' 19  6 1969  22860.    9.6   19.6   1.04    5.0    0.0   -99.9
 'Wageningen' 20  6 1969  16873.    8.8   20.0   1.29    5.0    0.7   -99.9
 'Wageningen' 21  6 1969  21478.   10.9   19.6   1.11    1.0    6.9   -99.9
 'Wageningen' 22  6 1969  24116.    8.7   20.7   1.26    1.0    0.0   -99.9
 'Wageningen' 23  6 1969  12016.   14.6   22.3   1.98    4.0    0.4   -99.9
 'Wageningen' 24  6 1969   6908.   16.2   18.8   1.54    3.0    0.0   -99.9
 'Wageningen' 25  6 1969   8667.   13.5   18.4   1.27    1.0    1.1   -99.9
 'Wageningen' 26  6 1969  14068.   12.4   19.1   1.23    3.0    0.0   -99.9
 'Wageningen' 27  6 1969   6824.    8.6   16.3   1.68    3.0    5.7   -99.9
 'Wageningen' 28  6 1969  17710.    5.5   18.1   1.08    3.0    0.0   -99.9
 'Wageningen' 29  6 1969  12142.    6.2   19.8   1.32    2.0    0.4   -99.9
 'Wageningen' 30  6 1969  20306.   12.7   23.9   1.25    2.0    0.0   -99.9
 'Wageningen'  1  7 1969  23823.    8.3   23.9   1.75    2.0    0.0   -99.9
 'Wageningen'  2  7 1969  23237.    9.1   25.3   1.46    4.0    0.0   -99.9
 'Wageningen'  3  7 1969   8290.   14.6   21.7   1.80    2.0    0.0   -99.9
 'Wageningen'  4  7 1969  27968.    9.9   23.6   1.23    1.0    0.0   -99.9
 'Wageningen'  5  7 1969  21771.   13.1   22.6   1.45    3.0    0.0   -99.9
 'Wageningen'  6  7 1969  13398.   10.0   21.7   1.37    2.0   13.1   -99.9
 'Wageningen'  7  7 1969   6741.   14.4   18.0   1.58    4.0    3.1   -99.9
 'Wageningen'  8  7 1969  13523.   10.2   15.2   1.16    5.0    3.0   -99.9
 'Wageningen'  9  7 1969  17961.    8.2   16.0   1.19    3.0    0.8   -99.9
 'Wageningen' 10  7 1969  14821.    8.0   17.6   1.07    3.0    7.7   -99.9
 'Wageningen' 11  7 1969   7871.   11.6   17.0   1.47    5.0    0.9   -99.9
 'Wageningen' 12  7 1969   9965.    9.2   19.2   1.58    2.0    0.0   -99.9
 'Wageningen' 13  7 1969  17543.   12.5   22.8   1.56    4.0    0.1   -99.9
 'Wageningen' 14  7 1969  10593.   10.4   21.2   1.54    0.0    0.0   -99.9
 'Wageningen' 15  7 1969  27926.    8.1   26.4   1.67    5.0    0.0   -99.9
 'Wageningen' 16  7 1969  24870.   15.9   30.2   2.14    3.0    1.3   -99.9
 'Wageningen' 17  7 1969   7746.   16.2   21.6   1.77    2.0    0.0   -99.9
 'Wageningen' 18  7 1969  21604.    7.9   23.1   1.39    2.0    0.0   -99.9
 'Wageningen' 19  7 1969  23823.    8.9   24.2   1.25    3.0    0.0   -99.9
 'Wageningen' 20  7 1969  19008.   16.9   22.9   1.71    7.0    0.0   -99.9
 'Wageningen' 21  7 1969  15659.   14.4   24.3   2.01    4.0    0.0   -99.9
 'Wageningen' 22  7 1969  24283.   14.6   24.3   2.00    3.0    0.0   -99.9
 'Wageningen' 23  7 1969  22525.   13.2   31.6   2.08    3.0    0.0   -99.9
 'Wageningen' 24  7 1969  18338.   20.6   30.0   2.40    3.0   13.2   -99.9
 'Wageningen' 25  7 1969   8457.   16.7   23.1   1.90    2.0    0.0   -99.9
 'Wageningen' 26  7 1969  10425.   17.0   24.4   2.16    1.0    0.0   -99.9
 'Wageningen' 27  7 1969  22483.   15.2   25.7   1.68    2.0    0.1   -99.9
 'Wageningen' 28  7 1969  22483.   12.1   29.2   2.01    3.0    0.0   -99.9
 'Wageningen' 29  7 1969  21688.   21.0   32.4   1.90    8.0    0.0   -99.9
 'Wageningen' 30  7 1969  19008.   15.0   24.3   1.84    3.0    0.0   -99.9
 'Wageningen' 31  7 1969   7327.   13.8   22.9   1.93    2.0    0.5   -99.9
 'Wageningen'  1  8 1969  18966.   17.1   29.5   1.72    3.0    0.2   -99.9
 'Wageningen'  2  8 1969  19552.   16.8   30.2   2.00    3.0   15.8   -99.9
 'Wageningen'  3  8 1969  21646.   15.4   25.0   1.35    2.0    0.0   -99.9
 'Wageningen'  4  8 1969  23948.   12.8   27.5   1.67    1.0    0.0   -99.9
 'Wageningen'  5  8 1969  19217.   14.7   29.4   1.71    1.0    0.0   -99.9
 'Wageningen'  6  8 1969  19050.   16.6   23.1   1.63    3.0    0.1   -99.9
 'Wageningen'  7  8 1969  24493.    9.0   24.9   1.30    2.0    0.0   -99.9
 'Wageningen'  8  8 1969  22818.   13.3   27.0   1.43    5.0    0.0   -99.9
 'Wageningen'  9  8 1969  21939.   12.6   29.1   1.26    5.0    0.0   -99.9
 'Wageningen' 10  8 1969  23446.   18.0   28.9   1.19    4.0    0.0   -99.9
 'Wageningen' 11  8 1969  22860.   16.6   27.2   0.92    7.0    0.0   -99.9
 'Wageningen' 12  8 1969  16663.   14.5   27.3   0.91    7.0   20.7   -99.9
 'Wageningen' 13  8 1969  18422.   13.9   22.5   1.31    2.0    0.0   -99.9
 'Wageningen' 14  8 1969  19678.    9.9   23.9   1.39    4.0    1.2   -99.9
 'Wageningen' 15  8 1969   5610.   15.4   20.5   1.80    0.0    6.2   -99.9
 'Wageningen' 16  8 1969   5610.   14.9   19.7   1.89    4.0    0.2   -99.9
 'Wageningen' 17  8 1969   7411.   15.6   20.7   1.90    3.0    1.6   -99.9
 'Wageningen' 18  8 1969  15072.    9.8   21.5   1.56    3.0    0.5   -99.9
 'Wageningen' 19  8 1969   8960.   14.7   23.0   1.98    2.0    0.0   -99.9
 'Wageningen' 20  8 1969  10174.   16.7   19.9   1.26    7.0   11.7   -99.9
 'Wageningen' 21  8 1969  14444.   11.8   18.2   1.32    9.0   10.7   -99.9
 'Wageningen' 22  8 1969  10258.   11.7   17.3   1.45    1.0   12.0   -99.9
 'Wageningen' 23  8 1969  14779.    9.5   17.0   1.18    4.0   17.3   -99.9
 'Wageningen' 24  8 1969  10551.   12.1   18.3   1.67    8.0    3.5   -99.9
 'Wageningen' 25  8 1969   7034.   10.0   16.0   1.35    4.0    7.3   -99.9
 'Wageningen' 26  8 1969   9337.    9.0   15.0   1.25    4.0    7.8   -99.9
 'Wageningen' 27  8 1969  10006.    8.8   17.9   1.29   10.0    6.0   -99.9
 'Wageningen' 28  8 1969  13063.   11.0   17.3   1.52    4.0    3.9   -99.9
 'Wageningen' 29  8 1969  14068.   12.5   20.0   1.30    4.0    1.7   -99.9
 'Wageningen' 30  8 1969  13188.   11.0   18.6   1.20    3.0    0.0   -99.9
 'Wageningen' 31  8 1969  11430.   12.2   19.8   1.23    0.0    0.0   -99.9
 'Wageningen'  1  9 1969   8583.   12.8   17.4   1.27    2.0    0.0   -99.9
 'Wageningen'  2  9 1969   7578.   12.7   18.1   1.39    0.0    0.0   -99.9
 'Wageningen'  3  9 1969  19552.    3.8   20.0   1.46    2.0    0.0   -99.9
 'Wageningen'  4  9 1969  13565.    9.6   20.0   1.27    2.0    0.0   -99.9
 'Wageningen'  5  9 1969  16538.    4.9   20.6   1.26    3.0    0.0   -99.9
 'Wageningen'  6  9 1969  11388.    7.5   19.5   1.42    4.0    0.0   -99.9
 'Wageningen'  7  9 1969  14612.   13.6   21.0   1.43    4.0    0.0   -99.9
 'Wageningen'  8  9 1969  17082.    7.6   22.5   1.58    3.0    0.0   -99.9
 'Wageningen'  9  9 1969  13523.    7.6   24.3   1.52    0.0    0.1   -99.9
 'Wageningen' 10  9 1969   7411.   13.0   20.7   1.72    2.0    0.1   -99.9
 'Wageningen' 11  9 1969  15198.   11.9   24.6   1.47    4.0    0.0   -99.9
 'Wageningen' 12  9 1969  16035.   14.4   26.7   1.45    4.0    0.0   -99.9
 'Wageningen' 13  9 1969  15533.   15.5   26.5   1.57    2.0    0.0   -99.9
 'Wageningen' 14  9 1969  11346.    9.5   26.3   1.78    3.0    0.0   -99.9
 'Wageningen' 15  9 1969   7746.   12.6   22.8   1.68    0.0    0.0   -99.9
 'Wageningen' 16  9 1969   2847.   14.4   19.7   1.87    0.0    0.4   -99.9
 'Wageningen' 17  9 1969   5234.   14.3   21.7   1.80    5.0    1.1   -99.9
 'Wageningen' 18  9 1969  13775.   13.8   18.9   1.22    4.0    0.0   -99.9
 'Wageningen' 19  9 1969  16370.    7.2   18.0   0.84    5.0    0.0   -99.9
 'Wageningen' 20  9 1969  15617.    0.0   18.1   0.98    2.0    0.1   -99.9
 'Wageningen' 21  9 1969   2219.    7.0   17.4   1.73    4.0    2.4   -99.9
 'Wageningen' 22  9 1969   8792.   12.8   18.2   1.06    4.0    1.6   -99.9
 'Wageningen' 23  9 1969  12560.    4.2   18.6   1.00    1.0    0.0   -99.9
 'Wageningen' 24  9 1969  12644.    7.8   21.0   1.46    2.0    0.0   -99.9
 'Wageningen' 25  9 1969   8750.   10.3   20.1   1.54    3.0    0.0   -99.9
 'Wageningen' 26  9 1969   9169.   10.3   17.9   1.10    4.0    3.7   -99.9
 'Wageningen' 27  9 1969   8499.   12.9   15.3   0.76    5.0    0.0   -99.9
 'Wageningen' 28  9 1969  14905.    2.0   15.6   0.88    3.0    0.9   -99.9
 'Wageningen' 29  9 1969   8499.    8.8   14.8   0.90    1.0    0.0   -99.9
 'Wageningen' 30  9 1969  13858.   -0.5   14.4   0.67    1.0    0.2   -99.9
 'Wageningen'  1 10 1969  11849.    5.0   13.5   0.70    4.0    1.1   -99.9
 'Wageningen'  2 10 1969   4187.    4.3   14.4   0.96    7.0    1.4   -99.9
 'Wageningen'  3 10 1969   5568.    7.7   18.2   1.27    3.0    0.0   -99.9
 'Wageningen'  4 10 1969   7327.   13.0   20.0   1.63    1.0    0.0   -99.9
 'Wageningen'  5 10 1969  10383.    8.0   19.1   1.34    4.0    0.0   -99.9
 'Wageningen'  6 10 1969   9504.    9.3   21.3   1.65    1.0    0.0   -99.9
 'Wageningen'  7 10 1969   6908.   10.5   20.7   1.68    2.0    0.0   -99.9
 'Wageningen'  8 10 1969   9797.   12.4   22.9   1.54    3.0    0.0   -99.9
 'Wageningen'  9 10 1969   9881.   11.2   22.6   1.49    2.0    0.1   -99.9
 'Wageningen' 10 10 1969   9672.    2.2   19.9   1.23    2.0    0.2   -99.9
 'Wageningen' 11 10 1969   8750.    2.2   21.7   1.62    3.0    0.0   -99.9
 'Wageningen' 12 10 1969   5275.    8.8   17.3   1.34    2.0    0.2   -99.9
 'Wageningen' 13 10 1969   2512.    8.4   11.6   1.07    0.0    0.2   -99.9
 'Wageningen' 14 10 1969   8206.    3.2   18.5   1.26    3.0    0.0   -99.9
 'Wageningen' 15 10 1969   5150.    9.2   16.1   1.40    1.0    0.2   -99.9
 'Wageningen' 16 10 1969   8248.    2.7   18.4   1.37    1.0    0.2   -99.9
 'Wageningen' 17 10 1969   9127.    6.0   20.0   1.34    1.0    0.0   -99.9
 'Wageningen' 18 10 1969   7787.    1.7   16.0   1.23    2.0    0.1   -99.9
 'Wageningen' 19 10 1969   8122.    2.0   18.7   1.16    2.0    0.1   -99.9
 'Wageningen' 20 10 1969   7787.    2.1   20.1   1.39    1.0    0.6   -99.9
 'Wageningen' 21 10 1969   3140.    7.3   17.4   1.59    0.0    0.2   -99.9
 'Wageningen' 22 10 1969   3559.   11.9   16.8   1.53    1.0    0.1   -99.9
 'Wageningen' 23 10 1969   4522.   12.4   17.5   1.34    5.0    1.6   -99.9
 'Wageningen' 24 10 1969   6992.   10.7   15.1   0.81    8.0    9.2   -99.9
 'Wageningen' 25 10 1969   5234.    9.3   13.8   1.08    4.0    0.9   -99.9
 'Wageningen' 26 10 1969   4354.   10.0   14.9   1.15    4.0    0.0   -99.9
 'Wageningen' 27 10 1969   3391.    7.6   16.3   1.43    4.0    0.0   -99.9
 'Wageningen' 28 10 1969   2847.   11.7   15.4   1.47    1.0    0.3   -99.9
 'Wageningen' 29 10 1969   4271.    8.7   12.6   0.83    3.0    0.1   -99.9
 'Wageningen' 30 10 1969   4689.    7.2   12.8   0.98    6.0    0.2   -99.9
 'Wageningen' 31 10 1969   2763.    8.6   13.7   1.23    5.0    0.0   -99.9
 'Wageningen'  1 11 1969   1591.    9.7   11.4   1.00    5.0    0.0   -99.9
 'Wageningen'  2 11 1969   3182.    8.3   14.5   1.27    6.0    0.0   -99.9
 'Wageningen'  3 11 1969   2177.    9.8   15.5   1.31    7.0    0.0   -99.9
 'Wageningen'  4 11 1969    754.   12.8   13.6   1.04    4.0    7.9   -99.9
 'Wageningen'  5 11 1969   6113.    1.9   10.1   0.76    4.0    1.2   -99.9
 'Wageningen'  6 11 1969   3349.    0.7    8.4   0.72    2.0    0.0   -99.9
 'Wageningen'  7 11 1969   2052.   -0.1    9.0   0.63    6.0    5.0   -99.9
 'Wageningen'  8 11 1969   3308.    0.8   11.1   0.80    7.0    1.7   -99.9
 'Wageningen'  9 11 1969   1382.    4.9   11.0   1.02    8.0   11.4   -99.9
 'Wageningen' 10 11 1969   4522.    5.0   11.1   0.94    8.0    0.3   -99.9
 'Wageningen' 11 11 1969   1382.    5.5   14.5   1.23    6.0   14.7   -99.9
 'Wageningen' 12 11 1969   4564.    9.9   13.2   0.77    8.0    2.2   -99.9
 'Wageningen' 13 11 1969   2638.    6.4    9.5   0.90    3.0    1.5   -99.9
 'Wageningen' 14 11 1969   3643.    1.4    9.2   0.84    3.0    0.0   -99.9
 'Wageningen' 15 11 1969   2596.    4.6    9.1   0.70    9.0    0.2   -99.9
 'Wageningen' 16 11 1969   1633.    3.2    9.9   0.91    5.0    2.4   -99.9
 'Wageningen' 17 11 1969   2428.    6.1    7.7   0.80    4.0    0.6   -99.9
 'Wageningen' 18 11 1969   3140.    2.3    9.6   0.58    7.0    0.9   -99.9
 'Wageningen' 19 11 1969   1591.    3.0   11.4   1.15    8.0    0.5   -99.9
 'Wageningen' 20 11 1969   4187.    7.4    9.2   0.71    7.0    0.0   -99.9
 'Wageningen' 21 11 1969   1214.    2.4    9.5   1.07    2.0    0.6   -99.9
 'Wageningen' 22 11 1969    712.    5.6   10.0   1.08    1.0    0.3   -99.9
 'Wageningen' 23 11 1969   1884.    2.8   11.3   1.03    1.0    1.2   -99.9
 'Wageningen' 24 11 1969   2889.    0.8    5.6   0.57    0.0    0.5   -99.9
 'Wageningen' 25 11 1969   2093.   -1.3    3.7   0.62    1.0    0.4   -99.9
 'Wageningen' 26 11 1969   1465.   -0.5    1.9   0.58    1.0    0.0   -99.9
 'Wageningen' 27 11 1969   1172.   -3.2    6.2   0.73    3.0    3.2   -99.9
 'Wageningen' 28 11 1969   2554.   -0.3    6.3   0.65    2.0    3.2   -99.9
 'Wageningen' 29 11 1969   3014.    0.2    4.2   0.67    4.0    0.5   -99.9
 'Wageningen' 30 11 1969    921.   -5.0    0.0   0.55    0.0    0.0   -99.9
 'Wageningen'  1 12 1969    670.   -2.8    3.1   0.56    2.0    0.9   -99.9
 'Wageningen'  2 12 1969   2721.   -0.5    7.3   0.87    3.0    2.8   -99.9
 'Wageningen'  3 12 1969    754.    3.1    7.0   0.85    2.0    1.0   -99.9
 'Wageningen'  4 12 1969   3224.    0.1    2.9   0.47    0.0    0.1   -99.9
 'Wageningen'  5 12 1969   4899.   -5.5    3.5   0.55    1.0    0.0   -99.9
 'Wageningen'  6 12 1969   2805.   -4.0    1.4   0.44    0.0    0.0   -99.9
 'Wageningen'  7 12 1969   2386.   -5.3   -1.3   0.38    3.0    4.0   -99.9
 'Wageningen'  8 12 1969   2177.   -5.3    2.5   0.53    0.0    0.1   -99.9
 'Wageningen'  9 12 1969   4187.   -7.9    2.0   0.52    0.0    0.1   -99.9
 'Wageningen' 10 12 1969   1340.  -11.8   -5.3   0.36    0.0    0.2   -99.9
 'Wageningen' 11 12 1969   1675.  -10.5   -2.7   0.32    0.0    0.0   -99.9
 'Wageningen' 12 12 1969   1172.   -9.7   -0.2   0.55    0.0    0.0   -99.9
 'Wageningen' 13 12 1969    419.   -2.7    0.5   0.53    0.0    0.0   -99.9
 'Wageningen' 14 12 1969   1591.   -0.5    1.5   0.50    5.0    6.2   -99.9
 'Wageningen' 15 12 1969    502.    0.1    1.4   0.63    2.0    7.5   -99.9
 'Wageningen' 16 12 1969    795.   -1.5   -1.5   0.37    2.0    0.3   -99.9
 'Wageningen' 17 12 1969   2554.  -13.5   -5.1   0.36    0.0    0.0   -99.9
 'Wageningen' 18 12 1969    754.   -8.2   -3.0   0.33    1.0    0.0   -99.9
 'Wageningen' 19 12 1969   2889.  -10.0   -2.6   0.34    1.0    0.0   -99.9
 'Wageningen' 20 12 1969   2093.  -11.5   -6.7   0.30    2.0    0.0   -99.9
 'Wageningen' 21 12 1969   1424.   -9.7   -0.5   0.29    5.0    6.5   -99.9
 'Wageningen' 22 12 1969   1130.   -6.7    0.2   0.55    2.0    3.6   -99.9
 'Wageningen' 23 12 1969   1005.   -1.5    3.3   0.67    1.0    0.6   -99.9
 'Wageningen' 24 12 1969    502.    0.0    3.1   0.68    0.0    3.2   -99.9
 'Wageningen' 25 12 1969    921.    1.4    2.8   0.72    2.0    1.5   -99.9
 'Wageningen' 26 12 1969   2303.    2.3    5.0   0.65    0.0    0.0   -99.9
 'Wageningen' 27 12 1969   2680.   -1.7    0.0   0.47    1.0    0.0   -99.9
 'Wageningen' 28 12 1969   1005.   -4.7   -3.1   0.33    3.0    0.0   -99.9
 'Wageningen' 29 12 1969    754.   -4.8   -1.2   0.34    0.0    0.0   -99.9
 'Wageningen' 30 12 1969   2889.   -7.2   -0.8   0.36    5.0    0.0   -99.9
 'Wageningen' 31 12 1969   1800.   -7.0   -7.0   0.23    2.0    0.0   -99.9
