***************************************************************************
* File name: Wageni.991
* Contents: SWAP  3.0 - Meteo data of Wageningen weather station                
***************************************************************************     
* Comment area:                                                                 
*                                                                               
*                                                                               
***************************************************************************     
    Station   DD MM YYYY     RAD   Tmin   Tmax    HUM   WIND   RAIN   ETref     
*             nr nr   nr   kJ/m2      C      C    kPa    m/s     mm      mm     
 'Wageningen'  1  1 1991   3230.    1.5    6.5   0.72    4.3    1.1   -99.9
 'Wageningen'  2  1 1991    750.    6.1   12.3   1.10    7.4   27.4   -99.9
 'Wageningen'  3  1 1991   2010.    6.8    9.2   0.90    4.6    9.1   -99.9
 'Wageningen'  4  1 1991   3290.    4.3    9.2   0.76    5.4    3.0   -99.9
 'Wageningen'  5  1 1991    910.    2.7    7.7   0.73    7.0    4.4   -99.9
 'Wageningen'  6  1 1991   2580.    4.9    6.8   0.65    8.3    1.0   -99.9
 'Wageningen'  7  1 1991   2370.    4.9    8.8   0.78    5.3    1.7   -99.9
 'Wageningen'  8  1 1991   2830.    3.3   11.1   0.82    6.1    6.4   -99.9
 'Wageningen'  9  1 1991   2370.    4.5   10.3   0.84    6.8    6.5   -99.9
 'Wageningen' 10  1 1991   1410.    6.8   12.6   0.94    7.6    3.7   -99.9
 'Wageningen' 11  1 1991   1990.    4.4    9.0   0.85    5.3    1.9   -99.9
 'Wageningen' 12  1 1991    840.    0.0    4.8   0.70    2.2    1.5   -99.9
 'Wageningen' 13  1 1991   4740.   -2.8    5.5   0.58    1.2    0.0   -99.9
 'Wageningen' 14  1 1991   4670.   -1.0    2.3   0.48    5.0    0.0   -99.9
 'Wageningen' 15  1 1991   5070.   -1.5    4.2   0.24    6.2    0.0   -99.9
 'Wageningen' 16  1 1991   4690.   -3.4    2.1   0.32    4.6    0.0   -99.9
 'Wageningen' 17  1 1991   4310.   -3.0    4.3   0.42    3.1    0.0   -99.9
 'Wageningen' 18  1 1991   4440.   -1.7    4.4   0.50    3.0    0.0   -99.9
 'Wageningen' 19  1 1991   1220.   -1.5    4.5   0.60    2.4    2.8   -99.9
 'Wageningen' 20  1 1991   1630.   -1.7    4.5   0.63    3.1    0.3   -99.9
 'Wageningen' 21  1 1991   3400.    1.7    7.1   0.75    2.8    0.8   -99.9
 'Wageningen' 22  1 1991   2530.   -0.1    5.0   0.69    2.7    0.5   -99.9
 'Wageningen' 23  1 1991    620.   -0.9    0.7   0.56    1.6    0.0   -99.9
 'Wageningen' 24  1 1991   1500.   -4.3    1.6   0.52    1.1    0.0   -99.9
 'Wageningen' 25  1 1991    780.   -4.9    2.1   0.56    0.9    0.0   -99.9
 'Wageningen' 26  1 1991    660.    1.0    2.8   0.61    1.0    0.1   -99.9
 'Wageningen' 27  1 1991   2160.    0.9    5.4   0.64    1.3    0.0   -99.9
 'Wageningen' 28  1 1991   3640.   -0.9    4.5   0.59    2.5    0.0   -99.9
 'Wageningen' 29  1 1991   4980.   -5.8    2.0   0.50    2.4    0.0   -99.9
 'Wageningen' 30  1 1991   4320.   -6.1    2.3   0.47    2.8    0.0   -99.9
 'Wageningen' 31  1 1991   5380.   -5.2    1.4   0.42    2.6    0.0   -99.9
 'Wageningen'  1  2 1991   4930.   -8.5   -0.5   0.39    1.6    0.0   -99.9
 'Wageningen'  2  2 1991   6470.  -10.2    1.2   0.30    1.1    0.0   -99.9
 'Wageningen'  3  2 1991   5370.  -11.0   -2.4   0.28    1.9    0.0   -99.9
 'Wageningen'  4  2 1991   5840.   -9.4    0.7   0.30    2.5    0.0   -99.9
 'Wageningen'  5  2 1991   6380.   -3.5    2.2   0.43    3.6    0.0   -99.9
 'Wageningen'  6  2 1991   5220.  -12.2   -2.7   0.22    5.0    0.0   -99.9
 'Wageningen'  7  2 1991   2580.  -12.3   -5.4   0.27    5.1    0.0   -99.9
 'Wageningen'  8  2 1991   2370.   -9.4   -4.5   0.30    4.6    0.2   -99.9
 'Wageningen'  9  2 1991   6040.  -14.9   -3.6   0.31    2.3    0.0   -99.9
 'Wageningen' 10  2 1991   4330.   -6.9   -3.3   0.37    1.0    0.1   -99.9
 'Wageningen' 11  2 1991   3660.   -4.8   -1.2   0.45    2.4    2.2   -99.9
 'Wageningen' 12  2 1991   4490.   -9.7    0.1   0.41    0.8    1.3   -99.9
 'Wageningen' 13  2 1991   6390.   -9.6   -1.1   0.38    1.6    0.1   -99.9
 'Wageningen' 14  2 1991   6310.  -11.5    1.0   0.45    2.2    0.2   -99.9
 'Wageningen' 15  2 1991   1920.   -2.0    2.2   0.57    5.4    5.7   -99.9
 'Wageningen' 16  2 1991   5840.   -0.1    2.8   0.53    2.7    0.4   -99.9
 'Wageningen' 17  2 1991   8520.   -3.4    4.2   0.47    0.7    0.0   -99.9
 'Wageningen' 18  2 1991   3560.   -5.1    3.8   0.54    1.0    0.0   -99.9
 'Wageningen' 19  2 1991  10150.   -8.5    4.1   0.44    1.0    0.0   -99.9
 'Wageningen' 20  2 1991   2650.   -3.0    2.6   0.63    2.4    0.0   -99.9
 'Wageningen' 21  2 1991   3430.    0.3    7.2   0.67    3.0    0.0   -99.9
 'Wageningen' 22  2 1991   7360.    2.2    7.3   0.69    5.1    0.1   -99.9
 'Wageningen' 23  2 1991   1640.    6.5   11.5   0.95    6.4    0.4   -99.9
 'Wageningen' 24  2 1991   9660.    3.7   14.0   0.83    3.1    0.0   -99.9
 'Wageningen' 25  2 1991   4870.    3.7    9.0   0.92    1.4    0.6   -99.9
 'Wageningen' 26  2 1991   9250.   -1.2   11.5   0.76    2.9    0.0   -99.9
 'Wageningen' 27  2 1991   5730.    0.5    5.7   0.59    4.3    0.0   -99.9
 'Wageningen' 28  2 1991   1360.    0.7    3.9   0.61    4.2    1.2   -99.9
 'Wageningen'  1  3 1991   7810.    0.5    8.5   0.68    1.8    2.4   -99.9
 'Wageningen'  2  3 1991   3390.    2.2    6.1   0.75    1.7    0.5   -99.9
 'Wageningen'  3  3 1991   8530.    2.3   10.0   0.75    3.2    0.0   -99.9
 'Wageningen'  4  3 1991   9980.   -2.1   13.1   0.74    3.4    0.0   -99.9
 'Wageningen'  5  3 1991   3820.    6.6   12.1   1.03    3.2    4.5   -99.9
 'Wageningen'  6  3 1991   7850.    8.4   16.0   1.03    3.8    1.2   -99.9
 'Wageningen'  7  3 1991   4650.   10.8   15.8   0.99    3.8    0.2   -99.9
 'Wageningen'  8  3 1991   4160.    8.7   13.6   1.01    2.9    0.1   -99.9
 'Wageningen'  9  3 1991   3220.    6.7   12.1   1.05    1.8    0.0   -99.9
 'Wageningen' 10  3 1991   9370.    7.3   15.7   0.95    2.9    0.0   -99.9
 'Wageningen' 11  3 1991   6880.    7.4   14.1   1.06    2.1    0.0   -99.9
 'Wageningen' 12  3 1991  11740.    3.2   16.3   0.99    1.8    0.0   -99.9
 'Wageningen' 13  3 1991  13220.    1.9   17.4   0.86    1.5    0.0   -99.9
 'Wageningen' 14  3 1991  11520.    4.1   17.8   0.99    2.4    0.1   -99.9
 'Wageningen' 15  3 1991   2190.    7.1   10.8   1.08    2.1    0.0   -99.9
 'Wageningen' 16  3 1991   8060.    8.3   15.8   1.07    3.2    0.0   -99.9
 'Wageningen' 17  3 1991   4720.    2.2   13.0   1.00    1.3    0.0   -99.9
 'Wageningen' 18  3 1991   7110.    1.5   12.4   0.99    2.6    0.0   -99.9
 'Wageningen' 19  3 1991   1940.    8.7   13.3   1.15    6.7    6.0   -99.9
 'Wageningen' 20  3 1991   7940.    8.9   14.5   1.18    5.3    1.2   -99.9
 'Wageningen' 21  3 1991   6970.    5.0   13.7   0.99    4.2    0.1   -99.9
 'Wageningen' 22  3 1991  12290.    0.4   10.6   0.75    1.6    1.0   -99.9
 'Wageningen' 23  3 1991  13000.   -3.5   11.0   0.61    1.5    0.0   -99.9
 'Wageningen' 24  3 1991  12520.    1.4   12.0   0.69    2.7    0.0   -99.9
 'Wageningen' 25  3 1991  16220.    2.2   10.9   0.60    5.8    0.0   -99.9
 'Wageningen' 26  3 1991   9590.    4.1   11.7   0.60    6.4    0.0   -99.9
 'Wageningen' 27  3 1991  17500.    2.4   13.5   0.66    3.7    0.0   -99.9
 'Wageningen' 28  3 1991   9350.    0.6   11.3   0.63    1.6    0.0   -99.9
 'Wageningen' 29  3 1991  17890.   -2.5   10.8   0.52    2.4    0.0   -99.9
 'Wageningen' 30  3 1991  16900.   -4.1   11.2   0.57    1.4    0.0   -99.9
 'Wageningen' 31  3 1991  11390.    5.2   11.9   0.91    2.2    0.0   -99.9
 'Wageningen'  1  4 1991   9530.    8.2   15.1   1.02    5.2    0.0   -99.9
 'Wageningen'  2  4 1991   8790.    8.0   14.9   1.00    4.7    0.4   -99.9
 'Wageningen'  3  4 1991  10400.    4.7   13.1   0.89    4.1    0.1   -99.9
 'Wageningen'  4  4 1991  15190.    2.8   13.8   0.76    5.6    0.2   -99.9
 'Wageningen'  5  4 1991  11740.    4.2   12.0   0.81    4.5    0.0   -99.9
 'Wageningen'  6  4 1991  14180.    3.9   14.0   0.78    3.9    0.0   -99.9
 'Wageningen'  7  4 1991  11610.    6.2   12.6   0.90    5.7    8.7   -99.9
 'Wageningen'  8  4 1991  12800.    5.4   12.7   0.95    4.4    0.5   -99.9
 'Wageningen'  9  4 1991  17480.    2.0   15.6   0.79    1.4    0.0   -99.9
 'Wageningen' 10  4 1991  18390.    3.7   18.0   0.83    2.6    0.0   -99.9
 'Wageningen' 11  4 1991  19360.    8.7   20.9   0.81    3.9    0.0   -99.9
 'Wageningen' 12  4 1991  20990.    8.6   21.5   0.80    3.4    0.0   -99.9
 'Wageningen' 13  4 1991  19690.    4.7   21.7   0.96    2.1    0.0   -99.9
 'Wageningen' 14  4 1991  15960.    6.7   20.3   0.81    2.7    0.0   -99.9
 'Wageningen' 15  4 1991  18840.    2.8   20.8   0.82    1.8    0.0   -99.9
 'Wageningen' 16  4 1991   8560.    0.8   10.2   0.70    3.1    3.4   -99.9
 'Wageningen' 17  4 1991  13350.   -0.7    9.9   0.65    2.7    3.2   -99.9
 'Wageningen' 18  4 1991  10210.   -0.7    7.1   0.69    2.0    4.1   -99.9
 'Wageningen' 19  4 1991  15070.   -2.4    8.2   0.54    2.7    0.4   -99.9
 'Wageningen' 20  4 1991  17430.   -4.8    8.1   0.46    1.7    0.0   -99.9
 'Wageningen' 21  4 1991  18660.   -6.3    9.0   0.52    2.9    0.3   -99.9
 'Wageningen' 22  4 1991  11790.    1.2    9.1   0.75    3.5    8.5   -99.9
 'Wageningen' 23  4 1991  12060.    0.2    9.4   0.75    2.7    6.4   -99.9
 'Wageningen' 24  4 1991  23520.    0.6   11.9   0.73    2.2    0.0   -99.9
 'Wageningen' 25  4 1991  18620.    2.8   13.2   0.69    3.0    0.0   -99.9
 'Wageningen' 26  4 1991  18250.    3.5   14.3   0.69    2.7    0.0   -99.9
 'Wageningen' 27  4 1991  16840.    0.0   13.3   0.71    1.5    0.0   -99.9
 'Wageningen' 28  4 1991  14990.   -1.3   11.3   0.66    1.7    0.0   -99.9
 'Wageningen' 29  4 1991   8480.    1.4   10.4   0.74    1.7    0.0   -99.9
 'Wageningen' 30  4 1991   6290.    5.7   11.4   0.73    3.8    0.0   -99.9
 'Wageningen'  1  5 1991  11910.    2.9   11.8   0.79    3.0    0.0   -99.9
 'Wageningen'  2  5 1991   7280.    4.2    9.3   0.87    3.5    0.9   -99.9
 'Wageningen'  3  5 1991  13820.    2.6    9.7   0.76    3.4    2.0   -99.9
 'Wageningen'  4  5 1991  10240.    3.9    9.6   0.81    2.4    7.2   -99.9
 'Wageningen'  5  5 1991  12210.    1.9   10.7   0.87    1.7    7.6   -99.9
 'Wageningen'  6  5 1991   6340.    6.8   10.5   0.89    1.0    0.0   -99.9
 'Wageningen'  7  5 1991   9970.    5.4   12.3   0.87    1.7    0.0   -99.9
 'Wageningen'  8  5 1991  24750.    4.0   15.1   0.70    2.4    0.0   -99.9
 'Wageningen'  9  5 1991  22530.   -0.4   15.5   0.75    2.1    0.5   -99.9
 'Wageningen' 10  5 1991  21460.    2.4   16.4   0.86    2.1    0.3   -99.9
 'Wageningen' 11  5 1991  22350.    3.9   16.7   0.87    2.0    0.0   -99.9
 'Wageningen' 12  5 1991  16340.    7.6   14.5   0.88    1.9    0.1   -99.9
 'Wageningen' 13  5 1991  10640.    5.4   16.0   1.13    3.0    2.5   -99.9
 'Wageningen' 14  5 1991  14870.    5.1   13.1   0.90    3.1    1.1   -99.9
 'Wageningen' 15  5 1991  10890.    2.4   10.5   0.85    3.5   12.5   -99.9
 'Wageningen' 16  5 1991  16240.    1.9   11.4   0.81    2.8    1.4   -99.9
 'Wageningen' 17  5 1991  10910.    2.4   11.2   0.79    1.4    2.1   -99.9
 'Wageningen' 18  5 1991  17770.   -0.4   13.3   0.72    1.1    0.0   -99.9
 'Wageningen' 19  5 1991  17320.   -0.1   15.2   0.94    1.4    0.0   -99.9
 'Wageningen' 20  5 1991  10390.   11.2   16.3   1.32    3.7    0.0   -99.9
 'Wageningen' 21  5 1991  10450.   12.2   18.5   1.33    3.3    0.0   -99.9
 'Wageningen' 22  5 1991  23200.    5.1   17.3   0.97    2.6    0.0   -99.9
 'Wageningen' 23  5 1991  21890.    3.3   13.9   0.77    2.9    0.0   -99.9
 'Wageningen' 24  5 1991  25200.    3.7   14.6   0.78    2.1    0.0   -99.9
 'Wageningen' 25  5 1991  17260.    4.0   16.0   0.97    2.1    0.0   -99.9
 'Wageningen' 26  5 1991  11210.    8.6   14.5   1.02    2.0    0.1   -99.9
 'Wageningen' 27  5 1991   8300.    9.0   13.6   1.08    1.6    0.2   -99.9
 'Wageningen' 28  5 1991  14190.    6.5   14.6   1.02    1.2    0.0   -99.9
 'Wageningen' 29  5 1991  22010.    5.6   18.4   1.08    2.1    0.0   -99.9
 'Wageningen' 30  5 1991  23860.    5.3   22.7   1.16    1.7    0.0   -99.9
 'Wageningen' 31  5 1991  21110.    8.2   15.6   1.05    2.3    0.0   -99.9
 'Wageningen'  1  6 1991  19270.    2.0   14.0   0.79    2.5    0.0   -99.9
 'Wageningen'  2  6 1991  24130.    0.4   15.9   0.77    1.3    0.0   -99.9
 'Wageningen'  3  6 1991   6260.    3.5   11.4   0.93    2.7    5.6   -99.9
 'Wageningen'  4  6 1991  16170.    3.3   12.4   0.82    3.8    4.0   -99.9
 'Wageningen'  5  6 1991  20260.    3.0   15.0   0.81    2.2    1.1   -99.9
 'Wageningen'  6  6 1991  10840.    8.6   14.8   1.03    2.4    0.0   -99.9
 'Wageningen'  7  6 1991  10450.    7.8   17.2   1.31    1.7    5.3   -99.9
 'Wageningen'  8  6 1991  12750.    9.5   15.6   1.14    1.8    0.1   -99.9
 'Wageningen'  9  6 1991   8480.   11.6   17.5   1.31    3.4    1.0   -99.9
 'Wageningen' 10  6 1991  10250.   11.5   16.9   1.23    5.1    2.6   -99.9
 'Wageningen' 11  6 1991  18240.   10.6   17.0   1.05    4.0    0.0   -99.9
 'Wageningen' 12  6 1991   8490.   12.2   16.6   1.36    4.7    7.2   -99.9
 'Wageningen' 13  6 1991  15470.   10.3   16.8   1.04    6.1    2.8   -99.9
 'Wageningen' 14  6 1991  16290.   10.5   17.6   1.07    5.0    0.2   -99.9
 'Wageningen' 15  6 1991   2850.    9.6   14.5   1.22    4.1   26.6   -99.9
 'Wageningen' 16  6 1991  13170.    7.0   15.2   1.08    3.5    1.2   -99.9
 'Wageningen' 17  6 1991  23330.    2.8   17.7   0.98    1.2    0.0   -99.9
 'Wageningen' 18  6 1991  12710.    9.6   14.7   1.12    2.2    7.9   -99.9
 'Wageningen' 19  6 1991   7200.    9.5   12.9   1.14    3.9    4.1   -99.9
 'Wageningen' 20  6 1991   8110.    9.4   14.5   1.20    1.4    0.1   -99.9
 'Wageningen' 21  6 1991  19530.    6.1   20.6   1.36    2.7    9.4   -99.9
 'Wageningen' 22  6 1991  17400.   11.1   20.6   1.36    2.6    1.4   -99.9
 'Wageningen' 23  6 1991  15670.   11.5   18.2   1.35    3.2    2.3   -99.9
 'Wageningen' 24  6 1991  11950.   14.0   18.3   1.47    3.4    0.9   -99.9
 'Wageningen' 25  6 1991   6360.   14.1   20.6   1.70    3.4    3.4   -99.9
 'Wageningen' 26  6 1991  14880.   12.1   18.3   1.33    5.0    7.4   -99.9
 'Wageningen' 27  6 1991   3890.   11.0   13.5   1.30    2.3   37.8   -99.9
 'Wageningen' 28  6 1991  12690.    8.4   15.0   1.10    3.3    0.7   -99.9
 'Wageningen' 29  6 1991   9920.    8.7   16.0   1.08    2.8    0.0   -99.9
 'Wageningen' 30  6 1991  11220.    8.7   18.4   1.41    3.2    0.5   -99.9
 'Wageningen'  1  7 1991   8290.   15.1   18.4   1.63    2.0    3.9   -99.9
 'Wageningen'  2  7 1991  24950.   13.4   27.7   1.77    2.6    0.1   -99.9
 'Wageningen'  3  7 1991  26550.   14.5   28.6   1.62    2.4    0.0   -99.9
 'Wageningen'  4  7 1991  28290.   17.2   26.6   1.51    4.3    0.0   -99.9
 'Wageningen'  5  7 1991  26120.   17.3   28.8   1.89    4.6    0.0   -99.9
 'Wageningen'  6  7 1991  21880.   18.2   30.2   1.96    3.0    0.0   -99.9
 'Wageningen'  7  7 1991  25810.   16.0   30.8   1.90    1.6    0.0   -99.9
 'Wageningen'  8  7 1991  19850.   17.7   24.9   1.90    3.0    3.9   -99.9
 'Wageningen'  9  7 1991  11600.   11.7   19.7   1.41    3.6    1.6   -99.9
 'Wageningen' 10  7 1991  26610.   10.1   24.6   1.30    2.4    0.0   -99.9
 'Wageningen' 11  7 1991  25380.   17.6   32.3   1.83    3.1    0.6   -99.9
 'Wageningen' 12  7 1991  23220.   15.9   21.7   1.58    3.9    0.0   -99.9
 'Wageningen' 13  7 1991   8960.   15.0   19.7   1.65    3.7    2.1   -99.9
 'Wageningen' 14  7 1991  19690.   12.3   21.9   1.48    3.0    9.8   -99.9
 'Wageningen' 15  7 1991   5720.   13.2   17.3   1.50    4.1    0.4   -99.9
 'Wageningen' 16  7 1991  11250.   13.7   18.8   1.50    3.5    0.1   -99.9
 'Wageningen' 17  7 1991  22640.   12.7   21.3   1.34    2.8    0.0   -99.9
 'Wageningen' 18  7 1991   5740.   11.0   17.3   1.51    3.1    3.4   -99.9
 'Wageningen' 19  7 1991   6010.   14.5   17.7   1.54    3.9    0.1   -99.9
 'Wageningen' 20  7 1991  12650.   13.8   19.6   1.53    3.0    3.5   -99.9
 'Wageningen' 21  7 1991  18530.   10.8   21.1   1.41    1.2    2.3   -99.9
 'Wageningen' 22  7 1991  25740.    7.5   23.6   1.23    1.3    0.0   -99.9
 'Wageningen' 23  7 1991  25340.   10.5   27.5   1.48    1.8    0.0   -99.9
 'Wageningen' 24  7 1991  11420.   12.9   21.4   1.57    2.9    6.9   -99.9
 'Wageningen' 25  7 1991  13430.   11.4   20.3   1.41    1.8    0.0   -99.9
 'Wageningen' 26  7 1991  17620.   10.5   21.4   1.44    1.4    0.0   -99.9
 'Wageningen' 27  7 1991  20590.   11.9   22.8   1.45    1.0    0.0   -99.9
 'Wageningen' 28  7 1991  25820.    9.8   26.5   1.37    2.3    0.0   -99.9
 'Wageningen' 29  7 1991  24810.   17.5   27.1   1.44    3.6    0.0   -99.9
 'Wageningen' 30  7 1991  23030.   17.2   29.0   1.50    3.2    0.0   -99.9
 'Wageningen' 31  7 1991   7530.   11.5   21.6   1.65    1.5    2.4   -99.9
 'Wageningen'  1  8 1991  18600.    9.6   23.3   1.43    0.1    0.0   -99.9
 'Wageningen'  2  8 1991  21280.    9.9   25.3   1.53    0.1    0.0   -99.9
 'Wageningen'  3  8 1991  18610.   13.2   24.9   1.56    0.1    0.0   -99.9
 'Wageningen'  4  8 1991  19160.   11.0   25.5   1.67    0.1    0.0   -99.9
 'Wageningen'  5  8 1991  16580.   12.5   25.3   1.73    0.4    0.0   -99.9
 'Wageningen'  6  8 1991  20470.   17.3   30.8   1.82    2.1    0.0   -99.9
 'Wageningen'  7  8 1991  19620.   17.5   24.9   1.81    1.9    0.0   -99.9
 'Wageningen'  8  8 1991  11810.   11.0   21.6   1.46    1.7    0.0   -99.9
 'Wageningen'  9  8 1991  21790.    7.1   23.1   1.26    2.2    0.1   -99.9
 'Wageningen' 10  8 1991   6390.   17.7   22.5   1.91    3.2    0.0   -99.9
 'Wageningen' 11  8 1991   6400.   16.7   21.7   1.87    3.6    3.0   -99.9
 'Wageningen' 12  8 1991  23380.    9.2   21.7   1.29    2.4    0.0   -99.9
 'Wageningen' 13  8 1991   8380.    9.5   20.7   1.29    1.2    0.0   -99.9
 'Wageningen' 14  8 1991  19110.   11.6   23.2   1.35    1.2    0.0   -99.9
 'Wageningen' 15  8 1991  20910.    9.5   25.5   1.36    1.3    0.0   -99.9
 'Wageningen' 16  8 1991  15960.   11.6   23.1   1.49    2.8    0.0   -99.9
 'Wageningen' 17  8 1991  10980.   12.2   20.9   1.45    3.6    1.2   -99.9
 'Wageningen' 18  8 1991  15280.   10.4   19.3   1.20    2.5    0.8   -99.9
 'Wageningen' 19  8 1991  14380.    9.5   20.9   1.23    2.3    0.0   -99.9
 'Wageningen' 20  8 1991  14200.    9.4   22.0   1.41    2.7    0.4   -99.9
 'Wageningen' 21  8 1991  20840.    7.9   25.8   1.40    1.6    0.0   -99.9
 'Wageningen' 22  8 1991  16300.   16.9   29.7   1.64    3.1    0.0   -99.9
 'Wageningen' 23  8 1991  19050.   13.5   23.3   1.39    3.6    0.8   -99.9
 'Wageningen' 24  8 1991  16410.    9.8   22.4   1.37    3.3    0.0   -99.9
 'Wageningen' 25  8 1991  13440.   10.0   23.3   1.37    1.1    0.0   -99.9
 'Wageningen' 26  8 1991  17510.    8.5   22.7   1.25    1.2    0.1   -99.9
 'Wageningen' 27  8 1991  16580.   11.8   22.7   1.32    1.6    0.0   -99.9
 'Wageningen' 28  8 1991  12690.    8.9   21.3   1.25    1.9    0.0   -99.9
 'Wageningen' 29  8 1991  20200.    5.4   23.2   1.03    2.3    0.0   -99.9
 'Wageningen' 30  8 1991  20650.    7.5   24.5   1.16    2.2    0.0   -99.9
 'Wageningen' 31  8 1991  20670.    9.5   26.5   1.18    2.9    0.0   -99.9
 'Wageningen'  1  9 1991  19750.   16.3   28.1   1.28    3.7    0.0   -99.9
 'Wageningen'  2  9 1991  16480.   12.9   29.1   1.66    1.3    0.0   -99.9
 'Wageningen'  3  9 1991  18900.   10.2   28.8   1.24    1.5    0.0   -99.9
 'Wageningen'  4  9 1991  15970.    9.5   28.5   1.36    1.6    0.0   -99.9
 'Wageningen'  5  9 1991   8900.    9.8   21.8   1.55    1.6    0.1   -99.9
 'Wageningen'  6  9 1991   7960.    8.0   17.4   1.10    1.5    0.0   -99.9
 'Wageningen'  7  9 1991   7270.   12.3   18.2   1.33    1.8    0.0   -99.9
 'Wageningen'  8  9 1991  11710.    7.8   20.4   1.27    1.4    0.0   -99.9
 'Wageningen'  9  9 1991  11600.    6.5   20.3   1.17    1.0    0.0   -99.9
 'Wageningen' 10  9 1991  15500.    5.1   24.2   1.21    1.3    0.4   -99.9
 'Wageningen' 11  9 1991   4630.    4.7   17.0   1.20    1.2    0.0   -99.9
 'Wageningen' 12  9 1991  12970.    0.7   19.4   0.87    1.2    0.0   -99.9
 'Wageningen' 13  9 1991  17750.    2.9   21.6   0.83    1.3    0.0   -99.9
 'Wageningen' 14  9 1991  16270.    4.5   24.0   1.02    1.4    0.0   -99.9
 'Wageningen' 15  9 1991   3730.   12.0   19.5   1.69    2.3    6.0   -99.9
 'Wageningen' 16  9 1991   4990.    9.4   18.3   1.54    2.7   11.5   -99.9
 'Wageningen' 17  9 1991  10560.   12.9   19.2   1.35    3.5    0.0   -99.9
 'Wageningen' 18  9 1991   7560.   12.7   19.6   1.49    2.8    0.0   -99.9
 'Wageningen' 19  9 1991  12290.    6.5   18.8   1.15    1.0    0.0   -99.9
 'Wageningen' 20  9 1991   9710.    5.2   18.7   0.96    0.7    0.0   -99.9
 'Wageningen' 21  9 1991  14120.    2.6   22.9   1.16    1.9    0.0   -99.9
 'Wageningen' 22  9 1991   6530.   12.0   18.4   1.35    3.9    2.8   -99.9
 'Wageningen' 23  9 1991   5350.   12.1   18.4   1.32    5.0    1.2   -99.9
 'Wageningen' 24  9 1991   7040.   16.6   20.9   1.48    5.6    0.0   -99.9
 'Wageningen' 25  9 1991   1840.   14.4   17.6   1.67    1.2   24.2   -99.9
 'Wageningen' 26  9 1991   4060.   12.5   16.6   1.49    1.4    0.1   -99.9
 'Wageningen' 27  9 1991   2030.   10.2   12.7   1.23    1.4   20.5   -99.9
 'Wageningen' 28  9 1991   9790.    7.7   15.9   1.14    3.8    0.4   -99.9
 'Wageningen' 29  9 1991   4230.   11.9   17.0   1.34    2.3    3.4   -99.9
 'Wageningen' 30  9 1991   4110.    7.8   14.2   1.20    3.3    8.1   -99.9
 'Wageningen'  1 10 1991   4980.    6.8   14.7   1.03    4.8    4.7   -99.9
 'Wageningen'  2 10 1991  10250.    8.1   15.8   1.05    4.2    1.4   -99.9
 'Wageningen'  3 10 1991   9490.    8.3   18.5   1.21    3.6    0.9   -99.9
 'Wageningen'  4 10 1991  11000.    8.9   17.2   1.12    1.2    0.0   -99.9
 'Wageningen'  5 10 1991   9510.    5.2   18.2   1.25    1.2    0.0   -99.9
 'Wageningen'  6 10 1991   6090.    3.8   14.9   1.04    1.7    0.9   -99.9
 'Wageningen'  7 10 1991   3940.    2.7   15.0   1.13    0.9    0.0   -99.9
 'Wageningen'  8 10 1991   8020.   12.1   19.6   1.39    1.8    0.0   -99.9
 'Wageningen'  9 10 1991   7460.    6.2   18.4   1.31    1.7    0.0   -99.9
 'Wageningen' 10 10 1991  10140.    8.3   20.9   1.34    2.7    0.0   -99.9
 'Wageningen' 11 10 1991  10170.   13.1   19.8   1.22    5.0    0.0   -99.9
 'Wageningen' 12 10 1991   2590.   10.2   15.8   1.32    2.1   17.1   -99.9
 'Wageningen' 13 10 1991   1660.   11.2   14.2   1.32    2.1    2.6   -99.9
 'Wageningen' 14 10 1991   8560.    8.5   17.0   1.22    1.3    0.0   -99.9
 'Wageningen' 15 10 1991   5610.    7.8   16.4   1.25    0.8    0.0   -99.9
 'Wageningen' 16 10 1991   4410.   10.9   14.9   1.29    5.5    1.0   -99.9
 'Wageningen' 17 10 1991   5250.    6.2   14.0   0.79    6.8    3.0   -99.9
 'Wageningen' 18 10 1991   6170.    5.7   11.5   0.92    5.8   14.7   -99.9
 'Wageningen' 19 10 1991   7200.    4.8   10.5   0.80    3.4    1.9   -99.9
 'Wageningen' 20 10 1991   5970.    0.0   10.3   0.76    1.8    0.2   -99.9
 'Wageningen' 21 10 1991   7820.   -2.5   10.6   0.68    1.0    0.0   -99.9
 'Wageningen' 22 10 1991   5750.   -0.8   12.5   0.85    1.1    0.0   -99.9
 'Wageningen' 23 10 1991   3450.    8.4   11.8   1.03    1.8    0.3   -99.9
 'Wageningen' 24 10 1991   2680.    8.4   12.0   1.08    1.3    0.0   -99.9
 'Wageningen' 25 10 1991   3120.    8.8   11.6   1.06    1.8    0.1   -99.9
 'Wageningen' 26 10 1991   8330.    3.6   10.3   0.73    3.9    0.0   -99.9
 'Wageningen' 27 10 1991   8170.    1.5   10.0   0.59    3.8    0.0   -99.9
 'Wageningen' 28 10 1991   5150.    3.3    9.9   0.65    3.7    0.0   -99.9
 'Wageningen' 29 10 1991   6130.    3.6   10.3   0.61    3.7    0.0   -99.9
 'Wageningen' 30 10 1991   5090.    1.9    8.7   0.65    3.8    0.0   -99.9
 'Wageningen' 31 10 1991   5970.    3.8   11.4   0.82    3.8    0.0   -99.9
 'Wageningen'  1 11 1991   4350.    5.6   12.5   0.94    4.6    4.7   -99.9
 'Wageningen'  2 11 1991   5490.   11.0   14.5   1.14    5.7    0.8   -99.9
 'Wageningen'  3 11 1991   1220.    5.6   12.2   0.97    6.1    9.2   -99.9
 'Wageningen'  4 11 1991   1930.    4.6    8.6   0.83    5.1   17.0   -99.9
 'Wageningen'  5 11 1991   3290.    1.8    9.7   0.82    2.3    2.6   -99.9
 'Wageningen'  6 11 1991   3930.    2.0    8.1   0.77    4.1    2.3   -99.9
 'Wageningen'  7 11 1991    580.    7.8   12.4   1.19    7.7   17.1   -99.9
 'Wageningen'  8 11 1991   1000.    6.5   11.9   1.08    5.6   12.3   -99.9
 'Wageningen'  9 11 1991   3600.    2.4    6.9   0.75    2.9    8.4   -99.9
 'Wageningen' 10 11 1991   4930.    2.0    8.0   0.74    4.0    0.4   -99.9
 'Wageningen' 11 11 1991    620.    4.3    8.1   0.89    5.2    9.7   -99.9
 'Wageningen' 12 11 1991   4390.    1.8   10.8   0.85    4.3    8.2   -99.9
 'Wageningen' 13 11 1991   4120.    4.6   10.2   0.76    5.3    1.4   -99.9
 'Wageningen' 14 11 1991   1240.    1.9    7.1   0.76    3.6    1.3   -99.9
 'Wageningen' 15 11 1991   2780.    1.0    7.6   0.74    2.6    2.7   -99.9
 'Wageningen' 16 11 1991   2940.   -2.3    2.9   0.60    1.2    0.0   -99.9
 'Wageningen' 17 11 1991   2220.   -1.0    4.2   0.65    2.3    0.0   -99.9
 'Wageningen' 18 11 1991    690.    4.0    8.1   0.86    3.3    3.9   -99.9
 'Wageningen' 19 11 1991    930.    2.0    7.2   0.81    4.2    7.7   -99.9
 'Wageningen' 20 11 1991    900.    0.8    3.5   0.64    3.8    2.4   -99.9
 'Wageningen' 21 11 1991   1880.   -1.3    0.9   0.55    1.9    0.0   -99.9
 'Wageningen' 22 11 1991   1220.   -0.7    4.6   0.67    2.5    0.0   -99.9
 'Wageningen' 23 11 1991   1580.    4.6    5.9   0.66    1.8    0.0   -99.9
 'Wageningen' 24 11 1991   1510.   -1.1    6.0   0.70    1.7    0.0   -99.9
 'Wageningen' 25 11 1991    680.   -0.2    2.1   0.50    3.0    0.0   -99.9
 'Wageningen' 26 11 1991   1580.    0.5    6.5   0.52    2.5    0.0   -99.9
 'Wageningen' 27 11 1991   2170.    3.4    8.4   0.76    1.6    0.0   -99.9
 'Wageningen' 28 11 1991   3530.    2.3    8.5   0.79    2.0    0.0   -99.9
 'Wageningen' 29 11 1991   3450.    1.5    6.5   0.72    2.8    0.0   -99.9
 'Wageningen' 30 11 1991   4150.   -0.7   10.2   0.68    3.2    0.0   -99.9
 'Wageningen'  1 12 1991   1610.   -0.8    4.3   0.67    1.2    0.0   -99.9
 'Wageningen'  2 12 1991    590.    0.1    3.8   0.63    2.2    0.0   -99.9
 'Wageningen'  3 12 1991    610.   -0.8    0.9   0.56    1.3    0.0   -99.9
 'Wageningen'  4 12 1991    410.    0.7    6.1   0.69    1.2    0.0   -99.9
 'Wageningen'  5 12 1991   3890.   -3.1    6.2   0.63    1.8    0.0   -99.9
 'Wageningen'  6 12 1991   4180.   -5.3    3.5   0.50    1.0    0.0   -99.9
 'Wageningen'  7 12 1991    690.    1.1    4.2   0.68    0.7    0.0   -99.9
 'Wageningen'  8 12 1991   1940.   -1.2    5.9   0.65    0.6    0.0   -99.9
 'Wageningen'  9 12 1991   3520.   -1.3    4.3   0.59    2.5    0.0   -99.9
 'Wageningen' 10 12 1991   3470.   -4.2   -0.4   0.28    3.9    0.0   -99.9
 'Wageningen' 11 12 1991   3310.   -2.2    1.6   0.42    3.5    0.0   -99.9
 'Wageningen' 12 12 1991   2490.   -3.3    3.1   0.50    1.9    0.0   -99.9
 'Wageningen' 13 12 1991   2750.   -3.5    2.3   0.50    2.2    0.0   -99.9
 'Wageningen' 14 12 1991   3520.   -2.8    5.8   0.47    1.7    0.0   -99.9
 'Wageningen' 15 12 1991   3570.   -3.2    1.8   0.46    2.2    0.0   -99.9
 'Wageningen' 16 12 1991    740.   -1.2    4.0   0.63    2.2    0.9   -99.9
 'Wageningen' 17 12 1991    530.    3.0    8.3   0.86    3.6    7.3   -99.9
 'Wageningen' 18 12 1991   1970.    3.9    8.8   0.75    5.6    8.2   -99.9
 'Wageningen' 19 12 1991    140.    4.9   11.1   1.00    7.6   20.6   -99.9
 'Wageningen' 20 12 1991   1520.    2.4    6.2   0.62    5.7    3.1   -99.9
 'Wageningen' 21 12 1991    490.    2.4   12.1   0.92    5.0   14.6   -99.9
 'Wageningen' 22 12 1991    620.    9.5   12.6   1.17    6.0    8.9   -99.9
 'Wageningen' 23 12 1991    520.    5.9   12.2   1.00    8.3    3.2   -99.9
 'Wageningen' 24 12 1991   1900.    2.3    7.8   0.70    3.3    1.0   -99.9
 'Wageningen' 25 12 1991   2360.    0.8    6.0   0.70    2.3    0.0   -99.9
 'Wageningen' 26 12 1991    420.    3.9    9.0   0.83    6.2    1.0   -99.9
 'Wageningen' 27 12 1991   1860.    4.8    7.5   0.73    2.9    0.0   -99.9
 'Wageningen' 28 12 1991   2230.    3.8    7.8   0.80    1.8    0.0   -99.9
 'Wageningen' 29 12 1991    370.    4.8    5.7   0.83    2.6    0.5   -99.9
 'Wageningen' 30 12 1991   1070.    5.1    7.0   0.85    0.6    0.1   -99.9
 'Wageningen' 31 12 1991    410.    3.7    5.6   0.74    2.5    0.0   -99.9
