***************************************************************************
* File name: Wageni.988
* Contents: SWAP  3.0 - Meteo data of Wageningen weather station                
***************************************************************************     
* Comment area:                                                                 
*                                                                               
*                                                                               
***************************************************************************     
    Station   DD MM YYYY     RAD   Tmin   Tmax    HUM   WIND   RAIN   ETref     
*             nr nr   nr   kJ/m2      C      C    kPa    m/s     mm      mm     
 'Wageningen'  1  1 1988    880.    6.6   10.9   0.94    6.0    7.9   -99.9
 'Wageningen'  2  1 1988    330.    8.4   13.1   1.10    7.8    7.3   -99.9
 'Wageningen'  3  1 1988    860.    6.6    9.2   0.84    7.7    3.4   -99.9
 'Wageningen'  4  1 1988   2120.    5.1   10.2   0.83    7.5    1.3   -99.9
 'Wageningen'  5  1 1988    420.    6.9   11.5   0.73    5.2    6.7   -99.9
 'Wageningen'  6  1 1988   1880.    8.0   10.8   0.87    6.9    9.8   -99.9
 'Wageningen'  7  1 1988    470.    2.9    8.3   0.79    4.9    2.5   -99.9
 'Wageningen'  8  1 1988   1270.    2.1    6.0   0.73    2.6    0.1   -99.9
 'Wageningen'  9  1 1988    580.    2.2    7.8   0.78    4.4    0.5   -99.9
 'Wageningen' 10  1 1988    820.    6.1    9.8   1.05    2.0   11.6   -99.9
 'Wageningen' 11  1 1988   3150.    2.2    6.7   0.74    4.0    1.8   -99.9
 'Wageningen' 12  1 1988   3480.    1.2    7.1   0.67    3.0    0.0   -99.9
 'Wageningen' 13  1 1988   2670.    1.7    8.4   0.67    3.8    0.0   -99.9
 'Wageningen' 14  1 1988   1460.   -0.6    8.7   0.79    2.5    0.2   -99.9
 'Wageningen' 15  1 1988    630.   -1.6    6.0   0.73    1.4    0.0   -99.9
 'Wageningen' 16  1 1988    360.    3.0    5.7   0.72    1.1    0.0   -99.9
 'Wageningen' 17  1 1988    380.    1.1    6.2   0.79    1.8    0.0   -99.9
 'Wageningen' 18  1 1988   2370.    1.0    5.9   0.66    1.9    0.0   -99.9
 'Wageningen' 19  1 1988   3690.    3.0    9.5   0.78    2.6    0.0   -99.9
 'Wageningen' 20  1 1988    460.    4.6    7.6   0.79    3.9    1.3   -99.9
 'Wageningen' 21  1 1988   1250.    1.6    5.9   0.73    3.1    0.2   -99.9
 'Wageningen' 22  1 1988    210.    0.2    3.3   0.64    3.9   11.9   -99.9
 'Wageningen' 23  1 1988   4070.    0.0    3.8   0.66    3.1    4.4   -99.9
 'Wageningen' 24  1 1988   1440.    3.5   10.9   0.94    4.6    7.0   -99.9
 'Wageningen' 25  1 1988    570.    5.6   10.0   0.92    5.1   13.6   -99.9
 'Wageningen' 26  1 1988    460.    3.7    7.9   0.88    3.8    3.6   -99.9
 'Wageningen' 27  1 1988   2360.    2.2    6.9   0.74    1.6    0.2   -99.9
 'Wageningen' 28  1 1988    670.    4.1    9.4   0.92    4.0   13.1   -99.9
 'Wageningen' 29  1 1988   1870.    3.6    9.9   0.90    5.4    7.2   -99.9
 'Wageningen' 30  1 1988   1310.    4.0    6.5   0.77    4.3    1.6   -99.9
 'Wageningen' 31  1 1988   2010.    2.4    6.5   0.72    4.4    0.1   -99.9
 'Wageningen'  1  2 1988   1200.    2.3    8.5   0.79    6.5   10.7   -99.9
 'Wageningen'  2  2 1988   3000.    3.9    8.7   0.75    7.9    3.3   -99.9
 'Wageningen'  3  2 1988   3370.    3.9    8.5   0.79    5.7    2.9   -99.9
 'Wageningen'  4  2 1988   2700.    4.3    9.2   0.83    6.5    2.7   -99.9
 'Wageningen'  5  2 1988   5100.    4.8    8.3   0.81    4.5    2.0   -99.9
 'Wageningen'  6  2 1988   3200.    1.3    9.0   0.72    3.5    8.4   -99.9
 'Wageningen'  7  2 1988   3600.    1.3    5.9   0.62    4.0    1.2   -99.9
 'Wageningen'  8  2 1988   3100.    1.3    5.2   0.61    6.5    8.0   -99.9
 'Wageningen'  9  2 1988   2800.    3.0    9.4   0.67    7.0    1.4   -99.9
 'Wageningen' 10  2 1988    960.    0.8    5.9   0.63    8.0    7.3   -99.9
 'Wageningen' 11  2 1988   5270.    1.2    7.4   0.65    4.9    0.1   -99.9
 'Wageningen' 12  2 1988   4590.   -0.7    6.0   0.62    2.3    2.9   -99.9
 'Wageningen' 13  2 1988   8290.   -0.5    7.6   0.60    3.7    0.0   -99.9
 'Wageningen' 14  2 1988   6130.    3.3    9.2   0.55    4.0    0.0   -99.9
 'Wageningen' 15  2 1988   7720.    1.2    8.5   0.54    2.6    0.0   -99.9
 'Wageningen' 16  2 1988   4120.    0.1    7.7   0.64    3.5    0.0   -99.9
 'Wageningen' 17  2 1988   4470.    1.1    7.2   0.74    4.6    0.7   -99.9
 'Wageningen' 18  2 1988   3830.    3.8    7.4   0.83    4.1    2.1   -99.9
 'Wageningen' 19  2 1988   7080.    4.2    8.3   0.77    4.3    1.0   -99.9
 'Wageningen' 20  2 1988   6010.    3.5    8.6   0.84    2.0    0.1   -99.9
 'Wageningen' 21  2 1988   1900.    3.0    7.9   0.86    1.7    0.0   -99.9
 'Wageningen' 22  2 1988   5030.   -0.4    8.8   0.73    2.9    0.0   -99.9
 'Wageningen' 23  2 1988   5810.    1.4    6.7   0.70    4.6    6.6   -99.9
 'Wageningen' 24  2 1988   4700.    0.2    3.8   0.57    2.9    0.0   -99.9
 'Wageningen' 25  2 1988   4770.   -0.4    2.6   0.54    3.0    0.0   -99.9
 'Wageningen' 26  2 1988   2560.   -0.1    1.4   0.55    4.0    0.2   -99.9
 'Wageningen' 27  2 1988   2100.   -1.9    2.9   0.56    2.2    0.0   -99.9
 'Wageningen' 28  2 1988   5310.    0.5    6.4   0.65    5.5    2.5   -99.9
 'Wageningen' 29  2 1988   6650.    0.5    6.0   0.63    5.6    4.5   -99.9
 'Wageningen'  1  3 1988   7180.   -2.0    3.8   0.59    2.7    4.6   -99.9
 'Wageningen'  2  3 1988   8080.   -3.5    5.9   0.59    2.4    1.9   -99.9
 'Wageningen'  3  3 1988   2840.    1.0    3.8   0.62    4.9    0.0   -99.9
 'Wageningen'  4  3 1988   7200.   -1.8    6.2   0.58    1.6    5.2   -99.9
 'Wageningen'  5  3 1988   7400.   -1.8    3.6   0.58    3.0    0.0   -99.9
 'Wageningen'  6  3 1988   4120.    0.3    6.2   0.74    3.8    3.2   -99.9
 'Wageningen'  7  3 1988   7800.   -1.7    7.1   0.41    2.5   12.2   -99.9
 'Wageningen'  8  3 1988  19980.   -2.5    6.2   0.52    1.4    0.6   -99.9
 'Wageningen'  9  3 1988   4330.   -1.9    5.5   0.63    2.4    0.0   -99.9
 'Wageningen' 10  3 1988   3870.    2.7    8.3   0.80    3.2    4.3   -99.9
 'Wageningen' 11  3 1988   6620.    1.3    7.5   0.80    6.7    4.8   -99.9
 'Wageningen' 12  3 1988   6770.    0.8    6.4   0.64    3.3    1.3   -99.9
 'Wageningen' 13  3 1988   4780.    0.5    4.1   0.64    2.2    3.9   -99.9
 'Wageningen' 14  3 1988  11760.   -0.1    6.4   0.57    1.2    0.2   -99.9
 'Wageningen' 15  3 1988   2470.    2.2    9.5   0.89    6.0    8.6   -99.9
 'Wageningen' 16  3 1988   3800.    3.7    8.5   0.79    6.1    0.6   -99.9
 'Wageningen' 17  3 1988  13740.   -1.7    7.8   0.56    2.5    0.1   -99.9
 'Wageningen' 18  3 1988  14790.   -3.3    8.6   0.52    1.8    0.2   -99.9
 'Wageningen' 19  3 1988   1910.    3.2    8.9   0.79    4.1    4.7   -99.9
 'Wageningen' 20  3 1988   4920.    8.0   12.2   1.08    4.3    9.2   -99.9
 'Wageningen' 21  3 1988   2850.    7.2   10.8   1.06    3.7    7.8   -99.9
 'Wageningen' 22  3 1988  14130.    5.0   12.1   0.92    3.8    0.0   -99.9
 'Wageningen' 23  3 1988   5060.    4.7   10.0   0.90    3.8    9.3   -99.9
 'Wageningen' 24  3 1988   4400.    2.5   10.4   0.84    5.3    5.4   -99.9
 'Wageningen' 25  3 1988   3820.    4.4    7.4   0.83    3.6    7.4   -99.9
 'Wageningen' 26  3 1988   9130.    4.5    9.2   0.80    5.8    5.5   -99.9
 'Wageningen' 27  3 1988   6680.    2.2    9.0   0.77    4.8    2.9   -99.9
 'Wageningen' 28  3 1988   5370.    1.4    8.0   0.83    3.2    3.1   -99.9
 'Wageningen' 29  3 1988   5460.    6.1    9.2   0.90    2.6    6.9   -99.9
 'Wageningen' 30  3 1988   7330.    5.5   12.3   0.88    3.4    1.4   -99.9
 'Wageningen' 31  3 1988   5450.    5.6    9.1   0.83    2.8    0.0   -99.9
 'Wageningen'  1  4 1988  12360.    2.0   11.4   0.71    2.4    0.0   -99.9
 'Wageningen'  2  4 1988  16410.    2.3   13.7   0.73    1.5    0.0   -99.9
 'Wageningen'  3  4 1988  15310.   -0.4   14.1   0.75    2.0    0.1   -99.9
 'Wageningen'  4  4 1988  17080.    4.1   12.0   0.77    3.7    0.0   -99.9
 'Wageningen'  5  4 1988  13070.    3.9   10.6   0.79    4.2    0.0   -99.9
 'Wageningen'  6  4 1988  18320.    3.7   14.2   0.82    4.3    0.0   -99.9
 'Wageningen'  7  4 1988  15160.    4.8   16.4   0.90    2.8    0.0   -99.9
 'Wageningen'  8  4 1988   6520.    3.9   11.0   0.84    2.9    0.0   -99.9
 'Wageningen'  9  4 1988   8360.   -1.6    6.5   0.60    1.6    4.7   -99.9
 'Wageningen' 10  4 1988  17520.   -1.7    9.3   0.57    4.6    0.2   -99.9
 'Wageningen' 11  4 1988   9010.    0.5   11.8   0.83    2.7    0.0   -99.9
 'Wageningen' 12  4 1988  20430.   -1.7   15.3   0.71    3.2    0.1   -99.9
 'Wageningen' 13  4 1988  19620.   -0.9   10.3   0.55    3.3    0.0   -99.9
 'Wageningen' 14  4 1988  21800.   -2.9   14.0   0.55    3.2    0.0   -99.9
 'Wageningen' 15  4 1988  19970.    7.0   17.3   0.69    3.1    0.0   -99.9
 'Wageningen' 16  4 1988   8230.   11.2   17.6   1.22    2.2    3.6   -99.9
 'Wageningen' 17  4 1988   8340.    5.2   17.2   1.27    1.9    0.8   -99.9
 'Wageningen' 18  4 1988  20180.    4.7   21.1   1.29    1.8    0.0   -99.9
 'Wageningen' 19  4 1988  19040.   13.0   24.5   1.39    2.4    0.0   -99.9
 'Wageningen' 20  4 1988  10000.    7.9   17.2   1.20    4.4    2.0   -99.9
 'Wageningen' 21  4 1988   9790.    7.1   13.5   1.08    3.2    0.0   -99.9
 'Wageningen' 22  4 1988  23770.    1.7   12.1   0.67    2.8    0.0   -99.9
 'Wageningen' 23  4 1988  25070.   -0.1    9.7   0.43    3.8    0.0   -99.9
 'Wageningen' 24  4 1988  25390.   -1.0   11.2   0.40    3.3    0.0   -99.9
 'Wageningen' 25  4 1988  22860.   -1.9   11.3   0.50    2.5    0.0   -99.9
 'Wageningen' 26  4 1988  18120.   -2.3   12.6   0.56    1.7    0.2   -99.9
 'Wageningen' 27  4 1988  23860.    3.9   16.0   1.17    3.2    0.0   -99.9
 'Wageningen' 28  4 1988  15140.    4.1   15.0   1.12    2.7    6.5   -99.9
 'Wageningen' 29  4 1988  16080.    2.6   15.1   0.85    1.6    0.0   -99.9
 'Wageningen' 30  4 1988  21080.    9.0   20.7   1.65    2.0    0.0   -99.9
 'Wageningen'  1  5 1988  16800.    8.3   20.7   1.62    2.5    4.9   -99.9
 'Wageningen'  2  5 1988  20380.    9.5   19.4   1.17    3.1    2.6   -99.9
 'Wageningen'  3  5 1988  13090.    9.8   16.2   1.15    3.3    2.8   -99.9
 'Wageningen'  4  5 1988  11490.    9.2   14.2   1.22    4.0    2.8   -99.9
 'Wageningen'  5  5 1988  15550.    3.7   16.3   1.23    2.4    0.0   -99.9
 'Wageningen'  6  5 1988  24150.    0.6   19.5   0.89    2.0    0.0   -99.9
 'Wageningen'  7  5 1988  21890.    7.6   22.0   1.92    4.4    0.0   -99.9
 'Wageningen'  8  5 1988  10330.   14.4   19.5   1.87    4.3    0.1   -99.9
 'Wageningen'  9  5 1988  15180.   14.2   23.8   2.01    2.0    7.8   -99.9
 'Wageningen' 10  5 1988  12170.    7.8   17.2   1.50    2.1    0.0   -99.9
 'Wageningen' 11  5 1988  24060.    8.7   22.0   1.82    3.3    0.0   -99.9
 'Wageningen' 12  5 1988  25660.   11.1   23.8   1.14    4.1    0.0   -99.9
 'Wageningen' 13  5 1988  26240.   15.5   26.0   1.05    4.7    0.0   -99.9
 'Wageningen' 14  5 1988  23470.   15.0   25.3   1.09    4.5    0.0   -99.9
 'Wageningen' 15  5 1988  23390.   15.4   26.3   0.98    4.3    0.0   -99.9
 'Wageningen' 16  5 1988  22380.   11.4   27.3   1.08    2.9    0.0   -99.9
 'Wageningen' 17  5 1988  25140.    9.1   19.3   1.17    2.8    0.0   -99.9
 'Wageningen' 18  5 1988   9050.    5.4   13.5   0.83    1.7    0.0   -99.9
 'Wageningen' 19  5 1988   3660.    3.7   10.3   0.90    2.1    1.6   -99.9
 'Wageningen' 20  5 1988  14740.    2.2   12.9   0.77    1.9    0.3   -99.9
 'Wageningen' 21  5 1988  20820.   -0.9   16.3   0.71    1.3    0.0   -99.9
 'Wageningen' 22  5 1988  28820.    1.6   18.9   0.72    2.8    0.0   -99.9
 'Wageningen' 23  5 1988  26240.    8.9   21.8   1.73    3.8    0.0   -99.9
 'Wageningen' 24  5 1988  21540.    8.8   20.1   1.28    2.8    1.4   -99.9
 'Wageningen' 25  5 1988  23620.    8.8   26.3   1.20    2.4    0.0   -99.9
 'Wageningen' 26  5 1988  17630.   14.2   25.0   1.54    2.8    0.0   -99.9
 'Wageningen' 27  5 1988   7080.   13.7   17.2   1.54    2.8    4.8   -99.9
 'Wageningen' 28  5 1988   3000.   11.6   14.5   1.42    1.9    2.5   -99.9
 'Wageningen' 29  5 1988  13600.   10.2   16.5   1.46    2.8    3.2   -99.9
 'Wageningen' 30  5 1988  15330.    9.8   17.3   1.50    4.2    3.5   -99.9
 'Wageningen' 31  5 1988  10830.    9.2   15.3   1.41    4.1    0.0   -99.9
 'Wageningen'  1  6 1988  18100.    9.8   17.7   1.29    4.0    0.0   -99.9
 'Wageningen'  2  6 1988  13980.   10.8   18.9   1.56    3.5    0.6   -99.9
 'Wageningen'  3  6 1988  19640.   11.7   18.2   1.66    3.9    0.8   -99.9
 'Wageningen'  4  6 1988  16740.    8.6   17.1   1.21    3.5    0.7   -99.9
 'Wageningen'  5  6 1988  13600.    7.3   15.9   1.07    2.1    0.9   -99.9
 'Wageningen'  6  6 1988  11110.    6.9   15.0   1.31    1.7    0.0   -99.9
 'Wageningen'  7  6 1988   6500.    6.8   14.0   0.59    2.1    0.0   -99.9
 'Wageningen'  8  6 1988  11220.    8.8   18.7   1.38    1.2    0.0   -99.9
 'Wageningen'  9  6 1988   8970.    8.8   16.9   1.46    1.3    0.9   -99.9
 'Wageningen' 10  6 1988   7980.   11.0   20.6   1.63    1.3    0.0   -99.9
 'Wageningen' 11  6 1988  11700.   10.8   19.6   1.35    2.8    0.0   -99.9
 'Wageningen' 12  6 1988  24630.   10.1   21.3   1.66    4.4    0.0   -99.9
 'Wageningen' 13  6 1988  29750.   11.3   24.7   2.10    2.7    0.0   -99.9
 'Wageningen' 14  6 1988  29670.    7.7   21.2   1.27    2.4    0.0   -99.9
 'Wageningen' 15  6 1988  18610.   13.4   20.1   1.38    2.2    0.0   -99.9
 'Wageningen' 16  6 1988  13230.   12.8   17.7   1.18    1.8    0.0   -99.9
 'Wageningen' 17  6 1988  20360.   12.2   21.2   1.28    1.8    0.0   -99.9
 'Wageningen' 18  6 1988  17120.    8.6   19.3   1.27    2.3    0.0   -99.9
 'Wageningen' 19  6 1988   9880.   10.5   15.5   1.11    2.0    0.0   -99.9
 'Wageningen' 20  6 1988  17550.   11.6   19.6   1.32    1.9    0.6   -99.9
 'Wageningen' 21  6 1988  16920.   11.6   22.9   1.52    1.9    2.9   -99.9
 'Wageningen' 22  6 1988  16640.    7.8   17.5   1.24    3.2    2.0   -99.9
 'Wageningen' 23  6 1988  11160.    6.9   17.9   1.17    2.2    0.2   -99.9
 'Wageningen' 24  6 1988   6640.   12.3   16.2   1.45    2.0    1.1   -99.9
 'Wageningen' 25  6 1988  15000.   12.5   20.2   1.50    2.1    0.6   -99.9
 'Wageningen' 26  6 1988   5220.   13.0   17.1   1.52    1.5    0.1   -99.9
 'Wageningen' 27  6 1988  15850.   10.8   21.1   1.62    1.7    0.0   -99.9
 'Wageningen' 28  6 1988  19780.   10.9   21.9   1.54    2.0    0.0   -99.9
 'Wageningen' 29  6 1988  15800.   10.7   20.6   1.53    1.9    0.0   -99.9
 'Wageningen' 30  6 1988  18660.   11.6   26.2   1.98    2.1    8.1   -99.9
 'Wageningen'  1  7 1988   9590.   11.7   20.8   1.67    3.2    8.6   -99.9
 'Wageningen'  2  7 1988  11510.    9.8   17.1   1.28    2.7    5.1   -99.9
 'Wageningen'  3  7 1988  13980.   11.5   18.5   1.40    4.8    7.0   -99.9
 'Wageningen'  4  7 1988  16950.   14.4   22.1   1.45    4.5    0.1   -99.9
 'Wageningen'  5  7 1988   5910.   12.6   18.1   1.53    1.7    6.4   -99.9
 'Wageningen'  6  7 1988  19300.   12.4   22.0   1.47    3.1    1.5   -99.9
 'Wageningen'  7  7 1988  17330.   13.6   19.7   1.48    2.7   11.8   -99.9
 'Wageningen'  8  7 1988  12740.   13.0   17.8   1.40    2.6    0.8   -99.9
 'Wageningen'  9  7 1988  12950.   10.6   18.7   1.29    3.3    0.6   -99.9
 'Wageningen' 10  7 1988  27230.   10.6   24.4   1.44    2.8    0.0   -99.9
 'Wageningen' 11  7 1988  14450.   11.6   20.8   1.49    2.5    1.3   -99.9
 'Wageningen' 12  7 1988  16830.   11.6   19.5   1.41    2.3    0.0   -99.9
 'Wageningen' 13  7 1988   4850.   12.2   16.9   1.49    2.4    3.9   -99.9
 'Wageningen' 14  7 1988   9500.   12.3   18.4   1.48    3.8   20.9   -99.9
 'Wageningen' 15  7 1988   8050.   12.7   18.4   1.49    4.2    6.0   -99.9
 'Wageningen' 16  7 1988   3440.   12.6   14.0   1.45    6.0    9.6   -99.9
 'Wageningen' 17  7 1988   8430.   11.9   16.8   1.58    2.5    6.0   -99.9
 'Wageningen' 18  7 1988   5790.   12.5   16.5   1.45    2.7    0.9   -99.9
 'Wageningen' 19  7 1988  13530.   10.8   19.1   1.47    2.2    0.0   -99.9
 'Wageningen' 20  7 1988  12450.   10.8   19.6   1.55    1.7    0.2   -99.9
 'Wageningen' 21  7 1988   7940.   15.0   20.7   1.86    1.7    0.5   -99.9
 'Wageningen' 22  7 1988   6080.   18.0   22.4   2.05    3.3    2.6   -99.9
 'Wageningen' 23  7 1988  17650.   18.3   27.6   2.15    2.9    9.2   -99.9
 'Wageningen' 24  7 1988  15740.   12.6   20.4   1.55    3.5    2.6   -99.9
 'Wageningen' 25  7 1988  22710.   11.5   23.2   1.38    3.3    0.0   -99.9
 'Wageningen' 26  7 1988   4790.   12.7   19.0   1.60    2.0   10.0   -99.9
 'Wageningen' 27  7 1988  19300.   10.6   19.6   1.31    2.4    0.0   -99.9
 'Wageningen' 28  7 1988  17640.   12.0   20.7   1.40    2.8    5.6   -99.9
 'Wageningen' 29  7 1988  23420.   12.7   18.9   1.25    5.0    1.5   -99.9
 'Wageningen' 30  7 1988  19900.   10.5   19.6   1.20    3.9    0.0   -99.9
 'Wageningen' 31  7 1988  16340.   10.9   19.8   1.30    2.9    0.0   -99.9
 'Wageningen'  1  8 1988  21520.   10.3   21.9   1.41    1.5    0.0   -99.9
 'Wageningen'  2  8 1988  14600.    8.9   19.4   1.32    1.1    1.1   -99.9
 'Wageningen'  3  8 1988  20300.    8.1   19.5   1.18    1.4    0.0   -99.9
 'Wageningen'  4  8 1988  13250.    9.1   19.9   1.39    2.6    0.0   -99.9
 'Wageningen'  5  8 1988  11710.   11.9   21.1   1.57    1.5    0.0   -99.9
 'Wageningen'  6  8 1988  19260.   10.7   24.7   1.66    1.1    0.0   -99.9
 'Wageningen'  7  8 1988  22240.   10.5   26.8   1.63    1.5    0.0   -99.9
 'Wageningen'  8  8 1988  19270.   16.1   26.3   1.79    2.0    0.0   -99.9
 'Wageningen'  9  8 1988  17460.   13.5   23.6   1.91    2.0    0.0   -99.9
 'Wageningen' 10  8 1988  13270.   16.7   25.2   2.01    1.3    8.1   -99.9
 'Wageningen' 11  8 1988  16260.   14.7   20.4   0.82    3.1    0.6   -99.9
 'Wageningen' 12  8 1988  11350.   14.2   21.8   0.68    3.6    0.0   -99.9
 'Wageningen' 13  8 1988  19810.   13.3   20.3   0.64    3.5    0.0   -99.9
 'Wageningen' 14  8 1988  20680.   13.3   26.3   0.60    2.3    0.0   -99.9
 'Wageningen' 15  8 1988  14480.    8.2   19.7   0.89    2.9    0.0   -99.9
 'Wageningen' 16  8 1988  16630.    6.8   21.2   0.78    1.4    0.0   -99.9
 'Wageningen' 17  8 1988  21540.    5.0   23.0   0.54    0.8    0.0   -99.9
 'Wageningen' 18  8 1988  19470.    8.0   26.7   0.52    2.4    0.0   -99.9
 'Wageningen' 19  8 1988   9670.   15.0   22.7   0.81    3.7    3.6   -99.9
 'Wageningen' 20  8 1988  12390.   14.1   20.2   1.07    4.7    0.9   -99.9
 'Wageningen' 21  8 1988   7780.   14.2   18.1   1.06    4.4   14.8   -99.9
 'Wageningen' 22  8 1988  12810.   11.6   18.9   0.90    2.9    5.8   -99.9
 'Wageningen' 23  8 1988  10590.   11.4   17.5   0.88    2.0    0.0   -99.9
 'Wageningen' 24  8 1988   5900.   10.2   17.8   0.83    3.0    3.8   -99.9
 'Wageningen' 25  8 1988  12590.   12.9   18.0   0.82    5.0    6.7   -99.9
 'Wageningen' 26  8 1988  10480.   11.6   18.8   0.77    4.2    0.0   -99.9
 'Wageningen' 27  8 1988   5700.   12.8   21.9   0.76    2.2    2.9   -99.9
 'Wageningen' 28  8 1988  13760.   16.2   27.1   0.83    3.7   16.6   -99.9
 'Wageningen' 29  8 1988  13400.   11.4   18.4   0.87    3.4    0.0   -99.9
 'Wageningen' 30  8 1988  12790.   10.9   19.3   0.86    2.8    0.0   -99.9
 'Wageningen' 31  8 1988  14480.   12.0   21.7   0.80    2.5    2.8   -99.9
 'Wageningen'  1  9 1988   4950.   12.8   20.2   1.50    3.8    2.6   -99.9
 'Wageningen'  2  9 1988  11530.   10.9   17.0   1.26    4.6    1.6   -99.9
 'Wageningen'  3  9 1988  11330.   10.5   17.5   1.22    2.5    0.1   -99.9
 'Wageningen'  4  9 1988  15420.    9.4   19.1   1.25    1.7    0.0   -99.9
 'Wageningen'  5  9 1988   5080.   10.8   18.9   1.51    1.7   10.4   -99.9
 'Wageningen'  6  9 1988  15950.    9.8   21.0   1.42    1.2    0.1   -99.9
 'Wageningen'  7  9 1988  17950.   11.7   21.7   1.29    2.5    0.0   -99.9
 'Wageningen'  8  9 1988  18010.   12.3   21.7   1.23    3.1    0.0   -99.9
 'Wageningen'  9  9 1988  16900.   12.2   24.3   1.36    1.4    0.0   -99.9
 'Wageningen' 10  9 1988   6550.   11.8   18.0   1.50    1.5    0.0   -99.9
 'Wageningen' 11  9 1988   7140.    8.9   19.4   1.44    2.7    0.5   -99.9
 'Wageningen' 12  9 1988   8670.    7.9   16.6   1.18    3.8    3.2   -99.9
 'Wageningen' 13  9 1988  11420.   10.2   16.1   1.17    3.9   10.1   -99.9
 'Wageningen' 14  9 1988  12410.    8.7   17.3   1.23    1.9    1.4   -99.9
 'Wageningen' 15  9 1988  10820.    8.9   17.1   1.23    1.8    2.1   -99.9
 'Wageningen' 16  9 1988   3740.   11.9   15.1   1.37    2.2    4.2   -99.9
 'Wageningen' 17  9 1988   6480.   11.4   17.2   1.36    1.9    0.4   -99.9
 'Wageningen' 18  9 1988   4820.   12.4   16.7   1.43    2.0    0.1   -99.9
 'Wageningen' 19  9 1988   7880.   11.8   17.7   1.37    1.9    0.0   -99.9
 'Wageningen' 20  9 1988   3880.   12.2   14.6   1.21    1.4    0.0   -99.9
 'Wageningen' 21  9 1988   7360.   11.6   17.1   1.31    2.0    0.0   -99.9
 'Wageningen' 22  9 1988  11040.    9.8   20.6   1.41    2.9    0.0   -99.9
 'Wageningen' 23  9 1988   5990.   11.3   15.5   1.18    6.7    5.3   -99.9
 'Wageningen' 24  9 1988   3070.   10.2   14.4   1.22    4.8   13.8   -99.9
 'Wageningen' 25  9 1988   4380.   10.5   17.1   1.53    2.5    0.7   -99.9
 'Wageningen' 26  9 1988   2100.   15.2   16.6   1.62    5.8    5.0   -99.9
 'Wageningen' 27  9 1988   2950.   14.9   17.3   1.65    3.7    1.4   -99.9
 'Wageningen' 28  9 1988   5040.   11.8   17.6   1.39    5.4    2.9   -99.9
 'Wageningen' 29  9 1988  10760.    7.1   14.7   1.02    4.3    0.4   -99.9
 'Wageningen' 30  9 1988   9650.    2.7   13.8   0.86    1.0    0.0   -99.9
 'Wageningen'  1 10 1988  13540.    0.9   15.0   0.80    1.4    0.0   -99.9
 'Wageningen'  2 10 1988  12310.    3.7   17.5   1.01    1.7    0.0   -99.9
 'Wageningen'  3 10 1988   7030.    3.1   15.5   1.08    1.3    0.0   -99.9
 'Wageningen'  4 10 1988   9490.    8.4   17.7   1.34    1.8    0.0   -99.9
 'Wageningen'  5 10 1988   3520.   10.2   16.0   1.23    3.1    0.3   -99.9
 'Wageningen'  6 10 1988   1800.   10.5   13.9   1.20    5.9    3.5   -99.9
 'Wageningen'  7 10 1988   6540.    8.3   14.4   0.95    7.7   13.6   -99.9
 'Wageningen'  8 10 1988   7850.    8.8   13.3   0.99    7.3   11.6   -99.9
 'Wageningen'  9 10 1988    980.   12.1   13.8   1.34    6.8    6.0   -99.9
 'Wageningen' 10 10 1988   9650.    5.5   13.6   0.96    4.6    9.9   -99.9
 'Wageningen' 11 10 1988   6150.    2.0   12.4   0.96    4.0    0.2   -99.9
 'Wageningen' 12 10 1988   4250.    9.6   14.8   1.28    2.7    0.0   -99.9
 'Wageningen' 13 10 1988   9000.    8.0   16.1   1.16    2.4    0.0   -99.9
 'Wageningen' 14 10 1988   8430.    6.4   19.9   1.32    2.3    0.0   -99.9
 'Wageningen' 15 10 1988   1590.   13.8   14.9   0.93    2.9    0.0   -99.9
 'Wageningen' 16 10 1988   2700.   11.1   14.8   0.97    3.6    0.0   -99.9
 'Wageningen' 17 10 1988   3350.   10.7   14.3   1.22    3.2    0.0   -99.9
 'Wageningen' 18 10 1988   3980.   10.0   15.0   1.31    4.5    0.0   -99.9
 'Wageningen' 19 10 1988   1550.   10.8   14.2   1.31    3.8    3.9   -99.9
 'Wageningen' 20 10 1988   2200.   10.1   14.6   1.37    2.2    4.9   -99.9
 'Wageningen' 21 10 1988   1720.   10.6   14.3   1.44    2.2    0.1   -99.9
 'Wageningen' 22 10 1988   6460.    6.2   15.4   1.20    1.4    0.0   -99.9
 'Wageningen' 23 10 1988   3970.    4.1   12.6   1.08    1.5    0.0   -99.9
 'Wageningen' 24 10 1988   2290.   10.3   13.3   1.28    1.3    0.7   -99.9
 'Wageningen' 25 10 1988   3760.    9.0   13.9   1.24    2.2    0.0   -99.9
 'Wageningen' 26 10 1988   4910.    9.0   14.1   1.15    3.9    0.0   -99.9
 'Wageningen' 27 10 1988   4740.   10.5   17.8   1.20    4.7    0.0   -99.9
 'Wageningen' 28 10 1988   3930.    4.8   14.5   1.08    3.1    0.0   -99.9
 'Wageningen' 29 10 1988   6300.    1.8   10.5   0.72    1.4    0.0   -99.9
 'Wageningen' 30 10 1988   5970.   -0.5    8.9   0.67    1.1    0.0   -99.9
 'Wageningen' 31 10 1988   3110.    2.3    9.9   0.82    2.0    0.4   -99.9
 'Wageningen'  1 11 1988   4500.    3.7   11.2   0.90    3.3    0.2   -99.9
 'Wageningen'  2 11 1988   5730.   -2.0   11.0   0.80    2.6    1.2   -99.9
 'Wageningen'  3 11 1988   8000.   -4.7    6.0   0.47    2.0    0.0   -99.9
 'Wageningen'  4 11 1988   7410.   -3.0    5.2   0.42    3.3    0.0   -99.9
 'Wageningen'  5 11 1988   6830.   -2.9    6.1   0.46    1.3    0.0   -99.9
 'Wageningen'  6 11 1988   3520.   -1.7    7.2   0.69    1.3    0.0   -99.9
 'Wageningen'  7 11 1988   1860.   -0.3    4.5   0.70    2.3    0.0   -99.9
 'Wageningen'  8 11 1988   5090.    2.3   10.2   0.73    3.8    0.0   -99.9
 'Wageningen'  9 11 1988   2970.    4.1   10.9   0.84    3.2    0.1   -99.9
 'Wageningen' 10 11 1988   2130.    9.2   13.6   1.25    2.9    1.6   -99.9
 'Wageningen' 11 11 1988    900.   12.3   13.6   1.45    1.7    8.6   -99.9
 'Wageningen' 12 11 1988    520.   10.0   12.9   1.32    1.6    3.3   -99.9
 'Wageningen' 13 11 1988   4640.    5.2   11.0   0.90    2.9    0.6   -99.9
 'Wageningen' 14 11 1988   2550.    4.7   11.2   0.99    2.9    0.0   -99.9
 'Wageningen' 15 11 1988   1680.    6.7   11.7   1.09    1.5    0.1   -99.9
 'Wageningen' 16 11 1988   3280.    3.2   11.3   0.93    1.5    0.0   -99.9
 'Wageningen' 17 11 1988   4040.    3.3    9.0   0.89    3.3    0.2   -99.9
 'Wageningen' 18 11 1988   1600.    5.3   11.5   1.03    4.4    2.0   -99.9
 'Wageningen' 19 11 1988   3360.    2.6    7.5   0.72    2.0    0.6   -99.9
 'Wageningen' 20 11 1988   2540.   -2.7    4.4   0.62    1.9    1.7   -99.9
 'Wageningen' 21 11 1988   5710.   -6.0    2.6   0.43    1.0    0.0   -99.9
 'Wageningen' 22 11 1988   1690.   -7.1    5.7   0.58    2.5    0.7   -99.9
 'Wageningen' 23 11 1988   2610.    1.9    7.9   0.83    1.2    0.0   -99.9
 'Wageningen' 24 11 1988   1730.    5.0    8.0   0.89    1.4    0.5   -99.9
 'Wageningen' 25 11 1988   2010.    4.1    9.8   0.83    1.3    0.6   -99.9
 'Wageningen' 26 11 1988   1870.    4.5    8.3   0.81    0.9    0.0   -99.9
 'Wageningen' 27 11 1988   2750.    3.6    9.4   0.84    1.2    0.5   -99.9
 'Wageningen' 28 11 1988    870.    3.2    8.6   0.77    5.7    0.2   -99.9
 'Wageningen' 29 11 1988   2980.    0.3   10.2   0.82    4.0    0.2   -99.9
 'Wageningen' 30 11 1988    590.    3.9   11.7   0.96    3.3   20.0   -99.9
 'Wageningen'  1 12 1988    590.   -1.0    4.0   0.59    3.6    4.1   -99.9
 'Wageningen'  2 12 1988    750.   -0.9    1.0   0.59    2.4    0.7   -99.9
 'Wageningen'  3 12 1988   1460.    0.2    6.9   0.72    3.2    1.1   -99.9
 'Wageningen'  4 12 1988    620.    6.1    9.2   0.89    5.0    9.4   -99.9
 'Wageningen'  5 12 1988   2250.    3.0    7.9   0.70    5.4    1.2   -99.9
 'Wageningen'  6 12 1988   2020.    1.2    7.5   0.73    4.1    6.2   -99.9
 'Wageningen'  7 12 1988   2810.    0.2    7.4   0.73    1.8    0.3   -99.9
 'Wageningen'  8 12 1988   1400.    1.4    7.8   0.90    3.6    1.4   -99.9
 'Wageningen'  9 12 1988   2800.    2.5    9.7   0.97    2.1    2.2   -99.9
 'Wageningen' 10 12 1988    960.    9.3   11.3   1.10    3.9    1.8   -99.9
 'Wageningen' 11 12 1988    760.    8.2   10.1   0.95    4.8    0.4   -99.9
 'Wageningen' 12 12 1988   1700.    4.5    9.8   0.84    3.7    1.8   -99.9
 'Wageningen' 13 12 1988   1080.    5.4    8.6   0.91    1.9    0.2   -99.9
 'Wageningen' 14 12 1988    930.    4.3    7.8   0.83    2.6    0.1   -99.9
 'Wageningen' 15 12 1988    870.    3.6    8.2   0.94    2.8    1.4   -99.9
 'Wageningen' 16 12 1988    550.    3.0    6.4   0.80    1.9    1.1   -99.9
 'Wageningen' 17 12 1988   1980.    0.8    6.3   0.79    1.6    0.7   -99.9
 'Wageningen' 18 12 1988    860.    4.8    9.2   0.93    5.8   11.0   -99.9
 'Wageningen' 19 12 1988   1120.    4.9   10.2   0.93    6.8   15.6   -99.9
 'Wageningen' 20 12 1988   1800.    3.3    6.2   0.73    2.2    0.0   -99.9
 'Wageningen' 21 12 1988    550.    4.1    9.6   1.00    3.9    1.1   -99.9
 'Wageningen' 22 12 1988   1020.    8.4    9.9   0.95    5.9    0.0   -99.9
 'Wageningen' 23 12 1988    550.    7.8   10.7   0.96    6.3    0.8   -99.9
 'Wageningen' 24 12 1988   1240.    3.1    9.6   0.86    4.8    6.5   -99.9
 'Wageningen' 25 12 1988    900.    4.5   10.1   1.06    2.2    0.1   -99.9
 'Wageningen' 26 12 1988   2570.   -0.9   11.4   1.03    3.3    0.0   -99.9
 'Wageningen' 27 12 1988   2790.    6.8   10.6   1.01    3.4    0.9   -99.9
 'Wageningen' 28 12 1988    640.    6.7   10.9   1.11    2.1    0.0   -99.9
 'Wageningen' 29 12 1988    790.    5.2    9.3   0.94    2.6    0.0   -99.9
 'Wageningen' 30 12 1988    490.    4.6    5.9   0.85    2.6    0.0   -99.9
 'Wageningen' 31 12 1988    590.    5.9    7.4   0.95    1.5    0.0   -99.9
