***************************************************************************
* File name: Wageni.997
* Contents: SWAP  3.0 - Meteo data of Wageningen weather station                
***************************************************************************     
* Comment area:                                                                 
*                                                                               
*                                                                               
***************************************************************************     
    Station     DD    MM  YYYY   RAD   Tmin  Tmax   HUM  WIND  RAIN ETref     
*               nr    nr    nr kJ/m2      C     C   kPa   m/s    mm    mm
'Wageningen'     1     1  1997  3885. -15.4  -8.4  0.20   3.0   0.0 -99.9
'Wageningen'     2     1  1997  3433. -18.6  -8.7  0.20   1.8   0.0 -99.9
'Wageningen'     3     1  1997  1843. -12.6  -5.2  0.27   4.5   0.0 -99.9
'Wageningen'     4     1  1997  1183.  -5.2  -3.2  0.36   4.3   0.0 -99.9
'Wageningen'     5     1  1997  1545. -10.3  -3.0  0.34   2.6   0.0 -99.9
'Wageningen'     6     1  1997  2724. -12.3  -5.9  0.30   2.3   0.0 -99.9
'Wageningen'     7     1  1997  1990.  -8.6  -3.7  0.35   2.4   0.0 -99.9
'Wageningen'     8     1  1997  2464.  -9.5  -6.3  0.30   2.4   0.0 -99.9
'Wageningen'     9     1  1997  2263.  -9.2  -3.9  0.32   2.6   0.0 -99.9
'Wageningen'    10     1  1997  1034.  -4.1  -3.0  0.39   2.0   0.0 -99.9
'Wageningen'    11     1  1997  1231.  -5.9  -3.0  0.38   2.3   0.0 -99.9
'Wageningen'    12     1  1997  1475.  -6.0   1.8  0.51   2.9   0.0 -99.9
'Wageningen'    13     1  1997  4325.  -0.7   7.9  0.59   1.9   0.1 -99.9
'Wageningen'    14     1  1997  4827.  -1.1   7.9  0.49   2.2   0.0 -99.9
'Wageningen'    15     1  1997  4536.  -3.8   5.1  0.48   1.9  10.0 -99.9
'Wageningen'    16     1  1997  4648.  -3.0   5.1  0.50   2.2   0.0 -99.9
'Wageningen'    17     1  1997  4563.  -1.3   8.0  0.57   2.8   0.0 -99.9
'Wageningen'    18     1  1997   862.   1.8   6.0  0.81   2.5   0.0 -99.9
'Wageningen'    19     1  1997   963.   1.1   3.9  0.73   2.5   2.1 -99.9
'Wageningen'    20     1  1997  1684.   0.1   3.9  0.68   1.2   0.3 -99.9
'Wageningen'    21     1  1997  1954.  -1.4   2.9  0.62   2.8   0.0 -99.9
'Wageningen'    22     1  1997  2458.   0.3   8.3  0.73   3.2   0.0 -99.9
'Wageningen'    23     1  1997  4038.   0.4   8.8  0.78   1.6   0.0 -99.9
'Wageningen'    24     1  1997  3826.  -2.9   8.2  0.68   0.8   0.1 -99.9
'Wageningen'    25     1  1997  5727.  -4.1   4.9  0.56   1.7   0.0 -99.9
'Wageningen'    26     1  1997   909.  -4.7   1.3  0.58   1.8   0.0 -99.9
'Wageningen'    27     1  1997  2805.  -5.4  -0.3  0.47   1.0   0.0 -99.9
'Wageningen'    28     1  1997  1901.  -2.4   3.5  0.66   0.8   0.0 -99.9
'Wageningen'    29     1  1997  1520.   0.4   2.8  0.68   1.0   0.0 -99.9
'Wageningen'    30     1  1997  1216.   0.5   3.4  0.67   0.6   0.0 -99.9
'Wageningen'    31     1  1997  1934.  -0.7   4.6  0.65   1.2   0.0 -99.9
'Wageningen'     1     2  1997  2487.  -1.1   3.0  0.51   1.9   0.0 -99.9
'Wageningen'     2     2  1997  4099.  -1.8   2.3  0.56   2.6   0.0 -99.9
'Wageningen'     3     2  1997  2284.  -0.5   2.0  0.63   2.5   0.1 -99.9
'Wageningen'     4     2  1997  1235.   0.4   6.3  0.74   6.5   4.7 -99.9
'Wageningen'     5     2  1997  5274.   0.7   6.6  0.71   2.3  10.8 -99.9
'Wageningen'     6     2  1997  3824.   0.6   8.2  0.69   3.9   0.0 -99.9
'Wageningen'     7     2  1997  3248.   1.7   9.2  0.77   3.6   1.4 -99.9
'Wageningen'     8     2  1997  5314.  -0.2   5.6  0.72   1.5   0.0 -99.9
'Wageningen'     9     2  1997  3235.   5.0  10.8  0.94   3.8   0.0 -99.9
'Wageningen'    10     2  1997  2087.   4.5   9.9  0.86   6.4   3.0 -99.9
'Wageningen'    11     2  1997  5073.   2.8   8.7  0.71   5.9   1.6 -99.9
'Wageningen'    12     2  1997   823.   5.6  11.9  1.10   7.1  11.6 -99.9
'Wageningen'    13     2  1997  2093.   3.6   9.9  0.81   8.0   7.9 -99.9
'Wageningen'    14     2  1997  7700.  -0.9   7.3  0.63   3.9   0.0 -99.9
'Wageningen'    15     2  1997  7217.   0.3   8.3  0.66   1.6   0.0 -99.9
'Wageningen'    16     2  1997  5010.  -0.1   6.6  0.63   3.2   0.0 -99.9
'Wageningen'    17     2  1997  2416.   1.9   9.2  0.81   4.3   2.4 -99.9
'Wageningen'    18     2  1997  4528.   3.7  11.3  0.87   7.3   9.4 -99.9
'Wageningen'    19     2  1997  5163.   1.5   9.8  0.70   6.5   2.3 -99.9
'Wageningen'    20     2  1997  6449.   5.1  10.0  0.78   8.1   0.0 -99.9
'Wageningen'    21     2  1997  1145.   7.3  10.7  1.03   7.4   1.4 -99.9
'Wageningen'    22     2  1997  2154.   6.7  11.5  1.04   3.5   0.0 -99.9
'Wageningen'    23     2  1997  5405.   6.4  12.1  0.96   4.5   0.0 -99.9
'Wageningen'    24     2  1997  2092.   7.2  12.0  1.01   6.7   7.1 -99.9
'Wageningen'    25     2  1997  5066.   8.2  13.0  1.00   9.5   4.8 -99.9
'Wageningen'    26     2  1997  3711.   5.0   9.9  0.88   7.6   6.4 -99.9
'Wageningen'    27     2  1997  4822.   1.5   9.2  0.78   3.4   0.0 -99.9
'Wageningen'    28     2  1997  7990.   5.9  13.9  0.77   4.3   0.2 -99.9
'Wageningen'     1     3  1997 10810.   3.7  13.1  0.96   3.8   0.0 -99.9
'Wageningen'     2     3  1997  2152.   6.4  12.5  1.05   5.2   1.4 -99.9
'Wageningen'     3     3  1997 10650.   3.0  11.0  0.74   2.0   0.0 -99.9
'Wageningen'     4     3  1997  7135.   3.9  12.4  0.95   2.7   0.0 -99.9
'Wageningen'     5     3  1997  5946.   6.1  11.6  1.02   2.7   0.0 -99.9
'Wageningen'     6     3  1997 10169.   4.6  12.3  0.87   2.5   0.6 -99.9
'Wageningen'     7     3  1997  9946.   4.3  15.0  0.94   2.4   0.0 -99.9
'Wageningen'     8     3  1997  5287.   3.5  13.3  0.99   1.5   0.0 -99.9
'Wageningen'     9     3  1997 10604.   4.7  14.7  0.97   2.7   0.0 -99.9
'Wageningen'    10     3  1997 13461.   4.1  17.4  0.91   2.0   0.0 -99.9
'Wageningen'    11     3  1997  7397.   3.5  11.7  0.84   1.9   0.0 -99.9
'Wageningen'    12     3  1997  9072.   3.0  13.2  0.89   2.7   0.0 -99.9
'Wageningen'    13     3  1997 11541.   5.7  14.7  1.01   3.8   0.0 -99.9
'Wageningen'    14     3  1997  2271.   7.6  10.3  1.04   4.1   0.1 -99.9
'Wageningen'    15     3  1997  2917.   8.2  10.9  1.11   3.9   1.4 -99.9
'Wageningen'    16     3  1997  1966.   8.3  11.7  1.12   3.6   0.5 -99.9
'Wageningen'    17     3  1997  9693.   4.9  12.4  0.98   2.9   0.1 -99.9
'Wageningen'    18     3  1997  2179.   4.2  10.8  0.92   4.1   6.3 -99.9
'Wageningen'    19     3  1997  4966.   3.1  10.1  0.82   4.2   6.5 -99.9
'Wageningen'    20     3  1997  5898.   1.8   7.0  0.70   2.5   0.4 -99.9
'Wageningen'    21     3  1997 10359.  -1.0   9.5  0.71   3.4   0.3 -99.9
'Wageningen'    22     3  1997 14570.  -3.7   8.7  0.56   1.6   0.0 -99.9
'Wageningen'    23     3  1997  1976.   4.7   7.2  0.80   2.7   3.9 -99.9
'Wageningen'    24     3  1997  4102.   4.0   8.0  0.88   1.1   0.7 -99.9
'Wageningen'    25     3  1997  5017.   4.5  10.0  0.91   0.9   1.8 -99.9
'Wageningen'    26     3  1997  6692.   3.7  12.8  1.00   5.1   1.3 -99.9
'Wageningen'    27     3  1997 14898.   7.0  14.5  0.93   6.4   0.0 -99.9
'Wageningen'    28     3  1997  9495.   4.5  11.4  0.76   6.2   1.2 -99.9
'Wageningen'    29     3  1997  9811.   2.7  10.5  0.79   3.9   0.2 -99.9
'Wageningen'    30     3  1997 13386.   2.4  13.7  0.82   1.9   0.0 -99.9
'Wageningen'    31     3  1997 18212.   0.8  14.2  0.78   2.0   0.0 -99.9
'Wageningen'     1     4  1997 18162.   2.2  16.3  0.82   1.8   0.0 -99.9
'Wageningen'     2     4  1997 12160.  -0.1  14.4  0.80   1.1   0.0 -99.9
'Wageningen'     3     4  1997  8650.   3.1  12.2  0.82   4.6   0.0 -99.9
'Wageningen'     4     4  1997  9707.   2.2   9.0  0.65   3.7   0.9 -99.9
'Wageningen'     5     4  1997  1645.   4.6  11.3  0.99   6.3  12.4 -99.9
'Wageningen'     6     4  1997 19649.  -1.1  10.0  0.59   2.7   0.0 -99.9
'Wageningen'     7     4  1997 21135.  -4.5  10.2  0.48   1.9   0.0 -99.9
'Wageningen'     8     4  1997 19823.  -2.3  13.9  0.54   2.5   0.0 -99.9
'Wageningen'     9     4  1997 16778.   3.4  18.1  0.72   1.4   0.0 -99.9
'Wageningen'    10     4  1997 17502.  -0.2  16.7  0.81   1.5   0.0 -99.9
'Wageningen'    11     4  1997 10124.   3.5  10.7  0.74   4.3   0.2 -99.9
'Wageningen'    12     4  1997 15176.  -0.1  10.6  0.70   3.4   0.6 -99.9
'Wageningen'    13     4  1997 15943.  -3.7  11.9  0.69   1.5   0.0 -99.9
'Wageningen'    14     4  1997  7779.   4.4  12.9  0.88   3.0   0.3 -99.9
'Wageningen'    15     4  1997 14835.   0.8  10.0  0.64   3.2   0.0 -99.9
'Wageningen'    16     4  1997 13595.   1.0  10.6  0.75   1.9   0.2 -99.9
'Wageningen'    17     4  1997 22949.  -2.6  14.0  0.56   2.2   0.0 -99.9
'Wageningen'    18     4  1997  9545.  -2.0  11.0  0.75   1.9   0.0 -99.9
'Wageningen'    19     4  1997 10659.   1.6   8.7  0.57   3.1   0.0 -99.9
'Wageningen'    20     4  1997 17488.  -2.6   9.7  0.43   2.7   0.0 -99.9
'Wageningen'    21     4  1997 23296.  -5.0  11.0  0.50   1.9   0.0 -99.9
'Wageningen'    22     4  1997 11775.  -2.1  10.3  0.62   1.7   0.0 -99.9
'Wageningen'    23     4  1997 23193.  -3.8  12.7  0.53   2.0   0.0 -99.9
'Wageningen'    24     4  1997 18860.   2.6  15.4  0.67   5.2   0.0 -99.9
'Wageningen'    25     4  1997 10091.   6.4  13.9  1.02   2.0   2.4 -99.9
'Wageningen'    26     4  1997 12189.   7.3  15.0  1.05   2.7   1.4 -99.9
'Wageningen'    27     4  1997  6669.   8.7  15.0  1.22   1.7   0.4 -99.9
'Wageningen'    28     4  1997  4596.   8.2  15.0  1.19   5.1   8.0 -99.9
'Wageningen'    29     4  1997  2908.   8.4  11.0  1.09   5.1   5.1 -99.9
'Wageningen'    30     4  1997 14471.   4.2  15.1  1.01   2.0   0.0 -99.9
'Wageningen'     1     5  1997 24136.   2.4  18.5  0.99   1.0   0.0 -99.9
'Wageningen'     2     5  1997 24195.   4.5  22.1  1.10   1.3   0.0 -99.9
'Wageningen'     3     5  1997 21370.   5.1  23.5  1.12   1.9   0.0 -99.9
'Wageningen'     4     5  1997  9018.  12.2  18.8  1.43   4.4   1.2 -99.9
'Wageningen'     5     5  1997  8852.  11.0  16.4  1.33   3.4   6.8 -99.9
'Wageningen'     6     5  1997  5080.   1.1  13.0  0.90   3.1   6.8 -99.9
'Wageningen'     7     5  1997 18696.  -0.2   9.9  0.64   2.4   0.3 -99.9
'Wageningen'     8     5  1997 11804.   2.0  10.9  0.81   4.3   2.2 -99.9
'Wageningen'     9     5  1997 13484.   6.1  13.3  0.91   4.7   4.4 -99.9
'Wageningen'    10     5  1997 17853.   6.5  15.9  1.01   4.8   0.8 -99.9
'Wageningen'    11     5  1997 11702.  10.9  16.7  1.22   4.0   1.6 -99.9
'Wageningen'    12     5  1997 20350.   7.2  17.8  1.01   3.5   0.0 -99.9
'Wageningen'    13     5  1997 23408.   6.6  21.2  1.00   1.9   0.0 -99.9
'Wageningen'    14     5  1997  4258.   3.5  12.7  1.19   1.8  10.6 -99.9
'Wageningen'    15     5  1997 22262.   3.1  18.9  1.09   3.0   0.0 -99.9
'Wageningen'    16     5  1997 22329.  13.9  25.4  1.69   2.6   0.3 -99.9
'Wageningen'    17     5  1997 25093.  14.2  29.1  1.68   1.6   2.0 -99.9
'Wageningen'    18     5  1997 10287.  14.8  19.9  1.71   1.9   7.2 -99.9
'Wageningen'    19     5  1997 22462.  13.8  22.8  1.47   1.8   2.0 -99.9
'Wageningen'    20     5  1997 14586.  10.4  20.9  1.39   1.8  19.2 -99.9
'Wageningen'    21     5  1997 11553.   9.3  16.7  1.24   2.9  11.7 -99.9
'Wageningen'    22     5  1997 10253.   8.6  14.4  1.13   2.3   0.8 -99.9
'Wageningen'    23     5  1997 24948.   5.0  14.6  0.80   1.8   0.0 -99.9
'Wageningen'    24     5  1997 25494.   2.3  15.4  0.70   2.0   0.0 -99.9
'Wageningen'    25     5  1997 26249.   2.9  18.7  0.76   1.9  10.0 -99.9
'Wageningen'    26     5  1997 17872.   2.8  17.0  0.84   2.3   0.1 -99.9
'Wageningen'    27     5  1997  7684.   7.1  12.5  0.97   2.4   0.0 -99.9
'Wageningen'    28     5  1997 16520.   7.0  16.2  0.92   1.8   0.0 -99.9
'Wageningen'    29     5  1997 28245.   2.5  17.9  0.90   1.6   0.0 -99.9
'Wageningen'    30     5  1997 28952.   7.3  20.5  0.87   2.7   0.0 -99.9
'Wageningen'    31     5  1997 29058.   9.7  18.6  0.64   4.0   0.0 -99.9
'Wageningen'     1     6  1997 26654.   7.7  20.4  0.79   5.2   0.0 -99.9
'Wageningen'     2     6  1997 27674.  11.2  22.2  0.88   4.5   0.0 -99.9
'Wageningen'     3     6  1997 29693.   6.9  22.9  0.86   2.3   0.0 -99.9
'Wageningen'     4     6  1997 29008.   6.7  24.3  1.08   1.3   0.0 -99.9
'Wageningen'     5     6  1997 26511.   9.4  26.5  1.05   3.3   0.0 -99.9
'Wageningen'     6     6  1997 23146.  16.4  27.5  1.36   3.1   0.0 -99.9
'Wageningen'     7     6  1997 19665.  15.6  28.6  1.76   2.9   1.9 -99.9
'Wageningen'     8     6  1997 10378.  12.2  21.8  1.70   2.3   5.3 -99.9
'Wageningen'     9     6  1997 25166.  12.0  21.8  1.30   2.6   0.0 -99.9
'Wageningen'    10     6  1997 27829.  10.3  25.5  1.30   3.3   0.0 -99.9
'Wageningen'    11     6  1997 10098.  15.8  24.7  1.74   3.2   5.4 -99.9
'Wageningen'    12     6  1997 17293.  14.6  22.1  1.59   2.8   0.2 -99.9
'Wageningen'    13     6  1997 16689.  14.8  22.1  1.66   1.5  10.5 -99.9
'Wageningen'    14     6  1997 12746.  12.8  19.5  1.51   3.3   5.0 -99.9
'Wageningen'    15     6  1997 21804.  10.0  17.7  1.09   3.0   0.0 -99.9
'Wageningen'    16     6  1997 22503.   9.0  19.0  0.97   1.6   0.0 -99.9
'Wageningen'    17     6  1997 23875.   7.9  18.6  0.95   2.1   0.0 -99.9
'Wageningen'    18     6  1997 21382.   5.1  19.5  0.95   1.2   0.0 -99.9
'Wageningen'    19     6  1997 23179.  10.6  21.4  1.04   3.0   0.0 -99.9
'Wageningen'    20     6  1997 16208.  11.0  18.4  1.20   4.0   2.0 -99.9
'Wageningen'    21     6  1997 18616.  11.6  19.0  1.33   3.9  13.4 -99.9
'Wageningen'    22     6  1997 16450.  10.7  18.0  1.23   4.7  10.4 -99.9
'Wageningen'    23     6  1997  8402.  11.4  15.9  1.32   4.7   8.0 -99.9
'Wageningen'    24     6  1997 15755.   7.0  15.9  1.03   3.3   0.0 -99.9
'Wageningen'    25     6  1997 16094.   6.9  17.8  1.11   2.6   3.7 -99.9
'Wageningen'    26     6  1997  8544.  12.1  18.1  1.45   2.3  12.2 -99.9
'Wageningen'    27     6  1997 15360.  11.8  21.4  1.39   2.5   8.7 -99.9
'Wageningen'    28     6  1997 16688.   9.9  20.5  1.37   2.7   5.5 -99.9
'Wageningen'    29     6  1997  7926.   7.4  22.1  1.48   1.7   7.3 -99.9
'Wageningen'    30     6  1997  5031.  12.7  16.2  1.46   3.5   1.0 -99.9
'Wageningen'     1     7  1997 16977.  11.2  19.8  1.31   2.5   3.8 -99.9
'Wageningen'     2     7  1997 16577.  10.3  21.6  1.39   3.2  11.2 -99.9
'Wageningen'     3     7  1997 20241.  10.7  19.9  1.25   2.9   0.1 -99.9
'Wageningen'     4     7  1997 21105.  10.8  21.1  1.33   1.9   0.0 -99.9
'Wageningen'     5     7  1997 11117.  10.1  20.4  1.45   1.3   1.6 -99.9
'Wageningen'     6     7  1997 10286.   9.2  16.8  1.40   1.8   0.7 -99.9
'Wageningen'     7     7  1997 18811.  12.6  21.9  1.56   1.8   0.0 -99.9
'Wageningen'     8     7  1997 15800.  13.0  21.9  1.53   1.3   0.0 -99.9
'Wageningen'     9     7  1997 11969.  12.2  20.9  1.46   1.7   0.0 -99.9
'Wageningen'    10     7  1997 18385.   9.0  24.1  1.47   2.0   0.0 -99.9
'Wageningen'    11     7  1997 28360.  12.9  27.3  1.35   1.7   0.0 -99.9
'Wageningen'    12     7  1997 19873.  16.4  26.8  1.71   1.4   0.4 -99.9
'Wageningen'    13     7  1997 16940.  13.1  27.0  1.74   1.0   2.3 -99.9
'Wageningen'    14     7  1997 19035.  12.3  23.1  1.67   1.9   0.5 -99.9
'Wageningen'    15     7  1997 20940.  11.8  22.1  1.55   1.6   0.0 -99.9
'Wageningen'    16     7  1997 15588.  15.7  21.8  1.66   2.6   0.9 -99.9
'Wageningen'    17     7  1997  9458.  13.9  20.9  1.59   1.9   2.3 -99.9
'Wageningen'    18     7  1997 12092.   9.5  20.3  1.64   1.3   5.3 -99.9
'Wageningen'    19     7  1997 19465.  13.4  22.8  1.50   1.8   4.4 -99.9
'Wageningen'    20     7  1997 13147.  12.7  22.8  1.55   1.4   5.4 -99.9
'Wageningen'    21     7  1997 11497.  15.1  22.1  1.80   1.7   6.4 -99.9
'Wageningen'    22     7  1997 18891.  14.2  22.1  1.78   2.0   0.0 -99.9
'Wageningen'    23     7  1997 26295.  12.1  24.0  1.52   1.5   0.0 -99.9
'Wageningen'    24     7  1997 10716.  12.0  21.7  1.63   1.4   0.7 -99.9
'Wageningen'    25     7  1997 11797.  13.7  19.8  1.59   3.9   9.5 -99.9
'Wageningen'    26     7  1997 22022.  14.4  22.9  1.56   3.4   0.6 -99.9
'Wageningen'    27     7  1997 13170.  11.2  19.0  1.57   4.4   0.4 -99.9
'Wageningen'    28     7  1997 20844.   9.6  23.3  1.41   2.2   0.0 -99.9
'Wageningen'    29     7  1997 23940.   9.7  24.2  1.42   1.2   0.0 -99.9
'Wageningen'    30     7  1997 14146.  12.9  24.6  1.58   2.5   0.0 -99.9
'Wageningen'    31     7  1997 12814.  13.5  19.1  1.44   3.6   1.9 -99.9
'Wageningen'     1     8  1997 11403.  14.0  20.0  1.66   2.6   4.7 -99.9
'Wageningen'     2     8  1997 19505.  12.0  22.7  1.70   1.7   6.7 -99.9
'Wageningen'     3     8  1997 12889.  12.2  23.6  1.62   1.6   0.0 -99.9
'Wageningen'     4     8  1997 20709.  14.4  23.9  1.50   2.4   0.0 -99.9
'Wageningen'     5     8  1997 24490.  10.9  25.3  1.38   3.0   0.0 -99.9
'Wageningen'     6     8  1997 25435.  16.3  27.5  1.50   3.8   0.0 -99.9
'Wageningen'     7     8  1997 24472.  15.8  27.5  1.58   3.6   0.0 -99.9
'Wageningen'     8     8  1997 24375.  14.1  29.0  1.59   2.2   0.0 -99.9
'Wageningen'     9     8  1997 22906.  12.5  30.5  1.58   1.1   0.0 -99.9
'Wageningen'    10     8  1997 22718.  14.2  30.6  1.55   2.2   0.0 -99.9
'Wageningen'    11     8  1997 23827.  20.4  31.4  1.41   4.1   0.0 -99.9
'Wageningen'    12     8  1997 21711.  15.9  31.4  1.58   2.5   0.0 -99.9
'Wageningen'    13     8  1997 21287.  13.3  31.1  1.66   1.8   0.0 -99.9
'Wageningen'    14     8  1997 10689.  15.9  23.4  1.81   2.3   0.0 -99.9
'Wageningen'    15     8  1997 17838.  12.0  25.2  1.62   1.2   0.0 -99.9
'Wageningen'    16     8  1997 22870.  10.3  26.2  1.55   1.4   0.0 -99.9
'Wageningen'    17     8  1997 21159.  12.7  29.3  1.69   1.1   0.0 -99.9
'Wageningen'    18     8  1997 21600.  13.2  29.4  1.49   1.5   0.0 -99.9
'Wageningen'    19     8  1997 21944.  10.1  27.2  1.37   2.5   0.0 -99.9
'Wageningen'    20     8  1997 18481.  13.0  26.5  1.65   1.7   0.0 -99.9
'Wageningen'    21     8  1997 19170.  13.7  28.3  1.78   1.6   0.0 -99.9
'Wageningen'    22     8  1997  4419.  18.8  21.3  2.11   2.0   4.0 -99.9
'Wageningen'    23     8  1997  9835.  18.8  25.7  2.26   1.6   1.0 -99.9
'Wageningen'    24     8  1997 18486.  19.9  28.7  2.25   2.1   4.7 -99.9
'Wageningen'    25     8  1997 14055.  17.4  31.3  2.16   1.8  14.2 -99.9
'Wageningen'    26     8  1997  8209.  12.7  22.4  1.89   1.2   0.3 -99.9
'Wageningen'    27     8  1997 13289.  12.7  25.5  1.84   2.8   0.7 -99.9
'Wageningen'    28     8  1997  5541.  14.6  18.6  1.66   2.9   4.2 -99.9
'Wageningen'    29     8  1997 12254.  11.7  19.7  1.38   4.4   6.4 -99.9
'Wageningen'    30     8  1997  4471.  11.3  18.1  1.60   2.7   5.3 -99.9
'Wageningen'    31     8  1997  4471.  11.3  18.1  1.60   2.7   5.3 -99.9
'Wageningen'     1     9  1997  4471.  11.3  18.1  1.60   2.7   5.3 -99.9
'Wageningen'     2     9  1997 13272.  10.6  21.2  1.44   0.9   5.7 -99.9
'Wageningen'     3     9  1997 17066.   9.0  22.3  1.41   1.3   0.1 -99.9
'Wageningen'     4     9  1997 12188.  15.6  24.1  1.65   1.9   0.1 -99.9
'Wageningen'     5     9  1997  8630.  11.0  20.2  1.49   1.1   0.0 -99.9
'Wageningen'     6     9  1997 15105.   9.9  20.5  1.31   2.7   0.1 -99.9
'Wageningen'     7     9  1997 10069.  12.0  19.5  1.43   2.8   5.5 -99.9
'Wageningen'     8     9  1997 11953.  12.5  19.4  1.45   4.0   0.0 -99.9
'Wageningen'     9     9  1997 11886.   9.1  18.8  1.20   3.1   0.0 -99.9
'Wageningen'    10     9  1997 15735.   6.8  17.7  0.98   1.5   0.0 -99.9
'Wageningen'    11     9  1997 12142.   5.7  18.8  1.12   2.7   0.0 -99.9
'Wageningen'    12     9  1997 10702.  12.6  19.6  1.40   4.9   0.2 -99.9
'Wageningen'    13     9  1997 15719.   8.1  16.6  1.05   4.5   3.7 -99.9
'Wageningen'    14     9  1997 17199.   7.7  18.1  1.01   3.1   0.0 -99.9
'Wageningen'    15     9  1997 14483.   8.4  18.8  1.08   3.0   0.0 -99.9
'Wageningen'    16     9  1997 16332.   9.3  22.2  1.12   2.2   0.0 -99.9
'Wageningen'    17     9  1997  9231.   8.3  19.5  1.38   1.6   0.0 -99.9
'Wageningen'    18     9  1997 13374.   7.5  21.9  1.33   1.2   0.0 -99.9
'Wageningen'    19     9  1997 13206.   5.3  18.8  1.01   2.5   0.0 -99.9
'Wageningen'    20     9  1997 16776.   0.6  16.7  0.80   2.1   0.0 -99.9
'Wageningen'    21     9  1997 16238.   1.6  19.2  0.84   2.2   0.0 -99.9
'Wageningen'    22     9  1997 15711.   2.8  20.6  0.88   1.7   0.0 -99.9
'Wageningen'    23     9  1997 14638.   2.9  18.8  1.07   1.7   0.0 -99.9
'Wageningen'    24     9  1997  4126.   8.0  16.9  1.27   1.4   0.0 -99.9
'Wageningen'    25     9  1997 14507.   4.1  21.5  1.07   2.2   0.0 -99.9
'Wageningen'    26     9  1997 14309.   5.0  23.0  1.14   1.7   0.0 -99.9
'Wageningen'    27     9  1997  8306.   4.2  17.3  1.17   1.6   0.0 -99.9
'Wageningen'    28     9  1997 11325.   4.0  19.0  1.02   0.8   0.1 -99.9
'Wageningen'    29     9  1997  8305.   3.7  17.7  1.21   0.9   0.0 -99.9
'Wageningen'    30     9  1997  5883.  13.5  19.4  1.60   1.3   4.6 -99.9
'Wageningen'     1    10  1997  1719.  14.6  18.5  1.74   3.0   4.3 -99.9
'Wageningen'     2    10  1997  7203.   6.8  16.0  1.08   3.4   0.0 -99.9
'Wageningen'     3    10  1997  7297.   5.2  15.9  1.08   2.2   0.0 -99.9
'Wageningen'     4    10  1997  4439.  10.9  17.4  1.29   3.1   0.0 -99.9
'Wageningen'     5    10  1997  3633.  11.1  16.7  1.37   2.4   0.0 -99.9
'Wageningen'     6    10  1997 10793.   8.1  21.5  1.37   2.3   0.0 -99.9
'Wageningen'     7    10  1997  5450.  12.1  20.8  1.49   4.3   9.6 -99.9
'Wageningen'     8    10  1997  2163.  11.7  18.1  1.50   5.5   7.7 -99.9
'Wageningen'     9    10  1997  4168.  15.1  19.0  1.67   7.2   5.7 -99.9
'Wageningen'    10    10  1997  8267.   9.9  16.4  1.27   6.8  26.2 -99.9
'Wageningen'    11    10  1997  7322.   9.0  14.5  1.58   4.0   2.5 -99.9
'Wageningen'    12    10  1997  7802.   4.5  13.4  0.97   2.0   0.7 -99.9
'Wageningen'    13    10  1997  6123.   5.9  12.1  0.92   3.0   8.1 -99.9
'Wageningen'    14    10  1997  7180.   4.3  12.2  0.93   2.2   5.8 -99.9
'Wageningen'    15    10  1997  3524.   2.2  10.5  0.93   1.8   2.4 -99.9
'Wageningen'    16    10  1997  4534.   3.5  11.0  0.90   1.7   0.0 -99.9
'Wageningen'    17    10  1997  4827.   9.2  16.9  1.27   2.6   0.1 -99.9
'Wageningen'    18    10  1997  9694.   8.3  19.5  1.23   1.7   0.0 -99.9
'Wageningen'    19    10  1997  9127.   8.0  20.6  1.27   1.1   0.1 -99.9
'Wageningen'    20    10  1997  4263.   3.9  12.7  0.92   2.8   0.0 -99.9
'Wageningen'    21    10  1997  9008.   1.5  10.2  0.59   2.9   0.0 -99.9
'Wageningen'    22    10  1997  9741.  -4.8  11.2  0.53   0.8   0.0 -99.9
'Wageningen'    23    10  1997  3107.  -1.9  10.7  0.81   0.6   0.0 -99.9
'Wageningen'    24    10  1997  6463.   0.3  10.6  0.74   1.0   0.1 -99.9
'Wageningen'    25    10  1997  2638.   2.6  10.9  0.90   2.4   0.2 -99.9
'Wageningen'    26    10  1997  4944.   4.2  11.4  0.95   1.3   0.2 -99.9
'Wageningen'    27    10  1997  9029.   0.3   6.9  0.50   3.5   0.0 -99.9
'Wageningen'    28    10  1997  9110.  -7.1   6.8  0.38   2.1   0.0 -99.9
'Wageningen'    29    10  1997  8306.  -7.5   7.9  0.40   1.3   0.0 -99.9
'Wageningen'    30    10  1997  5021.  -4.8  10.9  0.50   1.1   0.0 -99.9
'Wageningen'    31    10  1997  7958.  -3.1  12.0  0.61   2.3   0.0 -99.9
'Wageningen'     1    11  1997  2684.  -3.4   4.6  0.64   1.5   0.0 -99.9
'Wageningen'     2    11  1997  3062.  -0.3   3.6  0.65   1.3   0.0 -99.9
'Wageningen'     3    11  1997  2383.   3.2   9.2  0.76   2.8   0.0 -99.9
'Wageningen'     4    11  1997  6967.   0.7   8.3  0.56   4.8   2.3 -99.9
'Wageningen'     5    11  1997  4673.   5.3  15.1  1.10   3.4   0.8 -99.9
'Wageningen'     6    11  1997  3009.   9.9  13.4  1.19   2.8   5.5 -99.9
'Wageningen'     7    11  1997   679.   7.7  13.8  1.12   5.6   1.7 -99.9
'Wageningen'     8    11  1997  3126.   8.2  12.4  0.94   5.1   0.0 -99.9
'Wageningen'     9    11  1997  4263.   8.0  12.4  0.93   4.5   3.5 -99.9
'Wageningen'    10    11  1997  2890.   6.9  12.0  0.93   4.5   1.4 -99.9
'Wageningen'    11    11  1997  1263.   5.4   8.7  0.90   3.5   2.8 -99.9
'Wageningen'    12    11  1997  3164.   0.1   8.1  0.83   1.2   0.0 -99.9
'Wageningen'    13    11  1997  1734.   3.3   6.4  0.81   2.3   0.0 -99.9
'Wageningen'    14    11  1997  2492.   3.3   7.8  0.82   2.8   0.0 -99.9
'Wageningen'    15    11  1997   666.   6.9  10.2  1.05   2.8   1.4 -99.9
'Wageningen'    16    11  1997  1354.   6.6  11.2  1.11   2.7   0.0 -99.9
'Wageningen'    17    11  1997  4928.   2.5   9.0  0.74   4.3   0.0 -99.9
'Wageningen'    18    11  1997  5054.   1.5   8.7  0.64   5.2   0.0 -99.9
'Wageningen'    19    11  1997  5003.   0.7   5.4  0.48   5.3   0.0 -99.9
'Wageningen'    20    11  1997  1562.   0.5   6.5  0.64   5.0   1.8 -99.9
'Wageningen'    21    11  1997  1032.   5.0   9.1  0.95   2.1   0.1 -99.9
'Wageningen'    22    11  1997  3158.   4.3  10.8  0.87   1.7   0.0 -99.9
'Wageningen'    23    11  1997  1032.   5.0   9.1  0.95   2.1   0.1 -99.9
'Wageningen'    24    11  1997  3158.   4.3  10.8  0.87   1.7   0.0 -99.9
'Wageningen'    25    11  1997  3496.   1.7   6.2  0.66   3.9   0.0 -99.9
'Wageningen'    26    11  1997  2265.  -0.6   6.9  0.68   3.3   0.0 -99.9
'Wageningen'    27    11  1997   872.   3.8   5.4  0.74   4.3   3.5 -99.9
'Wageningen'    28    11  1997   970.   4.3   8.7  0.91   3.7   4.3 -99.9
'Wageningen'    29    11  1997  2300.   8.1  11.4  1.03   3.5   0.9 -99.9
'Wageningen'    30    11  1997   615.   4.8   9.0  0.95   2.8   0.5 -99.9
'Wageningen'     1    12  1997  4068.  -0.7   7.7  0.65   1.2   0.0 -99.9
'Wageningen'     2    12  1997  1404.   0.8   3.3  0.59   3.0   0.7 -99.9
'Wageningen'     3    12  1997  2810.  -2.1   4.9  0.58   2.0   0.0 -99.9
'Wageningen'     4    12  1997  1607.  -5.3   3.2  0.57   1.6   0.0 -99.9
'Wageningen'     5    12  1997  1801.  -5.3   4.0  0.57   1.6   0.0 -99.9
'Wageningen'     6    12  1997   735.  -0.1   5.3  0.62   5.0   2.7 -99.9
'Wageningen'     7    12  1997  1615.   1.2   5.2  0.63   3.5   0.0 -99.9
'Wageningen'     8    12  1997   799.   1.0   8.4  0.74   4.3   0.6 -99.9
'Wageningen'     9    12  1997  2433.   7.0  10.1  0.99   4.7   8.6 -99.9
'Wageningen'    10    12  1997   391.   9.5  12.9  1.15   7.0  14.6 -99.9
'Wageningen'    11    12  1997  1251.   8.9  13.2  1.14   5.0   1.8 -99.9
'Wageningen'    12    12  1997  1153.   3.6   9.4  0.91   4.2  16.3 -99.9
'Wageningen'    13    12  1997  2839.   2.3   8.7  0.81   2.3   0.0 -99.9
'Wageningen'    14    12  1997  2884.   1.8   8.1  0.74   2.5   0.4 -99.9
'Wageningen'    15    12  1997  1564.  -1.7   2.9  0.47   4.6   0.0 -99.9
'Wageningen'    16    12  1997  2665.  -5.9  -1.4  0.33   6.3   0.0 -99.9
'Wageningen'    17    12  1997  1643.  -6.5   0.3  0.31   6.4   0.0 -99.9
'Wageningen'    18    12  1997  1174.   0.1   5.4  0.56   5.5   0.0 -99.9
'Wageningen'    19    12  1997  1610.   3.6   9.7  0.82   4.2   0.6 -99.9
'Wageningen'    20    12  1997  2233.  -1.3   6.4  0.70   1.5   0.0 -99.9
'Wageningen'    21    12  1997   546.   2.1   3.4  0.71   2.3   3.5 -99.9
'Wageningen'    22    12  1997   777.   2.1   3.2  0.67   1.3   0.0 -99.9
'Wageningen'    23    12  1997   816.   2.1   6.2  0.74   2.3   0.8 -99.9
'Wageningen'    24    12  1997   481.   6.1  12.3  1.16   5.3   5.3 -99.9
'Wageningen'    25    12  1997  1072.   8.5  13.0  0.97   7.3   3.6 -99.9
'Wageningen'    26    12  1997  1185.   5.2  10.1  0.86   7.2   3.2 -99.9
'Wageningen'    27    12  1997  1214.   4.0   7.3  0.86   3.1   1.2 -99.9
'Wageningen'    28    12  1997  2679.   1.9   6.6  0.79   4.1   4.6 -99.9
'Wageningen'    29    12  1997  3213.   2.3   7.3  0.78   3.1   2.4 -99.9
'Wageningen'    30    12  1997  2285.   2.5   8.0  0.71   3.7   0.0 -99.9
'Wageningen'    31    12  1997   600.   5.7   9.7  0.98   3.6   3.0 -99.9
