***************************************************************************
* File name: Wageni.984
* Contents: SWAP  3.0 - Meteo data of Wageningen weather station                
***************************************************************************     
* Comment area:                                                                 
*                                                                               
*                                                                               
***************************************************************************     
    Station   DD MM YYYY     RAD   Tmin   Tmax    HUM   WIND   RAIN   ETref     
*             nr nr   nr   kJ/m2      C      C    kPa    m/s     mm      mm     
 'Wageningen'  1  1 1984    750.    7.7    9.7   0.92    8.8   10.9   -99.9
 'Wageningen'  2  1 1984   2260.    4.2    9.5   0.88    5.7    5.1   -99.9
 'Wageningen'  3  1 1984   3090.    1.5    9.5   0.70    8.0   11.5   -99.9
 'Wageningen'  4  1 1984   1930.    0.5    7.1   0.66    4.8    2.5   -99.9
 'Wageningen'  5  1 1984   1740.   -0.4    5.4   0.67    4.1    1.7   -99.9
 'Wageningen'  6  1 1984   1070.    2.2    5.7   0.79    3.3    0.1   -99.9
 'Wageningen'  7  1 1984   1650.    3.0    7.7   0.74    5.9    8.4   -99.9
 'Wageningen'  8  1 1984   1660.    1.3    5.4   0.64    4.8    1.6   -99.9
 'Wageningen'  9  1 1984   2450.    0.5    5.0   0.65    1.9    0.3   -99.9
 'Wageningen' 10  1 1984   1870.   -0.7    4.6   0.68    3.8    0.2   -99.9
 'Wageningen' 11  1 1984    270.    4.1    7.3   0.89    6.5    1.7   -99.9
 'Wageningen' 12  1 1984   1560.    1.7    7.0   0.71    4.3    2.3   -99.9
 'Wageningen' 13  1 1984    350.    1.7   11.1   0.75    8.4    6.9   -99.9
 'Wageningen' 14  1 1984   1070.    3.1   11.0   0.66    8.4    8.4   -99.9
 'Wageningen' 15  1 1984   2100.    0.9    4.1   0.57    6.1    1.0   -99.9
 'Wageningen' 16  1 1984   1640.    1.7   10.1   0.74    6.9    9.4   -99.9
 'Wageningen' 17  1 1984   1630.    1.5    9.4   0.62    8.1    0.5   -99.9
 'Wageningen' 18  1 1984   2460.    0.2    5.3   0.60    4.6    0.6   -99.9
 'Wageningen' 19  1 1984   1450.   -3.7    3.2   0.59    1.4    0.2   -99.9
 'Wageningen' 20  1 1984   4250.   -4.3    4.1   0.54    1.4    0.0   -99.9
 'Wageningen' 21  1 1984   3230.   -3.7    0.1   0.48    2.8    0.0   -99.9
 'Wageningen' 22  1 1984   1290.   -3.9   -1.7   0.42    3.8    1.1   -99.9
 'Wageningen' 23  1 1984   1610.  -11.1    2.4   0.51    4.7    6.7   -99.9
 'Wageningen' 24  1 1984    730.    0.2    2.5   0.59    5.3    1.7   -99.9
 'Wageningen' 25  1 1984   4370.   -2.4    2.1   0.52    2.6    0.0   -99.9
 'Wageningen' 26  1 1984    880.   -1.3    1.8   0.53    5.4    0.0   -99.9
 'Wageningen' 27  1 1984   3420.    1.1    5.9   0.67    3.6    0.3   -99.9
 'Wageningen' 28  1 1984    270.    3.6    5.6   0.79    4.1    2.1   -99.9
 'Wageningen' 29  1 1984    800.    3.1    6.4   0.80    3.6    2.5   -99.9
 'Wageningen' 30  1 1984   2060.    3.3    6.3   0.73    4.1    0.8   -99.9
 'Wageningen' 31  1 1984   3540.   -0.1    7.2   0.68    3.9    1.9   -99.9
 'Wageningen'  1  2 1984   1780.    0.2    4.4   0.67    3.0    2.0   -99.9
 'Wageningen'  2  2 1984   1430.    4.0    6.7   0.83    5.0    5.6   -99.9
 'Wageningen'  3  2 1984    230.    4.3    8.1   0.80    6.0    6.0   -99.9
 'Wageningen'  4  2 1984   2590.    1.9    9.6   0.83    4.4    1.2   -99.9
 'Wageningen'  5  2 1984   3980.    2.4    9.8   0.76    5.2    2.4   -99.9
 'Wageningen'  6  2 1984   1210.    4.7    8.9   0.85    7.0   24.5   -99.9
 'Wageningen'  7  2 1984   2480.    1.8    6.2   0.61    6.8    0.4   -99.9
 'Wageningen'  8  2 1984   2140.    0.4    5.5   0.67    5.9   13.5   -99.9
 'Wageningen'  9  2 1984   6870.   -0.9    6.0   0.62    3.8    0.4   -99.9
 'Wageningen' 10  2 1984   3800.    0.0    7.7   0.76    2.1    0.0   -99.9
 'Wageningen' 11  2 1984   3460.    4.3    8.7   0.82    2.0    0.2   -99.9
 'Wageningen' 12  2 1984   7130.    0.2    4.8   0.52    2.8    0.0   -99.9
 'Wageningen' 13  2 1984   7600.   -3.3    6.0   0.45    3.3    0.0   -99.9
 'Wageningen' 14  2 1984   6750.   -2.1    4.2   0.53    2.1    0.0   -99.9
 'Wageningen' 15  2 1984   3410.   -5.2   -0.1   0.46    1.6    0.0   -99.9
 'Wageningen' 16  2 1984   6320.   -7.2    2.0   0.44    0.9    0.0   -99.9
 'Wageningen' 17  2 1984   4050.   -5.0    0.4   0.46    1.5    0.0   -99.9
 'Wageningen' 18  2 1984   7080.   -6.9    3.4   0.38    2.4    0.0   -99.9
 'Wageningen' 19  2 1984   6890.   -4.5    3.2   0.36    3.7    0.0   -99.9
 'Wageningen' 20  2 1984   6380.   -3.8    2.0   0.43    3.1    0.0   -99.9
 'Wageningen' 21  2 1984   4130.    1.3    6.8   0.69    4.3    4.4   -99.9
 'Wageningen' 22  2 1984   2890.   -1.3    5.5   0.69    2.0    0.0   -99.9
 'Wageningen' 23  2 1984   1540.   -1.8    2.0   0.59    2.5    0.0   -99.9
 'Wageningen' 24  2 1984   5010.   -1.5    2.6   0.50    3.0    0.0   -99.9
 'Wageningen' 25  2 1984   1420.    0.2    1.1   0.52    4.6    0.0   -99.9
 'Wageningen' 26  2 1984   1470.    0.7    3.0   0.65    2.8    0.0   -99.9
 'Wageningen' 27  2 1984    520.    1.3    2.5   0.66    2.7    0.0   -99.9
 'Wageningen' 28  2 1984   4000.    0.1    5.6   0.60    2.0    0.0   -99.9
 'Wageningen' 29  2 1984   7220.   -4.0    6.7   0.53    1.0    0.0   -99.9
 'Wageningen'  1  3 1984   2790.   -4.4    4.6   0.61    2.2    1.3   -99.9
 'Wageningen'  2  3 1984   3600.    0.2    6.8   0.71    5.6    9.5   -99.9
 'Wageningen'  3  3 1984   5060.   -2.5    5.0   0.60    2.8    0.6   -99.9
 'Wageningen'  4  3 1984  10640.   -4.5    6.4   0.54    1.4    0.0   -99.9
 'Wageningen'  5  3 1984   2770.    0.7    7.2   0.75    1.3    0.0   -99.9
 'Wageningen'  6  3 1984   2660.    4.7    7.9   0.86    2.2    0.0   -99.9
 'Wageningen'  7  3 1984   8700.   -1.0    9.0   0.71    2.7    0.0   -99.9
 'Wageningen'  8  3 1984  12250.   -2.3    7.6   0.49    2.5    0.0   -99.9
 'Wageningen'  9  3 1984  11720.   -5.2    5.0   0.43    1.7    0.0   -99.9
 'Wageningen' 10  3 1984   3580.   -1.0    1.8   0.58    3.6    3.9   -99.9
 'Wageningen' 11  3 1984   1610.    1.7    5.0   0.75    2.9    0.1   -99.9
 'Wageningen' 12  3 1984  11020.   -0.6    8.9   0.60    2.6    0.0   -99.9
 'Wageningen' 13  3 1984   5150.    0.1    5.9   0.57    2.8    0.0   -99.9
 'Wageningen' 14  3 1984  10710.   -0.3    8.5   0.55    2.3    0.0   -99.9
 'Wageningen' 15  3 1984  11850.   -1.1   10.2   0.56    2.9    0.0   -99.9
 'Wageningen' 16  3 1984   9420.   -0.6    7.4   0.56    3.1    0.0   -99.9
 'Wageningen' 17  3 1984  10770.   -1.5    8.4   0.52    3.5    0.0   -99.9
 'Wageningen' 18  3 1984  11440.   -1.3    7.9   0.49    3.3    0.0   -99.9
 'Wageningen' 19  3 1984  10970.   -1.4    8.6   0.46    2.9    0.0   -99.9
 'Wageningen' 20  3 1984  13140.   -2.8    8.9   0.41    2.1    0.0   -99.9
 'Wageningen' 21  3 1984  13080.   -6.1   10.7   0.41    1.5    0.0   -99.9
 'Wageningen' 22  3 1984  10030.   -4.3   10.4   0.45    1.2    0.0   -99.9
 'Wageningen' 23  3 1984   9490.   -4.5   11.4   0.51    1.9    0.0   -99.9
 'Wageningen' 24  3 1984   3260.    4.3   10.5   0.65    4.6    3.1   -99.9
 'Wageningen' 25  3 1984   9850.    2.3   10.6   0.74    3.7    1.0   -99.9
 'Wageningen' 26  3 1984   3190.    5.8    9.6   0.84    4.5    3.6   -99.9
 'Wageningen' 27  3 1984   7350.    4.7   10.9   0.82    4.6    8.1   -99.9
 'Wageningen' 28  3 1984   7070.    5.8   10.9   0.94    4.7    6.8   -99.9
 'Wageningen' 29  3 1984   3610.   -0.1    8.4   0.76    3.0    2.8   -99.9
 'Wageningen' 30  3 1984  13800.    0.6    9.8   0.68    2.2    2.5   -99.9
 'Wageningen' 31  3 1984   9170.    0.5    6.8   0.66    2.3    0.2   -99.9
 'Wageningen'  1  4 1984  13470.   -0.7    6.0   0.49    3.9    0.0   -99.9
 'Wageningen'  2  4 1984  12470.   -1.4    7.0   0.48    3.3    0.0   -99.9
 'Wageningen'  3  4 1984   6450.   -1.6    4.5   0.58    2.6    0.1   -99.9
 'Wageningen'  4  4 1984   5650.   -0.1    5.9   0.65    1.3    0.1   -99.9
 'Wageningen'  5  4 1984   1940.    0.6    3.7   0.69    1.9    4.8   -99.9
 'Wageningen'  6  4 1984   4910.    2.1    7.2   0.70    2.8    0.1   -99.9
 'Wageningen'  7  4 1984   6750.    1.7    7.7   0.75    1.3    2.0   -99.9
 'Wageningen'  8  4 1984   3800.    0.1    8.0   0.75    1.8    0.2   -99.9
 'Wageningen'  9  4 1984   5000.   -0.3    7.6   0.76    1.4    2.2   -99.9
 'Wageningen' 10  4 1984   7860.    0.9    9.5   0.74    1.6    0.1   -99.9
 'Wageningen' 11  4 1984  12320.   -0.2   11.0   0.76    2.5    2.2   -99.9
 'Wageningen' 12  4 1984  14130.   -0.3   11.5   0.74    2.2    1.5   -99.9
 'Wageningen' 13  4 1984  15240.   -0.7   13.0   0.67    1.4    0.0   -99.9
 'Wageningen' 14  4 1984  18520.    0.3   17.0   0.77    2.3    0.0   -99.9
 'Wageningen' 15  4 1984  11570.    5.5   17.7   0.91    4.0    0.3   -99.9
 'Wageningen' 16  4 1984  11510.    1.0   10.6   0.67    2.5    0.7   -99.9
 'Wageningen' 17  4 1984  19550.   -3.0   11.7   0.61    1.1    0.0   -99.9
 'Wageningen' 18  4 1984  17880.   -1.2   13.9   0.57    1.2    0.0   -99.9
 'Wageningen' 19  4 1984  15430.    4.8   15.5   0.65    2.1    0.0   -99.9
 'Wageningen' 20  4 1984  14950.    3.2   18.2   0.73    0.9    0.0   -99.9
 'Wageningen' 21  4 1984  18850.    3.6   21.6   0.80    0.9    0.0   -99.9
 'Wageningen' 22  4 1984  15070.    6.9   22.0   0.93    1.7    0.0   -99.9
 'Wageningen' 23  4 1984  23150.    3.9   18.5   0.69    3.0    0.0   -99.9
 'Wageningen' 24  4 1984  21790.    3.9   21.3   0.71    3.0    0.0   -99.9
 'Wageningen' 25  4 1984  22090.    3.7   20.9   0.68    2.7    0.0   -99.9
 'Wageningen' 26  4 1984  21800.    0.7   18.8   0.83    3.2    0.0   -99.9
 'Wageningen' 27  4 1984  23670.    2.7   16.0   0.48    3.2    0.0   -99.9
 'Wageningen' 28  4 1984  22880.   -1.9   16.3   0.56    3.0    0.0   -99.9
 'Wageningen' 29  4 1984  22780.    4.2   14.8   0.49    3.6    0.0   -99.9
 'Wageningen' 30  4 1984  16920.   -0.9   17.5   0.74    2.9    0.6   -99.9
 'Wageningen'  1  5 1984   6140.    2.4   12.0   0.95    2.2    0.9   -99.9
 'Wageningen'  2  5 1984  15860.    0.9   14.8   0.97    1.4    0.9   -99.9
 'Wageningen'  3  5 1984  11190.    4.6   17.0   1.12    1.4    1.3   -99.9
 'Wageningen'  4  5 1984  10370.    5.8   16.0   1.15    1.7    0.2   -99.9
 'Wageningen'  5  5 1984  16350.    6.2   19.8   1.22    2.2    0.0   -99.9
 'Wageningen'  6  5 1984   3610.    4.2   11.5   1.01    2.9    5.1   -99.9
 'Wageningen'  7  5 1984  19420.    3.0   12.1   0.71    3.3    0.0   -99.9
 'Wageningen'  8  5 1984  17850.   -0.2   13.3   0.70    3.1    0.9   -99.9
 'Wageningen'  9  5 1984  12260.   -0.8   10.6   0.73    1.9    1.1   -99.9
 'Wageningen' 10  5 1984   8550.   -0.1   10.8   0.72    2.4    0.0   -99.9
 'Wageningen' 11  5 1984  11980.    5.1   10.3   0.76    4.4    0.0   -99.9
 'Wageningen' 12  5 1984  19960.    3.7   14.0   0.61    4.5    0.0   -99.9
 'Wageningen' 13  5 1984  11840.    7.0   14.3   0.71    3.4    0.0   -99.9
 'Wageningen' 14  5 1984  22470.    4.7   18.1   0.78    2.7    0.0   -99.9
 'Wageningen' 15  5 1984   6430.    8.6   15.2   1.10    1.6    0.0   -99.9
 'Wageningen' 16  5 1984  17000.    3.2   19.3   1.08    1.2    0.0   -99.9
 'Wageningen' 17  5 1984   6220.    3.8   14.6   1.17    1.6    2.6   -99.9
 'Wageningen' 18  5 1984  18770.    4.5   17.6   1.06    2.1    1.3   -99.9
 'Wageningen' 19  5 1984  24570.    4.2   16.6   1.01    2.3    0.0   -99.9
 'Wageningen' 20  5 1984  10050.    7.5   16.0   1.16    2.5   12.9   -99.9
 'Wageningen' 21  5 1984   2420.    5.3   11.7   1.14    3.8   28.7   -99.9
 'Wageningen' 22  5 1984   9760.    7.4   15.2   1.10    3.7    5.0   -99.9
 'Wageningen' 23  5 1984   8260.    5.1   13.3   1.08    2.8    3.5   -99.9
 'Wageningen' 24  5 1984  11890.    9.0   15.5   1.21    3.1    1.2   -99.9
 'Wageningen' 25  5 1984   5380.    8.5   12.0   1.12    2.7    0.0   -99.9
 'Wageningen' 26  5 1984  12330.    8.5   15.7   1.09    1.4    1.3   -99.9
 'Wageningen' 27  5 1984   7690.    7.6   15.0   1.23    1.4    2.4   -99.9
 'Wageningen' 28  5 1984   4960.    6.6   13.0   1.21    2.7    3.1   -99.9
 'Wageningen' 29  5 1984   3440.    9.8   13.8   1.29    2.2    6.5   -99.9
 'Wageningen' 30  5 1984   7770.   10.6   18.2   1.38    3.7    0.0   -99.9
 'Wageningen' 31  5 1984  24020.    9.8   19.7   1.12    4.3    0.0   -99.9
 'Wageningen'  1  6 1984  16240.    6.0   19.7   1.27    2.0    5.2   -99.9
 'Wageningen'  2  6 1984  22360.   10.7   19.2   1.16    2.9    0.0   -99.9
 'Wageningen'  3  6 1984  10210.   10.9   19.8   1.38    3.1    3.2   -99.9
 'Wageningen'  4  6 1984   3930.    9.3   11.8   1.19    2.8   21.5   -99.9
 'Wageningen'  5  6 1984  11070.    7.5   14.9   1.11    1.6    0.0   -99.9
 'Wageningen'  6  6 1984  12510.    7.1   16.3   1.15    3.4    1.6   -99.9
 'Wageningen'  7  6 1984   2650.   10.2   12.3   1.26    2.6    5.2   -99.9
 'Wageningen'  8  6 1984   8280.   10.2   14.6   1.20    2.9    0.0   -99.9
 'Wageningen'  9  6 1984  25190.    9.4   17.7   1.10    3.1    0.0   -99.9
 'Wageningen' 10  6 1984  22070.    8.5   19.8   1.17    2.0    0.0   -99.9
 'Wageningen' 11  6 1984  22850.    7.0   17.4   0.99    1.7    0.0   -99.9
 'Wageningen' 12  6 1984  23000.    5.2   19.6   1.16    2.0    0.0   -99.9
 'Wageningen' 13  6 1984   7580.   11.9   17.1   1.39    4.5    0.0   -99.9
 'Wageningen' 14  6 1984   9240.    8.4   17.9   1.34    4.1    2.0   -99.9
 'Wageningen' 15  6 1984  13440.    7.3   16.5   1.01    2.4    0.0   -99.9
 'Wageningen' 16  6 1984  16040.    7.6   16.2   1.11    1.4    0.0   -99.9
 'Wageningen' 17  6 1984  20180.    7.8   19.6   1.22    1.3    0.0   -99.9
 'Wageningen' 18  6 1984  24360.    9.2   23.1   1.33    1.4    0.0   -99.9
 'Wageningen' 19  6 1984  25330.    8.8   25.3   1.49    1.2    0.0   -99.9
 'Wageningen' 20  6 1984  22780.   11.3   27.4   1.57    1.0    0.0   -99.9
 'Wageningen' 21  6 1984  21870.    8.4   22.5   1.41    2.2    0.0   -99.9
 'Wageningen' 22  6 1984   8060.    8.4   17.3   1.31    4.9    3.6   -99.9
 'Wageningen' 23  6 1984  16680.    8.6   15.3   0.95    4.6    1.1   -99.9
 'Wageningen' 24  6 1984  13980.    9.1   14.5   1.00    3.4    3.6   -99.9
 'Wageningen' 25  6 1984   6090.   10.4   15.2   1.27    3.9    3.3   -99.9
 'Wageningen' 26  6 1984  18970.    9.1   18.4   1.17    2.6    0.0   -99.9
 'Wageningen' 27  6 1984  17130.   11.5   19.4   1.39    3.3    0.0   -99.9
 'Wageningen' 28  6 1984  14980.    7.8   14.9   1.05    2.5    0.0   -99.9
 'Wageningen' 29  6 1984  14610.    7.4   15.7   0.95    3.1    4.2   -99.9
 'Wageningen' 30  6 1984  16840.    6.3   14.9   0.99    2.8    0.8   -99.9
 'Wageningen'  1  7 1984  22560.    4.4   18.0   0.93    1.2    0.0   -99.9
 'Wageningen'  2  7 1984   9800.    6.3   17.5   1.11    3.1    0.5   -99.9
 'Wageningen'  3  7 1984   9080.    8.6   14.0   1.11    3.6    0.4   -99.9
 'Wageningen'  4  7 1984   7440.   10.4   14.2   1.17    2.6    0.0   -99.9
 'Wageningen'  5  7 1984  15410.   10.9   18.7   1.21    2.7    0.0   -99.9
 'Wageningen'  6  7 1984  14990.    8.8   17.8   1.18    1.3    0.0   -99.9
 'Wageningen'  7  7 1984  25630.    7.4   23.4   1.36    1.8    0.0   -99.9
 'Wageningen'  8  7 1984  26890.   14.1   28.3   1.35    2.7    0.0   -99.9
 'Wageningen'  9  7 1984  21550.   16.3   30.4   1.83    2.5    4.2   -99.9
 'Wageningen' 10  7 1984  18050.   12.3   25.9   1.78    1.8   13.2   -99.9
 'Wageningen' 11  7 1984  11480.   14.6   21.9   1.80    1.9    9.6   -99.9
 'Wageningen' 12  7 1984  19610.   14.2   22.0   1.51    3.4    0.0   -99.9
 'Wageningen' 13  7 1984  16800.   14.4   19.6   1.48    3.4    1.6   -99.9
 'Wageningen' 14  7 1984   7820.   12.7   18.5   1.50    2.3    6.0   -99.9
 'Wageningen' 15  7 1984   6270.   12.1   16.0   1.41    1.6    0.0   -99.9
 'Wageningen' 16  7 1984  12760.   10.7   17.0   1.34    3.6    0.0   -99.9
 'Wageningen' 17  7 1984   8760.   11.4   15.8   1.24    2.4    0.0   -99.9
 'Wageningen' 18  7 1984   7600.   13.0   20.1   1.52    2.9    0.0   -99.9
 'Wageningen' 19  7 1984  11180.   12.5   17.1   1.31    2.3    0.0   -99.9
 'Wageningen' 20  7 1984   6780.   12.6   16.5   1.35    2.0    0.0   -99.9
 'Wageningen' 21  7 1984  11530.   12.6   18.0   1.33    1.8    0.0   -99.9
 'Wageningen' 22  7 1984  19410.    8.1   18.8   1.21    1.4    0.0   -99.9
 'Wageningen' 23  7 1984  16140.    8.2   19.9   1.24    1.1    0.0   -99.9
 'Wageningen' 24  7 1984  26020.    8.4   21.2   1.21    2.1    0.0   -99.9
 'Wageningen' 25  7 1984  23230.    7.8   19.2   1.30    1.9    0.0   -99.9
 'Wageningen' 26  7 1984   9180.   12.6   17.3   1.40    2.6    1.6   -99.9
 'Wageningen' 27  7 1984  12260.   12.1   19.8   1.44    3.2    0.0   -99.9
 'Wageningen' 28  7 1984   5960.   13.5   19.1   1.65    2.4    0.1   -99.9
 'Wageningen' 29  7 1984  23390.   13.0   24.7   1.64    1.9    0.0   -99.9
 'Wageningen' 30  7 1984  22840.   16.1   30.4   1.65    2.7    0.0   -99.9
 'Wageningen' 31  7 1984  16390.   16.8   27.4   1.80    2.6    0.0   -99.9
 'Wageningen'  1  8 1984  16360.   10.7   22.5   1.51    1.8    0.0   -99.9
 'Wageningen'  2  8 1984   6940.    9.8   18.5   1.63    2.1    2.6   -99.9
 'Wageningen'  3  8 1984  12650.   14.1   21.7   1.74    2.6    0.6   -99.9
 'Wageningen'  4  8 1984  19260.   14.6   23.1   1.56    1.8    0.1   -99.9
 'Wageningen'  5  8 1984  13350.   13.0   20.3   1.57    2.1    5.8   -99.9
 'Wageningen'  6  8 1984  16040.   11.4   19.0   1.31    2.4    0.0   -99.9
 'Wageningen'  7  8 1984  15360.   10.8   21.6   1.35    2.3    0.0   -99.9
 'Wageningen'  8  8 1984  16380.   10.3   23.4   1.41    2.2    0.0   -99.9
 'Wageningen'  9  8 1984  16500.   10.1   22.4   1.39    2.5    0.0   -99.9
 'Wageningen' 10  8 1984  15300.    9.0   19.9   1.29    2.3    0.0   -99.9
 'Wageningen' 11  8 1984   5890.    7.1   18.4   1.41    1.4    0.2   -99.9
 'Wageningen' 12  8 1984  17840.   12.8   24.5   1.58    1.6    0.5   -99.9
 'Wageningen' 13  8 1984  19460.   11.0   25.8   1.52    1.4    0.0   -99.9
 'Wageningen' 14  8 1984  17370.    9.9   23.5   1.48    1.3    0.0   -99.9
 'Wageningen' 15  8 1984  15450.    7.0   22.1   1.36    1.2    0.0   -99.9
 'Wageningen' 16  8 1984  16060.   11.3   23.2   1.44    1.4    0.0   -99.9
 'Wageningen' 17  8 1984  19720.    8.1   22.3   1.33    1.2    0.0   -99.9
 'Wageningen' 18  8 1984  17790.    7.0   24.5   1.25    1.0    0.0   -99.9
 'Wageningen' 19  8 1984  19970.   12.5   26.7   1.36    1.2    0.0   -99.9
 'Wageningen' 20  8 1984  18910.   10.4   27.4   1.50    1.5    0.0   -99.9
 'Wageningen' 21  8 1984  18450.   15.0   27.0   1.67    2.1    0.0   -99.9
 'Wageningen' 22  8 1984  19500.   18.3   29.5   1.43    2.8    0.0   -99.9
 'Wageningen' 23  8 1984  16610.   16.0   29.4   1.73    1.7    0.0   -99.9
 'Wageningen' 24  8 1984  16630.   14.0   28.5   1.47    1.2    0.0   -99.9
 'Wageningen' 25  8 1984  10720.   13.2   25.5   1.70    1.1    0.5   -99.9
 'Wageningen' 26  8 1984   8350.    8.9   22.7   1.69    1.3    0.0   -99.9
 'Wageningen' 27  8 1984  17940.    8.7   22.3   1.34    1.2    0.0   -99.9
 'Wageningen' 28  8 1984  14980.   11.1   22.3   1.52    1.2    0.1   -99.9
 'Wageningen' 29  8 1984   6740.   13.9   19.9   1.70    2.9    0.6   -99.9
 'Wageningen' 30  8 1984   7670.   14.2   22.4   1.78    4.0    0.2   -99.9
 'Wageningen' 31  8 1984   6520.   16.2   22.5   1.79    4.4    0.5   -99.9
 'Wageningen'  1  9 1984   9300.   14.6   23.5   1.70    3.7    0.0   -99.9
 'Wageningen'  2  9 1984  17290.   12.2   24.7   1.64    2.1    0.1   -99.9
 'Wageningen'  3  9 1984  10430.   16.6   23.9   1.64    5.6    0.2   -99.9
 'Wageningen'  4  9 1984   6420.    7.7   21.0   1.45    4.1    2.3   -99.9
 'Wageningen'  5  9 1984  11100.    4.7   16.6   0.96    1.5    0.8   -99.9
 'Wageningen'  6  9 1984   7950.    4.7   15.4   0.97    1.5    0.1   -99.9
 'Wageningen'  7  9 1984   1470.    8.8   12.6   1.24    1.5   14.7   -99.9
 'Wageningen'  8  9 1984   7260.    9.9   15.8   1.27    2.6    2.8   -99.9
 'Wageningen'  9  9 1984   3920.   10.2   16.5   1.38    4.1   34.5   -99.9
 'Wageningen' 10  9 1984   7000.   10.1   16.7   1.28    5.0   16.5   -99.9
 'Wageningen' 11  9 1984   4220.   11.2   16.1   1.36    4.0    7.7   -99.9
 'Wageningen' 12  9 1984   8000.   11.0   16.8   1.24    2.0    0.1   -99.9
 'Wageningen' 13  9 1984   7560.   10.5   19.2   1.56    1.5    0.0   -99.9
 'Wageningen' 14  9 1984   4940.   14.3   18.5   1.68    1.6    8.7   -99.9
 'Wageningen' 15  9 1984   2850.   13.8   16.8   1.62    1.6    5.3   -99.9
 'Wageningen' 16  9 1984   5940.   13.7   17.7   1.48    1.7    0.0   -99.9
 'Wageningen' 17  9 1984   8800.    6.8   18.0   1.41    2.0    0.3   -99.9
 'Wageningen' 18  9 1984   7440.   10.5   18.2   1.43    1.3    0.8   -99.9
 'Wageningen' 19  9 1984   5370.   10.4   16.4   1.31    3.4    0.1   -99.9
 'Wageningen' 20  9 1984   4350.   11.6   15.5   1.35    3.5    9.0   -99.9
 'Wageningen' 21  9 1984   7990.    8.3   15.2   1.16    3.6    3.6   -99.9
 'Wageningen' 22  9 1984   6240.    8.3   13.3   1.06    3.4    1.8   -99.9
 'Wageningen' 23  9 1984  10280.    8.0   15.3   1.08    2.0    0.0   -99.9
 'Wageningen' 24  9 1984   5810.    7.1   12.3   1.05    1.3    2.2   -99.9
 'Wageningen' 25  9 1984   2090.    7.3   11.3   1.13    2.8   17.7   -99.9
 'Wageningen' 26  9 1984   4800.    8.0   14.9   1.17    2.9   10.2   -99.9
 'Wageningen' 27  9 1984   8300.    8.7   16.0   1.18    1.6    0.0   -99.9
 'Wageningen' 28  9 1984   9870.    7.6   17.8   1.24    2.1    0.0   -99.9
 'Wageningen' 29  9 1984   8810.   10.3   19.3   1.51    1.7   12.1   -99.9
 'Wageningen' 30  9 1984   3850.   11.5   15.6   1.43    3.0    7.8   -99.9
 'Wageningen'  1 10 1984   1840.   10.3   14.9   1.40    2.5   14.8   -99.9
 'Wageningen'  2 10 1984   6460.    8.2   14.9   1.16    2.9    2.6   -99.9
 'Wageningen'  3 10 1984   9380.    7.6   15.4   1.10    2.0    0.6   -99.9
 'Wageningen'  4 10 1984  10660.    6.8   15.4   1.02    2.6    0.0   -99.9
 'Wageningen'  5 10 1984   2510.    9.2   12.8   1.20    2.4   11.6   -99.9
 'Wageningen'  6 10 1984   6090.    7.6   14.2   1.10    2.7    2.3   -99.9
 'Wageningen'  7 10 1984   6140.    6.1   13.3   1.13    4.0    2.0   -99.9
 'Wageningen'  8 10 1984   1500.    9.0   15.9   1.41    3.3    2.1   -99.9
 'Wageningen'  9 10 1984   2170.   10.1   15.8   1.52    3.1    5.4   -99.9
 'Wageningen' 10 10 1984   1970.   10.3   15.7   1.49    2.2    2.9   -99.9
 'Wageningen' 11 10 1984   7930.    8.7   16.0   1.31    2.6    0.8   -99.9
 'Wageningen' 12 10 1984   5710.    7.5   16.3   1.25    1.8    0.0   -99.9
 'Wageningen' 13 10 1984   4770.    8.4   15.0   1.31    2.1    0.0   -99.9
 'Wageningen' 14 10 1984   4570.   11.6   16.1   1.34    2.7    0.0   -99.9
 'Wageningen' 15 10 1984   2440.   10.7   16.3   1.53    1.1    0.0   -99.9
 'Wageningen' 16 10 1984   2240.    9.8   15.3   1.45    1.3    0.0   -99.9
 'Wageningen' 17 10 1984   6120.    7.7   14.9   1.20    2.9    0.0   -99.9
 'Wageningen' 18 10 1984   1710.   10.7   14.5   1.17    5.0    3.4   -99.9
 'Wageningen' 19 10 1984   3830.    9.8   14.1   1.21    5.3   15.8   -99.9
 'Wageningen' 20 10 1984   5490.    7.3   12.9   0.98    6.8    1.5   -99.9
 'Wageningen' 21 10 1984   5270.    6.5   12.6   0.87    4.2    0.0   -99.9
 'Wageningen' 22 10 1984    710.    6.8   14.0   1.21    5.7   13.9   -99.9
 'Wageningen' 23 10 1984   2640.    8.4   14.6   1.30    4.1    8.6   -99.9
 'Wageningen' 24 10 1984   6850.    8.9   13.7   1.04    3.2    0.4   -99.9
 'Wageningen' 25 10 1984   7170.   10.2   15.8   1.22    4.6   27.5   -99.9
 'Wageningen' 26 10 1984   6550.    6.2   13.5   1.02    3.1    0.0   -99.9
 'Wageningen' 27 10 1984   7430.    2.5   13.3   0.83    1.0    0.0   -99.9
 'Wageningen' 28 10 1984   4940.    4.1   12.1   0.94    3.1    0.1   -99.9
 'Wageningen' 29 10 1984   1300.    9.7   13.9   1.39    2.5    3.1   -99.9
 'Wageningen' 30 10 1984   6340.    9.2   18.5   1.31    2.3    0.0   -99.9
 'Wageningen' 31 10 1984   6350.    6.4   15.6   1.09    1.8    0.0   -99.9
 'Wageningen'  1 11 1984   6130.    8.6   17.2   1.23    2.6    0.0   -99.9
 'Wageningen'  2 11 1984   6390.    6.9   15.4   1.02    2.7    0.0   -99.9
 'Wageningen'  3 11 1984   2560.    5.2   11.4   0.91    2.9    0.1   -99.9
 'Wageningen'  4 11 1984   6090.    3.6   10.7   0.80    3.3    0.0   -99.9
 'Wageningen'  5 11 1984   4270.    2.5   10.5   0.85    1.5    0.3   -99.9
 'Wageningen'  6 11 1984   2090.    7.8   11.1   1.04    2.5    0.7   -99.9
 'Wageningen'  7 11 1984   1540.    6.7   11.9   1.06    2.5    1.3   -99.9
 'Wageningen'  8 11 1984   2120.    7.9   14.5   0.99    3.1    0.0   -99.9
 'Wageningen'  9 11 1984   2590.    8.9   13.4   0.95    3.9    0.0   -99.9
 'Wageningen' 10 11 1984   4050.    8.0   15.2   1.07    2.0    0.0   -99.9
 'Wageningen' 11 11 1984   3810.    9.4   13.4   1.04    2.3    0.0   -99.9
 'Wageningen' 12 11 1984   4690.    5.9   12.7   0.90    2.6    0.0   -99.9
 'Wageningen' 13 11 1984   3200.    3.6   10.9   0.88    2.3    0.0   -99.9
 'Wageningen' 14 11 1984   2920.    4.2    8.3   0.73    2.5    0.0   -99.9
 'Wageningen' 15 11 1984   1330.    2.8    5.9   0.67    2.1    9.3   -99.9
 'Wageningen' 16 11 1984   1630.    1.9    5.3   0.65    3.5    1.7   -99.9
 'Wageningen' 17 11 1984   1020.    1.8    4.4   0.66    3.0    4.4   -99.9
 'Wageningen' 18 11 1984   1040.    4.4    6.7   0.86    2.5    2.0   -99.9
 'Wageningen' 19 11 1984   2350.    4.5    7.7   0.84    2.6    0.0   -99.9
 'Wageningen' 20 11 1984   3110.    4.9    8.8   0.89    2.7    0.7   -99.9
 'Wageningen' 21 11 1984   2250.    6.3   10.9   0.97    4.5    6.4   -99.9
 'Wageningen' 22 11 1984    890.    7.7   15.2   1.22    6.2    7.7   -99.9
 'Wageningen' 23 11 1984   2130.    8.5   14.6   1.08    8.2    8.3   -99.9
 'Wageningen' 24 11 1984   2630.    9.5   13.3   1.02    8.1    2.7   -99.9
 'Wageningen' 25 11 1984   2500.    6.2   10.7   1.00    4.4    2.3   -99.9
 'Wageningen' 26 11 1984   3380.    3.8    9.1   0.83    2.7    0.6   -99.9
 'Wageningen' 27 11 1984   2700.    1.9    7.1   0.73    3.8    0.0   -99.9
 'Wageningen' 28 11 1984    600.    5.0    8.1   0.79    5.2    0.7   -99.9
 'Wageningen' 29 11 1984   2340.    7.2   10.5   0.97    3.4    0.0   -99.9
 'Wageningen' 30 11 1984   3010.    5.6   11.5   0.74    4.0    0.0   -99.9
 'Wageningen'  1 12 1984   2990.    2.0    9.9   0.63    2.7    0.0   -99.9
 'Wageningen'  2 12 1984   2380.    0.9    8.0   0.76    1.8    0.0   -99.9
 'Wageningen'  3 12 1984   3320.    2.0    7.7   0.72    2.9    0.0   -99.9
 'Wageningen'  4 12 1984   2700.    1.0    6.5   0.75    2.7    0.0   -99.9
 'Wageningen'  5 12 1984   1710.    5.0    9.3   0.86    3.0    0.0   -99.9
 'Wageningen'  6 12 1984   1260.    1.6    6.6   0.77    2.7    0.7   -99.9
 'Wageningen'  7 12 1984   1420.   -0.8    4.4   0.68    2.2    0.2   -99.9
 'Wageningen'  8 12 1984    490.   -0.2    5.9   0.77    2.7    0.2   -99.9
 'Wageningen'  9 12 1984   3060.    3.0    8.8   0.90    3.2    1.5   -99.9
 'Wageningen' 10 12 1984   1800.    5.0    9.3   0.92    3.7    0.0   -99.9
 'Wageningen' 11 12 1984    730.    5.5    7.3   0.90    1.8    0.0   -99.9
 'Wageningen' 12 12 1984   1670.    5.5    7.8   0.81    2.5    0.0   -99.9
 'Wageningen' 13 12 1984   2840.    1.5    7.2   0.72    2.7    0.0   -99.9
 'Wageningen' 14 12 1984   1300.    1.5    8.4   0.81    2.7    2.8   -99.9
 'Wageningen' 15 12 1984   1370.    2.2    4.8   0.72    2.8    0.0   -99.9
 'Wageningen' 16 12 1984   1300.    2.8    4.6   0.74    2.1    1.3   -99.9
 'Wageningen' 17 12 1984   1050.    3.3    7.2   0.81    3.2    4.5   -99.9
 'Wageningen' 18 12 1984   1580.    1.1    6.7   0.72    2.7    1.2   -99.9
 'Wageningen' 19 12 1984    430.    1.4    8.1   0.79    5.1    0.2   -99.9
 'Wageningen' 20 12 1984    550.    8.1    9.0   1.05    5.0    5.4   -99.9
 'Wageningen' 21 12 1984   1930.    2.7    9.8   0.75    4.4    5.4   -99.9
 'Wageningen' 22 12 1984   2500.    0.8    4.7   0.68    2.8    0.0   -99.9
 'Wageningen' 23 12 1984    870.    2.8    5.9   0.68    4.4    0.4   -99.9
 'Wageningen' 24 12 1984    730.    3.8    5.9   0.76    4.4    1.5   -99.9
 'Wageningen' 25 12 1984   2550.    1.4    6.5   0.71    3.2    0.5   -99.9
 'Wageningen' 26 12 1984   1050.    1.0    5.4   0.72    3.3    3.2   -99.9
 'Wageningen' 27 12 1984   1860.    1.1    4.7   0.68    1.6    0.0   -99.9
 'Wageningen' 28 12 1984   1970.   -1.4    2.6   0.57    0.9    0.1   -99.9
 'Wageningen' 29 12 1984   2740.   -1.0    3.8   0.59    0.8    0.1   -99.9
 'Wageningen' 30 12 1984    700.   -0.9    1.9   0.59    1.5    0.0   -99.9
 'Wageningen' 31 12 1984    390.   -1.2    3.4   0.59    3.9    2.7   -99.9
