***************************************************************************
* File name: Wageni.973
* Contents: SWAP  3.0 - Meteo data of Wageningen weather station                
***************************************************************************     
* Comment area:                                                                 
*                                                                               
*                                                                               
***************************************************************************     
    Station   DD MM YYYY     RAD   Tmin   Tmax    HUM   WIND   RAIN   ETref     
*             nr nr   nr   kJ/m2      C      C    kPa    m/s     mm      mm     
 'Wageningen'  1  1 1973   3470.   -9.4    1.0   0.34    1.4    0.0   -99.9
 'Wageningen'  2  1 1973   1330.   -5.9    3.7   0.58    1.7    0.0   -99.9
 'Wageningen'  3  1 1973   1290.    0.1    4.7   0.68    1.2    0.1   -99.9
 'Wageningen'  4  1 1973   1550.    2.3    4.5   0.72    1.2    0.0   -99.9
 'Wageningen'  5  1 1973   2430.   -0.2    3.9   0.57    1.3    0.3   -99.9
 'Wageningen'  6  1 1973    740.   -0.4    4.0   0.76    1.3    0.2   -99.9
 'Wageningen'  7  1 1973    770.   -0.5    3.1   0.62    0.7    0.2   -99.9
 'Wageningen'  8  1 1973    850.    0.0    5.0   0.73    0.3    0.2   -99.9
 'Wageningen'  9  1 1973   1070.    2.4    4.9   0.73    0.5    0.5   -99.9
 'Wageningen' 10  1 1973   1810.    1.4    4.5   0.67    0.7    0.0   -99.9
 'Wageningen' 11  1 1973   1070.    1.6    4.6   0.60    0.5    0.0   -99.9
 'Wageningen' 12  1 1973    740.    2.1    3.0   0.62    1.7    0.0   -99.9
 'Wageningen' 13  1 1973   3870.   -2.3    1.8   0.50    3.1    0.0   -99.9
 'Wageningen' 14  1 1973   2360.   -2.1    6.2   0.60    2.9    0.8   -99.9
 'Wageningen' 15  1 1973   3100.    1.6    9.4   0.76    4.3    0.0   -99.9
 'Wageningen' 16  1 1973   1330.    3.4    4.9   0.71    1.7    0.0   -99.9
 'Wageningen' 17  1 1973   2090.   -5.4    4.1   0.55    2.0    0.0   -99.9
 'Wageningen' 18  1 1973   2830.    0.7    3.1   0.64    2.7    0.0   -99.9
 'Wageningen' 19  1 1973   1440.   -0.9    0.5   0.52    2.1    0.0   -99.9
 'Wageningen' 20  1 1973   1350.   -1.0    4.7   0.56    3.3    3.3   -99.9
 'Wageningen' 21  1 1973   2180.    0.0    5.7   0.73    3.5    0.0   -99.9
 'Wageningen' 22  1 1973   2830.   -0.8    6.2   0.58    3.1    1.9   -99.9
 'Wageningen' 23  1 1973   1260.   -0.4    3.7   0.68    2.4    1.3   -99.9
 'Wageningen' 24  1 1973   2880.    2.0    5.7   0.64    3.1    0.0   -99.9
 'Wageningen' 25  1 1973   5320.   -1.0    4.3   0.49    3.1    0.8   -99.9
 'Wageningen' 26  1 1973   1390.   -0.6    7.1   0.77    3.9    8.1   -99.9
 'Wageningen' 27  1 1973   1960.    4.2    7.5   0.81    5.5    1.2   -99.9
 'Wageningen' 28  1 1973   4710.    2.9    7.7   0.65    3.3    1.0   -99.9
 'Wageningen' 29  1 1973   2480.    2.6    9.5   1.00    3.5    0.5   -99.9
 'Wageningen' 30  1 1973   2350.    6.9    8.7   0.96    2.7    5.5   -99.9
 'Wageningen' 31  1 1973   4990.    2.1    7.1   0.67    1.9    0.0   -99.9
 'Wageningen'  1  2 1973   3530.   -0.5    5.3   0.58    1.3    0.6   -99.9
 'Wageningen'  2  2 1973   2610.   -0.6    3.6   0.68    1.0    0.0   -99.9
 'Wageningen'  3  2 1973   1260.    1.0    1.9   0.64    1.4    0.0   -99.9
 'Wageningen'  4  2 1973   2090.   -2.4   -0.6   0.48    1.5    0.0   -99.9
 'Wageningen'  5  2 1973    870.   -3.3    6.2   0.57    3.0    0.2   -99.9
 'Wageningen'  6  2 1973   1790.   -0.6    8.0   0.85    5.3    1.2   -99.9
 'Wageningen'  7  2 1973   2220.    6.2    8.9   0.91    5.8    2.5   -99.9
 'Wageningen'  8  2 1973   1050.    6.9    7.4   0.92    5.3    7.5   -99.9
 'Wageningen'  9  2 1973   3620.    6.2    7.7   0.88    4.7    1.0   -99.9
 'Wageningen' 10  2 1973   3400.    0.7    5.0   0.71    4.0    3.1   -99.9
 'Wageningen' 11  2 1973   5530.   -0.5    6.0   0.62    3.6    2.8   -99.9
 'Wageningen' 12  2 1973    780.    1.2    7.4   0.84    6.7   18.7   -99.9
 'Wageningen' 13  2 1973   5190.   -0.8    3.6   0.55    5.6    1.4   -99.9
 'Wageningen' 14  2 1973   5060.   -0.1    4.0   0.55    5.5    0.0   -99.9
 'Wageningen' 15  2 1973   3920.   -0.1    5.3   0.49    2.9    0.0   -99.9
 'Wageningen' 16  2 1973   7280.   -2.2    4.8   0.48    1.3    0.0   -99.9
 'Wageningen' 17  2 1973   3660.   -3.7    2.1   0.62    2.9   10.6   -99.9
 'Wageningen' 18  2 1973   1530.    0.3    3.6   0.62    2.9    8.4   -99.9
 'Wageningen' 19  2 1973   2790.    0.3    6.8   0.76    1.1    0.7   -99.9
 'Wageningen' 20  2 1973   1480.    3.4    8.1   0.91    2.0    0.1   -99.9
 'Wageningen' 21  2 1973   1530.    5.8    8.6   0.91    4.0    1.8   -99.9
 'Wageningen' 22  2 1973   2790.    2.1    6.6   0.73    4.6    2.0   -99.9
 'Wageningen' 23  2 1973   5140.    1.1    5.3   0.60    6.0    5.2   -99.9
 'Wageningen' 24  2 1973   9940.   -2.1    4.7   0.53    3.2    0.6   -99.9
 'Wageningen' 25  2 1973  12380.   -2.9    5.3   0.55    1.0    0.0   -99.9
 'Wageningen' 26  2 1973   7320.   -5.7    6.0   0.55    1.1    0.8   -99.9
 'Wageningen' 27  2 1973  11030.   -6.3    5.3   0.47    1.0    0.0   -99.9
 'Wageningen' 28  2 1973   5320.   -3.2    4.4   0.47    2.8    0.0   -99.9
 'Wageningen'  1  3 1973   7320.   -0.2    7.6   0.56    3.4    3.9   -99.9
 'Wageningen'  2  3 1973   6800.    2.0    9.7   0.79    4.0    0.4   -99.9
 'Wageningen'  3  3 1973   2400.    0.5    8.1   0.81    3.7    1.2   -99.9
 'Wageningen'  4  3 1973   3180.    5.1    9.3   0.94    3.0    0.0   -99.9
 'Wageningen'  5  3 1973   8110.    2.8   10.5   0.75    1.9    0.6   -99.9
 'Wageningen'  6  3 1973   8320.    4.1    8.6   0.75    3.6    8.1   -99.9
 'Wageningen'  7  3 1973  11850.    0.3    8.3   0.71    3.4    0.6   -99.9
 'Wageningen'  8  3 1973  10350.   -1.5   11.1   0.76    2.1    0.0   -99.9
 'Wageningen'  9  3 1973   5910.    2.3    8.8   0.81    1.6    0.0   -99.9
 'Wageningen' 10  3 1973  12320.   -5.6    9.4   0.52    0.7    0.1   -99.9
 'Wageningen' 11  3 1973   6760.   -2.3    8.7   0.72    2.0    0.0   -99.9
 'Wageningen' 12  3 1973   9360.   -0.6    6.6   0.53    2.7    0.0   -99.9
 'Wageningen' 13  3 1973  11690.   -1.1    6.0   0.62    2.5    0.0   -99.9
 'Wageningen' 14  3 1973  13520.   -5.6    8.5   0.53    2.4    0.0   -99.9
 'Wageningen' 15  3 1973  13730.   -0.2   10.5   0.65    2.4    0.0   -99.9
 'Wageningen' 16  3 1973  15140.   -5.3    9.5   0.62    1.1    0.3   -99.9
 'Wageningen' 17  3 1973   3520.   -1.5    7.9   0.77    2.0    0.5   -99.9
 'Wageningen' 18  3 1973   8100.    3.8   10.8   0.87    4.1    1.6   -99.9
 'Wageningen' 19  3 1973   7810.    1.6    7.3   0.73    2.3    0.0   -99.9
 'Wageningen' 20  3 1973   6830.   -0.6   10.4   0.80    1.4    0.0   -99.9
 'Wageningen' 21  3 1973   5840.    4.4   10.5   0.76    1.4    0.0   -99.9
 'Wageningen' 22  3 1973  14640.    0.4   13.3   0.63    1.3    0.0   -99.9
 'Wageningen' 23  3 1973  15140.   -2.3   15.7   0.65    0.7    0.0   -99.9
 'Wageningen' 24  3 1973  15210.   -0.1   19.1   0.63    2.5    0.2   -99.9
 'Wageningen' 25  3 1973   5560.    2.2   11.6   0.96    1.5    3.2   -99.9
 'Wageningen' 26  3 1973  12810.   -0.6   12.6   0.83    1.3    0.0   -99.9
 'Wageningen' 27  3 1973   3940.    0.4    8.2   0.73    1.1    0.9   -99.9
 'Wageningen' 28  3 1973   9430.    2.4   10.7   0.87    1.1    2.2   -99.9
 'Wageningen' 29  3 1973   5630.    3.6    9.5   0.85    1.2    0.3   -99.9
 'Wageningen' 30  3 1973  16190.   -1.6   12.2   0.65    1.8    0.0   -99.9
 'Wageningen' 31  3 1973  18090.   -1.7   11.1   0.81    2.1    0.0   -99.9
 'Wageningen'  1  4 1973   4580.    1.5    9.7   0.80    5.3   15.7   -99.9
 'Wageningen'  2  4 1973   3030.    5.2    9.7   0.77    9.1   15.8   -99.9
 'Wageningen'  3  4 1973  16470.    1.0    7.2   0.50    5.8    0.7   -99.9
 'Wageningen'  4  4 1973  10210.   -2.1    8.7   0.59    4.0    5.8   -99.9
 'Wageningen'  5  4 1973   3730.    2.0   10.9   1.06    4.4    4.8   -99.9
 'Wageningen'  6  4 1973   7600.    5.9    9.1   0.84    4.9    2.7   -99.9
 'Wageningen'  7  4 1973  13020.    2.8    9.0   0.72    4.6    1.2   -99.9
 'Wageningen'  8  4 1973  14220.   -1.1    7.6   0.63    1.6    1.1   -99.9
 'Wageningen'  9  4 1973  12180.   -4.2    5.8   0.52    2.1    0.4   -99.9
 'Wageningen' 10  4 1973  20280.   -4.6    8.1   0.48    2.8    1.4   -99.9
 'Wageningen' 11  4 1973  12530.    2.6    8.2   0.72    5.0    2.5   -99.9
 'Wageningen' 12  4 1973  11690.    0.8    6.6   0.70    3.5    2.3   -99.9
 'Wageningen' 13  4 1973  15770.   -2.3    8.1   0.64    1.4    1.0   -99.9
 'Wageningen' 14  4 1973  11620.   -4.1    9.1   0.71    0.9    0.6   -99.9
 'Wageningen' 15  4 1973   9860.    2.7   11.3   0.88    2.9    0.2   -99.9
 'Wageningen' 16  4 1973  10490.    6.3   12.6   0.99    2.6    0.1   -99.9
 'Wageningen' 17  4 1973  12740.    3.0   10.6   0.81    4.4    0.0   -99.9
 'Wageningen' 18  4 1973   8380.    4.1    9.1   0.76    4.1    8.1   -99.9
 'Wageningen' 19  4 1973  15210.    1.2    9.7   0.77    5.0    1.0   -99.9
 'Wageningen' 20  4 1973  16190.    0.6   10.3   0.72    1.8    1.2   -99.9
 'Wageningen' 21  4 1973   9290.    0.5    8.4   0.76    1.9    3.0   -99.9
 'Wageningen' 22  4 1973  20840.    1.9   12.8   0.67    2.5    0.0   -99.9
 'Wageningen' 23  4 1973  14290.    1.0   11.6   0.72    2.2    0.0   -99.9
 'Wageningen' 24  4 1973  22390.    5.0   14.1   0.77    3.4    0.0   -99.9
 'Wageningen' 25  4 1973  21890.    2.5   13.9   0.52    2.7    0.0   -99.9
 'Wageningen' 26  4 1973  16260.    0.8   13.4   0.76    1.0    0.0   -99.9
 'Wageningen' 27  4 1973  21750.    3.1   15.8   0.84    2.4    0.0   -99.9
 'Wageningen' 28  4 1973   6340.    0.2   12.2   0.79    1.1    6.1   -99.9
 'Wageningen' 29  4 1973   9790.    6.7   13.1   1.04    1.8    0.9   -99.9
 'Wageningen' 30  4 1973   7600.   -2.6   16.2   0.88    3.2    3.2   -99.9
 'Wageningen'  1  5 1973   4510.    8.0   10.0   1.04    2.8    6.0   -99.9
 'Wageningen'  2  5 1973   8310.   -0.7    9.9   0.81    2.2    0.0   -99.9
 'Wageningen'  3  5 1973  14290.    6.9   18.0   1.04    2.3    6.7   -99.9
 'Wageningen'  4  5 1973  15630.    8.7   18.5   1.43    2.6    0.0   -99.9
 'Wageningen'  5  5 1973  15490.    5.5   21.5   1.49    4.3    0.0   -99.9
 'Wageningen'  6  5 1973  14080.    8.1   14.7   0.87    4.7    5.0   -99.9
 'Wageningen'  7  5 1973  12950.    8.4   13.0   1.02    2.2    0.9   -99.9
 'Wageningen'  8  5 1973  14010.    5.4   13.2   0.87    2.4    3.6   -99.9
 'Wageningen'  9  5 1973   7960.    6.4   14.4   1.13    2.6    1.6   -99.9
 'Wageningen' 10  5 1973   9790.    8.7   12.1   1.03    4.4    2.2   -99.9
 'Wageningen' 11  5 1973  22460.    4.0   13.0   0.76    3.5    0.0   -99.9
 'Wageningen' 12  5 1973  21540.    2.2   15.1   0.98    3.0    0.0   -99.9
 'Wageningen' 13  5 1973  11050.    6.4   13.8   0.95    3.6    2.4   -99.9
 'Wageningen' 14  5 1973   8520.    6.8   11.0   0.88    1.3    3.5   -99.9
 'Wageningen' 15  5 1973  26540.   -0.8   13.6   0.77    1.6    0.0   -99.9
 'Wageningen' 16  5 1973  27390.   -1.3   14.5   0.72    2.4    0.0   -99.9
 'Wageningen' 17  5 1973  27810.    5.2   17.7   0.58    4.8    0.0   -99.9
 'Wageningen' 18  5 1973  21330.    8.5   19.2   0.81    3.5    0.0   -99.9
 'Wageningen' 19  5 1973  14290.    7.7   20.4   0.90    2.6    3.4   -99.9
 'Wageningen' 20  5 1973  21120.   12.3   21.2   1.49    2.2    0.0   -99.9
 'Wageningen' 21  5 1973  21400.   12.2   22.5   1.42    1.8    0.9   -99.9
 'Wageningen' 22  5 1973  24360.   10.2   20.3   1.43    2.0    0.1   -99.9
 'Wageningen' 23  5 1973  11050.   13.3   17.8   1.15    3.2    6.3   -99.9
 'Wageningen' 24  5 1973   6550.   10.9   15.3   1.23    3.7    0.3   -99.9
 'Wageningen' 25  5 1973  18440.   10.1   18.7   1.19    1.4    0.0   -99.9
 'Wageningen' 26  5 1973  28090.    3.2   20.8   1.27    1.6    0.0   -99.9
 'Wageningen' 27  5 1973  27670.    9.3   22.4   1.26    2.6    0.0   -99.9
 'Wageningen' 28  5 1973  26190.   11.2   23.8   1.06    3.3    3.7   -99.9
 'Wageningen' 29  5 1973   8940.   12.3   18.1   1.37    1.8    6.1   -99.9
 'Wageningen' 30  5 1973   8100.   11.4   16.4   1.32    2.8    3.3   -99.9
 'Wageningen' 31  5 1973   8030.   11.8   19.3   1.38    1.6    1.4   -99.9
 'Wageningen'  1  6 1973   5140.   12.7   14.5   1.35    1.9   13.6   -99.9
 'Wageningen'  2  6 1973   6480.    9.3   15.0   1.20    2.8    1.7   -99.9
 'Wageningen'  3  6 1973  15490.    6.8   18.0   1.13    2.2    0.3   -99.9
 'Wageningen'  4  6 1973  23870.    6.8   18.2   1.22    1.8    0.0   -99.9
 'Wageningen'  5  6 1973  29570.    2.4   17.6   0.94    2.2    0.0   -99.9
 'Wageningen'  6  6 1973  30410.    2.3   19.6   0.88    2.4    0.0   -99.9
 'Wageningen'  7  6 1973  17740.    5.7   18.4   0.99    2.2    0.0   -99.9
 'Wageningen'  8  6 1973  14500.   11.3   19.5   1.27    2.1    0.0   -99.9
 'Wageningen'  9  6 1973  19430.    8.3   22.4   1.40    2.1    0.0   -99.9
 'Wageningen' 10  6 1973  10280.   13.5   17.8   1.46    3.3    0.0   -99.9
 'Wageningen' 11  6 1973  13450.   11.7   17.5   1.38    1.7    0.0   -99.9
 'Wageningen' 12  6 1973  27880.    5.4   23.2   1.26    1.7    0.0   -99.9
 'Wageningen' 13  6 1973  16400.   12.3   18.8   1.38    2.9    0.0   -99.9
 'Wageningen' 14  6 1973  27880.    3.9   17.1   0.81    1.9    0.0   -99.9
 'Wageningen' 15  6 1973  29080.    2.4   21.0   0.94    1.4    0.0   -99.9
 'Wageningen' 16  6 1973  30060.    5.8   22.6   1.22    1.9    0.0   -99.9
 'Wageningen' 17  6 1973  15070.   12.4   24.8   1.54    2.3    0.0   -99.9
 'Wageningen' 18  6 1973  25130.   10.6   22.5   1.46    1.6    0.0   -99.9
 'Wageningen' 19  6 1973  26190.    6.9   25.4   1.43    1.5    0.0   -99.9
 'Wageningen' 20  6 1973  19850.   15.9   26.5   1.46    3.5    0.0   -99.9
 'Wageningen' 21  6 1973  17740.   14.8   23.4   1.57    1.9    0.0   -99.9
 'Wageningen' 22  6 1973  29780.   12.1   23.2   0.94    3.5    0.0   -99.9
 'Wageningen' 23  6 1973  25340.   12.3   24.1   1.13    3.2    0.0   -99.9
 'Wageningen' 24  6 1973  21960.   10.3   25.8   1.27    2.2    0.0   -99.9
 'Wageningen' 25  6 1973  24990.    8.5   25.9   1.40    1.2    0.0   -99.9
 'Wageningen' 26  6 1973  25130.   13.0   28.8   1.80    1.4    0.0   -99.9
 'Wageningen' 27  6 1973  23160.   18.4   29.5   1.81    1.7    0.4   -99.9
 'Wageningen' 28  6 1973  13590.   18.2   23.7   1.89    3.3   12.2   -99.9
 'Wageningen' 29  6 1973  21120.   13.8   22.7   1.59    3.7    0.0   -99.9
 'Wageningen' 30  6 1973  29080.    9.8   24.3   1.34    1.3    0.0   -99.9
 'Wageningen'  1  7 1973  26050.    9.0   29.0   1.53    1.4    0.0   -99.9
 'Wageningen'  2  7 1973  26400.   18.4   31.1   1.77    2.7    0.0   -99.9
 'Wageningen'  3  7 1973  29000.   12.9   24.5   1.62    2.2    0.1   -99.9
 'Wageningen'  4  7 1973  24780.    9.6   27.0   1.74    1.0    0.0   -99.9
 'Wageningen'  5  7 1973  23510.   13.6   31.0   2.03    1.9    0.1   -99.9
 'Wageningen'  6  7 1973  13310.   17.8   26.1   2.00    1.6    0.3   -99.9
 'Wageningen'  7  7 1973   8380.   15.8   21.0   1.68    2.8    0.3   -99.9
 'Wageningen'  8  7 1973  27100.   13.9   20.6   1.61    2.5    0.0   -99.9
 'Wageningen'  9  7 1973  26750.    5.0   21.0   0.98    1.4    0.0   -99.9
 'Wageningen' 10  7 1973  26820.    7.6   23.6   1.10    1.2    1.2   -99.9
 'Wageningen' 11  7 1973   6050.   14.8   20.1   1.67    2.0    5.6   -99.9
 'Wageningen' 12  7 1973  13020.   13.7   20.4   1.68    2.3    1.2   -99.9
 'Wageningen' 13  7 1973  13380.   14.2   21.0   1.52    0.9    0.0   -99.9
 'Wageningen' 14  7 1973  19010.   12.6   24.0   1.53    2.7    0.0   -99.9
 'Wageningen' 15  7 1973   6690.   18.0   19.0   1.68    2.9    8.5   -99.9
 'Wageningen' 16  7 1973  20560.   13.6   22.9   1.57    2.4    5.7   -99.9
 'Wageningen' 17  7 1973  17390.   12.4   19.7   1.32    3.0    1.4   -99.9
 'Wageningen' 18  7 1973  13940.   11.6   19.3   1.59    2.8    0.0   -99.9
 'Wageningen' 19  7 1973  11190.   12.9   20.6   1.35    3.4    0.7   -99.9
 'Wageningen' 20  7 1973  12250.   13.8   20.6   1.47    3.7    5.8   -99.9
 'Wageningen' 21  7 1973   7150.   13.1   18.1   1.46    3.2    5.3   -99.9
 'Wageningen' 22  7 1973  14200.   11.5   19.0   1.42    4.2    4.5   -99.9
 'Wageningen' 23  7 1973  18550.   10.8   18.0   1.25    3.1    0.7   -99.9
 'Wageningen' 24  7 1973  13310.    9.4   19.6   1.25    2.5    0.0   -99.9
 'Wageningen' 25  7 1973  13450.    6.2   18.9   1.29    2.5    3.0   -99.9
 'Wageningen' 26  7 1973   7430.   13.2   16.7   1.49    4.9    0.4   -99.9
 'Wageningen' 27  7 1973   5880.   12.4   17.9   1.23    3.8    5.8   -99.9
 'Wageningen' 28  7 1973  17060.   14.2   22.3   1.68    2.2    0.0   -99.9
 'Wageningen' 29  7 1973  15860.   14.7   19.2   1.58    2.8    0.0   -99.9
 'Wageningen' 30  7 1973   7890.   14.3   18.3   1.50    1.2    0.0   -99.9
 'Wageningen' 31  7 1973  18090.   11.4   21.8   1.40    1.9    0.0   -99.9
 'Wageningen'  1  8 1973  15890.   11.6   26.8   1.57    1.8    5.5   -99.9
 'Wageningen'  2  8 1973  16890.   13.7   26.2   1.72    0.9    6.6   -99.9
 'Wageningen'  3  8 1973  13280.   10.3   20.1   1.80    1.9    2.5   -99.9
 'Wageningen'  4  8 1973   8640.   15.7   20.2   1.62    2.2    4.4   -99.9
 'Wageningen'  5  8 1973   3010.   12.6   22.2   1.58    4.2    0.0   -99.9
 'Wageningen'  6  8 1973  18830.   15.1   28.5   1.93    4.7    3.6   -99.9
 'Wageningen'  7  8 1973  16920.   12.7   19.6   1.37    5.2    3.3   -99.9
 'Wageningen'  8  8 1973  19540.   11.6   19.2   1.45    3.3    0.3   -99.9
 'Wageningen'  9  8 1973  18800.    8.7   21.4   1.11    1.7    0.0   -99.9
 'Wageningen' 10  8 1973  22510.   11.2   26.0   1.45    1.6    0.0   -99.9
 'Wageningen' 11  8 1973  19080.   14.8   26.4   1.68    1.6    0.0   -99.9
 'Wageningen' 12  8 1973  21700.   12.9   25.6   1.46    2.4    0.0   -99.9
 'Wageningen' 13  8 1973  23930.   12.6   27.5   1.37    2.4    0.0   -99.9
 'Wageningen' 14  8 1973  23930.   16.9   28.5   1.30    3.3    0.0   -99.9
 'Wageningen' 15  8 1973  22940.   16.8   28.5   1.16    3.0    0.0   -99.9
 'Wageningen' 16  8 1973  22510.   17.3   30.5   1.43    2.8    0.0   -99.9
 'Wageningen' 17  8 1973  14200.   15.9   28.7   1.75    1.4    0.0   -99.9
 'Wageningen' 18  8 1973  14160.   16.6   23.6   1.59    1.7    0.0   -99.9
 'Wageningen' 19  8 1973   9880.   13.3   23.7   1.45    0.9    0.0   -99.9
 'Wageningen' 20  8 1973   9880.   11.8   22.8   1.87    1.5    0.0   -99.9
 'Wageningen' 21  8 1973  14970.   13.9   20.7   1.19    2.6    0.0   -99.9
 'Wageningen' 22  8 1973  23680.    1.9   20.2   0.81    2.0    0.0   -99.9
 'Wageningen' 23  8 1973  21560.    8.8   24.5   0.91    2.2    0.0   -99.9
 'Wageningen' 24  8 1973  16530.    5.8   22.2   1.16    1.4    0.0   -99.9
 'Wageningen' 25  8 1973  19120.    6.2   22.8   1.29    1.7    0.0   -99.9
 'Wageningen' 26  8 1973  21820.    7.0   23.7   1.27    1.7    0.0   -99.9
 'Wageningen' 27  8 1973  17100.    7.0   26.8   1.42    1.1    0.0   -99.9
 'Wageningen' 28  8 1973   7260.   15.3   22.6   1.61    1.8    0.0   -99.9
 'Wageningen' 29  8 1973  13560.    7.4   21.5   1.52    1.0   12.3   -99.9
 'Wageningen' 30  8 1973   4250.   13.6   18.0   1.56    2.3   11.4   -99.9
 'Wageningen' 31  8 1973  15470.    8.3   18.5   1.31    2.7    0.1   -99.9
 'Wageningen'  1  9 1973  11330.   14.3   20.7   1.56    4.2    0.5   -99.9
 'Wageningen'  2  9 1973   3650.   15.4   19.0   1.74    2.3    2.4   -99.9
 'Wageningen'  3  9 1973   9030.   15.0   22.9   1.72    3.1    0.0   -99.9
 'Wageningen'  4  9 1973  16710.   12.2   26.4   1.73    0.9    0.0   -99.9
 'Wageningen'  5  9 1973  14160.   11.4   29.2   1.91    0.7    0.0   -99.9
 'Wageningen'  6  9 1973   5810.   15.5   20.1   1.82    1.5    0.1   -99.9
 'Wageningen'  7  9 1973  13130.   13.0   23.6   1.61    0.9    0.0   -99.9
 'Wageningen'  8  9 1973  17200.    8.4   25.8   1.80    1.1    0.1   -99.9
 'Wageningen'  9  9 1973   8460.   11.3   20.1   1.65    1.6    0.0   -99.9
 'Wageningen' 10  9 1973  14230.   10.9   18.0   0.99    1.9    0.0   -99.9
 'Wageningen' 11  9 1973   8570.    5.2   17.6   1.20    0.7    0.0   -99.9
 'Wageningen' 12  9 1973  13420.    2.1   18.3   1.20    1.0    0.0   -99.9
 'Wageningen' 13  9 1973  11080.    6.5   19.4   1.31    1.4    0.0   -99.9
 'Wageningen' 14  9 1973  17490.    2.7   22.1   0.92    1.7    0.0   -99.9
 'Wageningen' 15  9 1973  16670.    7.3   25.4   0.92    2.7    4.3   -99.9
 'Wageningen' 16  9 1973  12210.   13.9   23.3   1.53    2.2    0.6   -99.9
 'Wageningen' 17  9 1973  12640.   13.1   24.6   1.75    1.9    0.8   -99.9
 'Wageningen' 18  9 1973   8670.   14.3   21.0   1.56    1.7    8.2   -99.9
 'Wageningen' 19  9 1973   4600.   12.5   17.3   1.40    4.7    4.2   -99.9
 'Wageningen' 20  9 1973  11040.   11.7   19.0   1.45    2.1    5.6   -99.9
 'Wageningen' 21  9 1973   3260.   13.5   16.7   1.68    4.3   21.2   -99.9
 'Wageningen' 22  9 1973   8530.   10.7   15.3   1.13    3.3    0.0   -99.9
 'Wageningen' 23  9 1973   7120.    6.9   14.3   1.08    1.5    0.2   -99.9
 'Wageningen' 24  9 1973  10410.    4.0   14.5   0.98    1.3    0.5   -99.9
 'Wageningen' 25  9 1973   8250.    7.3   16.6   1.27    2.4    0.0   -99.9
 'Wageningen' 26  9 1973   8640.    4.2   16.4   1.13    1.0    5.8   -99.9
 'Wageningen' 27  9 1973  11010.    9.1   17.6   1.42    2.1    2.4   -99.9
 'Wageningen' 28  9 1973   6800.   11.3   17.6   1.31    4.9    2.8   -99.9
 'Wageningen' 29  9 1973   5350.   10.0   12.2   1.03    3.9    3.5   -99.9
 'Wageningen' 30  9 1973   3330.    7.9   12.1   1.11    3.7    0.0   -99.9
 'Wageningen'  1 10 1973  12340.    3.3   15.2   1.11    1.1    0.0   -99.9
 'Wageningen'  2 10 1973  13950.    1.3   16.7   1.07    0.9    0.0   -99.9
 'Wageningen'  3 10 1973   7010.    8.1   17.6   1.46    2.4    0.0   -99.9
 'Wageningen'  4 10 1973  12070.    9.7   19.3   1.15    1.9    0.0   -99.9
 'Wageningen'  5 10 1973  11290.    7.0   21.6   1.13    1.0    0.1   -99.9
 'Wageningen'  6 10 1973  10970.    3.9   20.6   1.04    0.8    0.1   -99.9
 'Wageningen'  7 10 1973   2180.    8.1   14.9   1.43    1.4    0.5   -99.9
 'Wageningen'  8 10 1973   3700.   11.8   15.1   1.37    1.0    0.0   -99.9
 'Wageningen'  9 10 1973   3200.   11.7   15.2   1.16    3.8    9.0   -99.9
 'Wageningen' 10 10 1973   5060.   10.1   15.4   1.32    2.9    9.9   -99.9
 'Wageningen' 11 10 1973   6940.    5.8    9.9   0.84    1.9    2.4   -99.9
 'Wageningen' 12 10 1973   9910.   -2.0    8.8   0.72    1.9    0.0   -99.9
 'Wageningen' 13 10 1973   8580.    2.4    8.1   0.55    2.8    0.0   -99.9
 'Wageningen' 14 10 1973   5150.    0.6    8.7   0.64    1.2    4.0   -99.9
 'Wageningen' 15 10 1973   4990.    3.0   11.4   0.96    1.5    4.1   -99.9
 'Wageningen' 16 10 1973   1470.    7.5   10.5   1.15    1.7    7.5   -99.9
 'Wageningen' 17 10 1973   5520.    0.3   10.9   0.79    1.9    7.3   -99.9
 'Wageningen' 18 10 1973   5260.    0.5    8.4   0.67    3.1    5.6   -99.9
 'Wageningen' 19 10 1973   1680.    2.2   10.6   0.84    5.1   16.5   -99.9
 'Wageningen' 20 10 1973   5040.    6.7   12.7   1.03    1.9   12.7   -99.9
 'Wageningen' 21 10 1973   3290.    7.7   12.6   1.07    4.9    2.2   -99.9
 'Wageningen' 22 10 1973   6070.    0.0   11.1   0.77    2.3    2.5   -99.9
 'Wageningen' 23 10 1973   5650.    5.9   12.1   1.03    3.4    1.1   -99.9
 'Wageningen' 24 10 1973   8320.   -0.4   12.5   0.64    0.9    0.0   -99.9
 'Wageningen' 25 10 1973   6970.    1.0   12.1   0.80    1.0    0.0   -99.9
 'Wageningen' 26 10 1973   7750.    3.1   12.6   0.79    1.1    0.0   -99.9
 'Wageningen' 27 10 1973   8500.    2.6   14.1   0.80    1.9    0.0   -99.9
 'Wageningen' 28 10 1973   5080.    1.1   11.0   0.63    1.5    0.0   -99.9
 'Wageningen' 29 10 1973   7750.    2.5   12.1   0.98    0.8    0.0   -99.9
 'Wageningen' 30 10 1973   2460.    3.2   12.4   0.98    1.1    0.1   -99.9
 'Wageningen' 31 10 1973   5730.    7.9   12.6   1.11    2.4    0.0   -99.9
 'Wageningen'  1 11 1973   6550.    3.6    9.6   0.64    3.2    0.0   -99.9
 'Wageningen'  2 11 1973   1980.    1.1    8.5   0.68    1.3    0.0   -99.9
 'Wageningen'  3 11 1973   6760.    2.8   13.1   0.91    2.4    0.0   -99.9
 'Wageningen'  4 11 1973   5750.    3.6   13.1   0.77    2.5    2.0   -99.9
 'Wageningen'  5 11 1973   3130.    4.4   14.5   1.20    4.1   11.4   -99.9
 'Wageningen'  6 11 1973   2730.    1.7    6.6   0.73    3.6    4.9   -99.9
 'Wageningen'  7 11 1973   2730.    2.8   10.1   0.80    3.8    0.2   -99.9
 'Wageningen'  8 11 1973   2600.    6.5   13.0   1.13    4.2    0.0   -99.9
 'Wageningen'  9 11 1973   2190.    9.7   11.5   1.00    5.0    0.9   -99.9
 'Wageningen' 10 11 1973    940.    8.8    9.5   1.08    5.1    5.8   -99.9
 'Wageningen' 11 11 1973   5290.    5.6    9.6   0.83    3.9    1.5   -99.9
 'Wageningen' 12 11 1973   2760.    2.9   11.8   0.71    5.6    9.8   -99.9
 'Wageningen' 13 11 1973   3820.    4.3    9.6   0.71    7.6    7.6   -99.9
 'Wageningen' 14 11 1973   3190.    4.7    8.4   0.77    3.0    5.9   -99.9
 'Wageningen' 15 11 1973   4350.    3.2    9.7   0.90    4.8    1.8   -99.9
 'Wageningen' 16 11 1973   3730.    3.1    9.5   0.81    5.6    1.6   -99.9
 'Wageningen' 17 11 1973   4070.    1.5    6.6   0.60    2.7    0.0   -99.9
 'Wageningen' 18 11 1973   4760.   -0.7    7.6   0.55    1.7    0.0   -99.9
 'Wageningen' 19 11 1973   2690.   -0.5   10.1   0.91    6.1    0.3   -99.9
 'Wageningen' 20 11 1973   4850.    2.2    9.1   0.65    2.1    0.0   -99.9
 'Wageningen' 21 11 1973   4760.   -1.0    7.7   0.56    0.6    0.0   -99.9
 'Wageningen' 22 11 1973   3350.   -3.7    6.4   0.55    0.7    0.2   -99.9
 'Wageningen' 23 11 1973    800.   -1.7   10.6   0.91    2.7    0.2   -99.9
 'Wageningen' 24 11 1973   1030.    6.4   11.1   1.18    8.0    3.6   -99.9
 'Wageningen' 25 11 1973   3530.    0.7    5.6   0.64    3.7    3.0   -99.9
 'Wageningen' 26 11 1973   1770.    0.0    2.5   0.55    3.4   10.0   -99.9
 'Wageningen' 27 11 1973   2900.   -2.6    2.1   0.56    3.3    2.7   -99.9
 'Wageningen' 28 11 1973   4340.   -3.4    1.8   0.52    2.9    3.4   -99.9
 'Wageningen' 29 11 1973   4970.   -3.9    1.7   0.44    1.4    1.8   -99.9
 'Wageningen' 30 11 1973   2090.   -7.5    0.6   0.53    1.7    1.0   -99.9
 'Wageningen'  1 12 1973   2920.  -15.8   -3.0   0.16    0.7    3.2   -99.9
 'Wageningen'  2 12 1973   5730.  -21.7   -0.4   0.12    0.7    0.3   -99.9
 'Wageningen'  3 12 1973    710.  -17.9    8.3   0.52    5.0    1.5   -99.9
 'Wageningen'  4 12 1973   2040.   -0.6    8.5   0.94    4.3    1.7   -99.9
 'Wageningen'  5 12 1973    900.    5.8    8.2   0.91    2.5    1.1   -99.9
 'Wageningen'  6 12 1973   1950.    6.4    8.7   0.96    6.9    4.6   -99.9
 'Wageningen'  7 12 1973   3130.    1.9   10.4   0.56    3.4   14.4   -99.9
 'Wageningen'  8 12 1973    810.    2.5    6.7   0.83    5.1    1.1   -99.9
 'Wageningen'  9 12 1973   4870.   -3.0    2.6   0.48    0.6    0.0   -99.9
 'Wageningen' 10 12 1973   4020.   -5.0    0.6   0.38    2.5    0.0   -99.9
 'Wageningen' 11 12 1973    420.   -4.4    2.6   0.48    4.2    6.3   -99.9
 'Wageningen' 12 12 1973   1520.    0.6    7.6   0.68    4.2    5.7   -99.9
 'Wageningen' 13 12 1973   1240.    2.2    7.5   0.75    7.4    5.1   -99.9
 'Wageningen' 14 12 1973   1010.    1.9    3.5   0.73    5.8    4.7   -99.9
 'Wageningen' 15 12 1973   3610.    0.0    4.1   0.55    3.7    1.3   -99.9
 'Wageningen' 16 12 1973    350.    1.2    6.7   0.72    6.2    5.8   -99.9
 'Wageningen' 17 12 1973   2410.    2.8    5.0   0.63    5.7    0.2   -99.9
 'Wageningen' 18 12 1973   3420.   -0.1    3.8   0.58    2.9    0.0   -99.9
 'Wageningen' 19 12 1973   3580.    0.0    3.9   0.53    3.5    0.0   -99.9
 'Wageningen' 20 12 1973   1520.   -0.2    5.9   0.53    3.7    0.0   -99.9
 'Wageningen' 21 12 1973   2340.    1.1    6.5   0.55    2.4    0.1   -99.9
 'Wageningen' 22 12 1973   1100.    1.4    7.9   0.81    3.6    0.0   -99.9
 'Wageningen' 23 12 1973   1770.    2.9    6.7   0.72    2.2    3.6   -99.9
 'Wageningen' 24 12 1973    730.    3.4    5.6   0.87    1.4    0.0   -99.9
 'Wageningen' 25 12 1973   1270.    4.0    5.3   0.65    1.8    0.0   -99.9
 'Wageningen' 26 12 1973    890.    0.6    5.5   0.68    2.5    1.0   -99.9
 'Wageningen' 27 12 1973    440.    2.8    7.3   0.87    3.4    1.1   -99.9
 'Wageningen' 28 12 1973    510.    5.5    7.4   0.95    3.0    0.1   -99.9
 'Wageningen' 29 12 1973    780.    4.6    4.7   0.76    2.7    0.0   -99.9
 'Wageningen' 30 12 1973    760.   -1.5    2.3   0.55    2.4    0.2   -99.9
 'Wageningen' 31 12 1973   2120.   -1.3   -0.2   0.53    0.7    0.0   -99.9
