***************************************************************************
* File name: Wageni.987
* Contents: SWAP  3.0 - Meteo data of Wageningen weather station                
***************************************************************************     
* Comment area:                                                                 
*                                                                               
*                                                                               
***************************************************************************     
    Station   DD MM YYYY     RAD   Tmin   Tmax    HUM   WIND   RAIN   ETref     
*             nr nr   nr   kJ/m2      C      C    kPa    m/s     mm      mm     
 'Wageningen'  1  1 1987    470.    3.0    7.9   0.77    2.8   13.0   -99.9
 'Wageningen'  2  1 1987    620.   -3.9    7.3   0.66    5.4    2.7   -99.9
 'Wageningen'  3  1 1987   2420.   -6.4    4.0   0.50    1.9    0.1   -99.9
 'Wageningen'  4  1 1987    320.    0.2    5.1   0.63    4.9    8.4   -99.9
 'Wageningen'  5  1 1987    900.    3.8    6.5   0.72    6.2    2.3   -99.9
 'Wageningen'  6  1 1987   1290.   -1.7    5.4   0.61    4.6    2.3   -99.9
 'Wageningen'  7  1 1987   1170.   -8.3   -1.1   0.40    2.1    0.5   -99.9
 'Wageningen'  8  1 1987   1110.  -12.1    0.2   0.45    3.6    0.1   -99.9
 'Wageningen'  9  1 1987   1560.   -3.9   -0.6   0.49    3.9    0.3   -99.9
 'Wageningen' 10  1 1987   2560.   -9.3   -3.9   0.28    4.8    0.0   -99.9
 'Wageningen' 11  1 1987   3580.  -16.7   -9.2   0.19    2.9    0.0   -99.9
 'Wageningen' 12  1 1987   3670.  -17.7   -8.3   0.20    1.8    0.0   -99.9
 'Wageningen' 13  1 1987   2570.  -15.3   -7.8   0.23    3.3    0.0   -99.9
 'Wageningen' 14  1 1987   2500.  -15.8  -11.4   0.15    5.7    0.0   -99.9
 'Wageningen' 15  1 1987   2260.  -12.8   -7.6   0.19    6.3    0.0   -99.9
 'Wageningen' 16  1 1987    730.   -9.4   -7.5   0.24    4.0    0.0   -99.9
 'Wageningen' 17  1 1987    850.   -9.5   -5.8   0.29    1.8    0.0   -99.9
 'Wageningen' 18  1 1987   1410.   -7.8   -5.4   0.33    2.3    0.0   -99.9
 'Wageningen' 19  1 1987    880.   -8.0   -5.6   0.36    0.9    0.0   -99.9
 'Wageningen' 20  1 1987    620.   -6.9   -4.2   0.40    1.0    0.0   -99.9
 'Wageningen' 21  1 1987   1050.   -3.7   -0.5   0.50    1.6    0.1   -99.9
 'Wageningen' 22  1 1987    640.   -0.5    1.2   0.61    1.1    0.4   -99.9
 'Wageningen' 23  1 1987    940.    0.7    5.1   0.75    2.1    1.1   -99.9
 'Wageningen' 24  1 1987    440.   -0.6    3.4   0.65    1.8    0.0   -99.9
 'Wageningen' 25  1 1987    220.   -0.3    2.3   0.66    3.6    0.0   -99.9
 'Wageningen' 26  1 1987   1570.   -3.4    4.4   0.63    2.4    1.0   -99.9
 'Wageningen' 27  1 1987   2310.   -5.2    0.1   0.51    1.8    0.0   -99.9
 'Wageningen' 28  1 1987   2940.   -3.5    3.6   0.58    2.5    0.0   -99.9
 'Wageningen' 29  1 1987   5980.   -8.3   -0.1   0.35    1.9    0.0   -99.9
 'Wageningen' 30  1 1987   5710.  -10.1   -3.5   0.24    1.9    0.0   -99.9
 'Wageningen' 31  1 1987   5960.   -9.2    0.1   0.26    1.6    0.0   -99.9
 'Wageningen'  1  2 1987   5400.   -9.8    1.9   0.31    1.9    0.0   -99.9
 'Wageningen'  2  2 1987   4950.   -5.7    2.5   0.34    2.8    0.0   -99.9
 'Wageningen'  3  2 1987    490.   -2.6    1.4   0.53    1.8    0.3   -99.9
 'Wageningen'  4  2 1987    550.    0.8    3.3   0.67    1.1    0.0   -99.9
 'Wageningen'  5  2 1987   1510.    1.6    5.2   0.74    3.1    0.1   -99.9
 'Wageningen'  6  2 1987    100.    3.8    7.9   0.87    6.0    2.8   -99.9
 'Wageningen'  7  2 1987   5010.   -1.6    6.4   0.64    2.8    0.0   -99.9
 'Wageningen'  8  2 1987    410.   -0.8    7.9   0.83    4.4    3.1   -99.9
 'Wageningen'  9  2 1987   1760.    4.6    9.8   0.96    2.2    1.8   -99.9
 'Wageningen' 10  2 1987   2780.    1.9    7.6   0.74    5.1    0.9   -99.9
 'Wageningen' 11  2 1987   5700.    0.0    7.3   0.67    2.1    2.6   -99.9
 'Wageningen' 12  2 1987    490.    2.1    4.4   0.73    2.1    3.0   -99.9
 'Wageningen' 13  2 1987   5040.   -0.7    6.1   0.65    2.2    0.0   -99.9
 'Wageningen' 14  2 1987   2880.    2.1    5.9   0.66    2.4    0.0   -99.9
 'Wageningen' 15  2 1987    800.    0.2    2.2   0.64    3.3    3.3   -99.9
 'Wageningen' 16  2 1987   5450.   -3.8    3.8   0.53    2.1    0.0   -99.9
 'Wageningen' 17  2 1987   4520.   -4.5    2.4   0.48    1.3    0.0   -99.9
 'Wageningen' 18  2 1987   1130.   -2.1   -0.2   0.50    2.3    1.0   -99.9
 'Wageningen' 19  2 1987   5160.   -3.7   -0.8   0.45    2.8    0.1   -99.9
 'Wageningen' 20  2 1987   2750.   -5.3   -1.0   0.41    4.6    0.0   -99.9
 'Wageningen' 21  2 1987   9750.   -3.4    4.4   0.43    3.3    0.0   -99.9
 'Wageningen' 22  2 1987   2960.   -0.8    5.2   0.67    1.8    0.3   -99.9
 'Wageningen' 23  2 1987   8310.   -4.1    4.2   0.49    1.8    0.0   -99.9
 'Wageningen' 24  2 1987   8700.   -6.4    2.8   0.39    1.7    0.0   -99.9
 'Wageningen' 25  2 1987   9400.   -3.7    3.4   0.32    2.7    0.0   -99.9
 'Wageningen' 26  2 1987   7710.   -2.5    5.7   0.50    2.5    1.9   -99.9
 'Wageningen' 27  2 1987    650.    3.3   10.2   1.01    3.9   14.5   -99.9
 'Wageningen' 28  2 1987   1570.    6.2    9.8   1.02    3.0    0.0   -99.9
 'Wageningen'  1  3 1987   2390.    5.8    9.6   1.01    2.0   10.8   -99.9
 'Wageningen'  2  3 1987    790.   -5.8    9.8   0.85    5.0   18.2   -99.9
 'Wageningen'  3  3 1987  10220.   -6.7   -2.6   0.26    3.9    0.0   -99.9
 'Wageningen'  4  3 1987   4990.   -7.2   -2.3   0.30    2.3    0.0   -99.9
 'Wageningen'  5  3 1987  10390.   -9.5    2.0   0.32    1.3    0.0   -99.9
 'Wageningen'  6  3 1987   9670.   -5.3    2.6   0.36    2.5    0.0   -99.9
 'Wageningen'  7  3 1987   9930.   -5.0    0.2   0.33    3.9    0.0   -99.9
 'Wageningen'  8  3 1987  10960.   -4.9    1.1   0.32    3.9    0.0   -99.9
 'Wageningen'  9  3 1987  10980.   -4.1    2.9   0.23    2.7    0.0   -99.9
 'Wageningen' 10  3 1987  12650.   -3.5    6.3   0.34    3.9    0.0   -99.9
 'Wageningen' 11  3 1987  12640.   -4.3    6.5   0.34    3.2    1.2   -99.9
 'Wageningen' 12  3 1987  12640.   -6.4    4.9   0.34    2.0    0.8   -99.9
 'Wageningen' 13  3 1987   9160.   -9.6    3.7   0.34    2.2    0.0   -99.9
 'Wageningen' 14  3 1987  12170.   -6.0    5.7   0.32    1.9    0.0   -99.9
 'Wageningen' 15  3 1987   3670.   -5.7    5.0   0.59    3.5    1.2   -99.9
 'Wageningen' 16  3 1987   7450.   -0.6    4.9   0.52    4.0    0.7   -99.9
 'Wageningen' 17  3 1987   1920.    0.3    6.5   0.79    4.5   10.4   -99.9
 'Wageningen' 18  3 1987   8930.    0.2    6.9   0.66    5.5   11.3   -99.9
 'Wageningen' 19  3 1987   8020.   -1.0    5.6   0.56    2.5    0.0   -99.9
 'Wageningen' 20  3 1987   6980.   -1.4    5.3   0.57    3.5    1.4   -99.9
 'Wageningen' 21  3 1987   6720.   -0.9    5.5   0.63    3.5    7.5   -99.9
 'Wageningen' 22  3 1987  12970.    0.2    8.7   0.65    3.0    6.4   -99.9
 'Wageningen' 23  3 1987   2510.    4.0    9.3   0.97    3.8   10.1   -99.9
 'Wageningen' 24  3 1987   2990.    6.9   10.8   1.07    2.5    0.5   -99.9
 'Wageningen' 25  3 1987   3060.    6.5   13.5   1.13    3.5    8.5   -99.9
 'Wageningen' 26  3 1987  11100.    1.9   11.2   0.76    4.6    0.0   -99.9
 'Wageningen' 27  3 1987   3280.    7.7   12.5   0.79    9.5    1.2   -99.9
 'Wageningen' 28  3 1987   8970.    2.3   10.4   0.72    8.7    2.7   -99.9
 'Wageningen' 29  3 1987  10500.   -0.5    7.0   0.59    3.9    0.9   -99.9
 'Wageningen' 30  3 1987   4010.   -0.3    6.1   0.34    6.3    0.6   -99.9
 'Wageningen' 31  3 1987   8380.    0.9    9.3   0.70    1.8    0.0   -99.9
 'Wageningen'  1  4 1987  17090.    1.6   11.1   0.58    2.6    0.0   -99.9
 'Wageningen'  2  4 1987  16010.    3.5   11.7   0.64    3.5    0.0   -99.9
 'Wageningen'  3  4 1987   9680.    4.2   13.5   0.53    2.8    0.0   -99.9
 'Wageningen'  4  4 1987   7120.    7.1   12.5   0.82    3.7    0.0   -99.9
 'Wageningen'  5  4 1987  14390.    3.9   14.1   0.79    2.7    0.0   -99.9
 'Wageningen'  6  4 1987   9400.    5.5   15.6   0.91    1.5    4.6   -99.9
 'Wageningen'  7  4 1987   8810.    5.0   16.9   1.00    3.1    1.5   -99.9
 'Wageningen'  8  4 1987  10470.    5.4   14.5   0.98    3.3    1.2   -99.9
 'Wageningen'  9  4 1987   7690.    6.7   12.8   1.04    2.2    2.6   -99.9
 'Wageningen' 10  4 1987  11410.    2.7   11.1   0.80    2.9    1.8   -99.9
 'Wageningen' 11  4 1987   9910.    3.4    9.9   0.73    5.8   10.2   -99.9
 'Wageningen' 12  4 1987   4740.    2.9    7.9   0.79    4.2    8.1   -99.9
 'Wageningen' 13  4 1987  10820.    2.6   10.6   0.81    2.3    0.0   -99.9
 'Wageningen' 14  4 1987   3610.    5.8   10.2   0.94    2.1    0.0   -99.9
 'Wageningen' 15  4 1987  15140.    4.1   15.0   0.95    2.3    0.0   -99.9
 'Wageningen' 16  4 1987   8520.    7.5   15.1   1.10    1.4    0.0   -99.9
 'Wageningen' 17  4 1987  12270.    9.2   17.1   1.07    1.2    0.0   -99.9
 'Wageningen' 18  4 1987  18330.    8.6   21.4   1.14    2.2    0.0   -99.9
 'Wageningen' 19  4 1987   7260.    8.7   16.7   1.21    2.6    3.6   -99.9
 'Wageningen' 20  4 1987   9750.    5.2   13.8   0.94    5.6    0.9   -99.9
 'Wageningen' 21  4 1987  17220.    2.8   13.4   0.80    2.1    0.0   -99.9
 'Wageningen' 22  4 1987  21460.   -0.5   15.9   0.78    1.6    0.0   -99.9
 'Wageningen' 23  4 1987  21250.    5.6   19.4   0.89    1.7    0.0   -99.9
 'Wageningen' 24  4 1987  21820.    3.3   22.1   0.87    1.9    0.0   -99.9
 'Wageningen' 25  4 1987  19030.    5.3   23.5   1.07    1.5    0.0   -99.9
 'Wageningen' 26  4 1987  18970.    5.4   19.7   0.92    1.6    0.0   -99.9
 'Wageningen' 27  4 1987  23270.    2.9   18.7   0.73    2.3    0.0   -99.9
 'Wageningen' 28  4 1987  22820.    8.3   22.5   0.74    3.0    0.0   -99.9
 'Wageningen' 29  4 1987  16850.   12.5   23.9   1.17    2.6    0.0   -99.9
 'Wageningen' 30  4 1987  13470.   11.5   21.2   1.34    3.1    0.2   -99.9
 'Wageningen'  1  5 1987   3400.   11.6   14.8   1.30    3.6    0.1   -99.9
 'Wageningen'  2  5 1987  16810.    3.8   13.7   0.84    3.5    0.3   -99.9
 'Wageningen'  3  5 1987   9280.    3.6    9.4   0.77    2.8    3.8   -99.9
 'Wageningen'  4  5 1987   6850.    5.0    9.7   0.77    4.6    0.0   -99.9
 'Wageningen'  5  5 1987  18150.    5.0   14.2   0.88    3.8    0.0   -99.9
 'Wageningen'  6  5 1987  15970.    3.0   12.1   0.82    3.3    0.0   -99.9
 'Wageningen'  7  5 1987  23240.    1.3   12.9   0.80    2.9    0.0   -99.9
 'Wageningen'  8  5 1987  24000.    0.3   16.4   0.84    1.3    0.0   -99.9
 'Wageningen'  9  5 1987  24760.    2.2   21.8   0.95    2.0    0.0   -99.9
 'Wageningen' 10  5 1987  16270.    2.3   14.2   0.84    2.8    0.0   -99.9
 'Wageningen' 11  5 1987   6200.    1.5   13.1   0.88    4.8    2.1   -99.9
 'Wageningen' 12  5 1987   7130.    3.8   12.8   1.03    3.8   18.5   -99.9
 'Wageningen' 13  5 1987  16910.    2.9   11.6   0.76    3.5    3.1   -99.9
 'Wageningen' 14  5 1987   8580.    4.0   10.2   0.89    4.1    8.1   -99.9
 'Wageningen' 15  5 1987   3950.    6.1   10.7   0.96    2.9    3.1   -99.9
 'Wageningen' 16  5 1987  13410.    3.2   11.2   0.81    3.2    2.4   -99.9
 'Wageningen' 17  5 1987  17060.    2.9   14.1   0.84    2.5    0.8   -99.9
 'Wageningen' 18  5 1987   8750.    8.4   13.7   1.02    2.0    0.8   -99.9
 'Wageningen' 19  5 1987  23680.    6.2   15.3   0.93    2.5    0.0   -99.9
 'Wageningen' 20  5 1987  15080.    5.0   11.1   0.78    4.5    1.9   -99.9
 'Wageningen' 21  5 1987  15160.    5.4   12.4   0.91    4.4    5.2   -99.9
 'Wageningen' 22  5 1987  11710.    4.5   12.9   0.94    2.0    2.2   -99.9
 'Wageningen' 23  5 1987  23200.    5.4   18.2   1.09    1.9    5.7   -99.9
 'Wageningen' 24  5 1987  23660.    3.9   20.9   0.98    1.5    0.1   -99.9
 'Wageningen' 25  5 1987  27140.    6.0   22.5   1.05    1.7    0.0   -99.9
 'Wageningen' 26  5 1987  27000.    5.4   22.0   0.88    2.0    0.0   -99.9
 'Wageningen' 27  5 1987  17580.    5.2   18.1   0.96    2.3    0.0   -99.9
 'Wageningen' 28  5 1987  14320.    8.0   13.1   0.90    3.1    0.6   -99.9
 'Wageningen' 29  5 1987   9260.    5.3   13.6   0.98    1.6   20.5   -99.9
 'Wageningen' 30  5 1987   8330.    6.8   18.6   1.21    2.6    2.6   -99.9
 'Wageningen' 31  5 1987   6470.    6.6   16.0   1.22    1.6    0.5   -99.9
 'Wageningen'  1  6 1987  14030.    6.6   18.3   1.26    3.0    3.1   -99.9
 'Wageningen'  2  6 1987   7640.   11.5   17.0   1.36    1.7   17.6   -99.9
 'Wageningen'  3  6 1987   7450.   10.0   16.1   1.35    3.0    3.9   -99.9
 'Wageningen'  4  6 1987  13090.   10.1   17.6   1.28    2.4    2.3   -99.9
 'Wageningen'  5  6 1987   8330.   10.9   14.2   1.22    2.8    2.8   -99.9
 'Wageningen'  6  6 1987  13540.   11.7   18.4   1.27    4.7    1.8   -99.9
 'Wageningen'  7  6 1987  12000.   11.5   16.8   1.18    3.9    1.8   -99.9
 'Wageningen'  8  6 1987   7030.    8.7   12.6   1.16    3.5   21.4   -99.9
 'Wageningen'  9  6 1987  12400.    8.5   14.7   1.13    3.1    1.5   -99.9
 'Wageningen' 10  6 1987  20720.    7.2   17.8   1.12    1.9    0.2   -99.9
 'Wageningen' 11  6 1987  21140.    5.6   18.1   1.20    4.0    1.0   -99.9
 'Wageningen' 12  6 1987  22750.    6.0   18.3   1.13    1.3    0.0   -99.9
 'Wageningen' 13  6 1987   5060.    9.0   16.9   1.29    1.2    5.3   -99.9
 'Wageningen' 14  6 1987  22560.    8.7   17.0   1.09    2.1    0.1   -99.9
 'Wageningen' 15  6 1987  16290.    8.9   15.5   1.11    2.2    0.0   -99.9
 'Wageningen' 16  6 1987  16630.    6.1   14.5   0.98    2.3    0.0   -99.9
 'Wageningen' 17  6 1987  12750.    5.3   13.6   1.06    3.0    3.5   -99.9
 'Wageningen' 18  6 1987  18130.    6.9   15.9   1.02    3.2    0.0   -99.9
 'Wageningen' 19  6 1987   7950.    6.9   14.4   1.26    2.1    7.0   -99.9
 'Wageningen' 20  6 1987   7490.    6.3   15.3   1.18    2.0    0.0   -99.9
 'Wageningen' 21  6 1987  15960.    3.9   17.4   1.18    1.8    1.0   -99.9
 'Wageningen' 22  6 1987  11120.   11.0   18.3   1.37    2.5    8.2   -99.9
 'Wageningen' 23  6 1987  10600.   11.2   16.6   1.30    1.8    0.5   -99.9
 'Wageningen' 24  6 1987  13520.   11.7   17.1   1.30    3.8    3.7   -99.9
 'Wageningen' 25  6 1987  18880.   10.1   17.7   1.30    2.9    2.6   -99.9
 'Wageningen' 26  6 1987  10490.   12.3   19.1   1.52    2.7    1.9   -99.9
 'Wageningen' 27  6 1987  10330.   11.9   19.9   1.80    3.0    0.5   -99.9
 'Wageningen' 28  6 1987   8730.   16.4   23.3   2.25    2.4    0.0   -99.9
 'Wageningen' 29  6 1987  19090.   18.9   29.0   2.23    1.4    0.0   -99.9
 'Wageningen' 30  6 1987  16830.   15.0   29.1   1.29    1.6    0.0   -99.9
 'Wageningen'  1  7 1987  26150.    9.6   20.8   0.90    2.2    0.0   -99.9
 'Wageningen'  2  7 1987  19230.    8.1   21.1   1.16    1.5    0.0   -99.9
 'Wageningen'  3  7 1987  23010.    9.3   22.3   1.24    2.0    0.0   -99.9
 'Wageningen'  4  7 1987  26950.   10.3   24.4   1.20    1.9    0.0   -99.9
 'Wageningen'  5  7 1987  27880.   12.9   25.1   1.35    2.4    0.0   -99.9
 'Wageningen'  6  7 1987  26600.   15.3   27.6   1.38    2.3    0.0   -99.9
 'Wageningen'  7  7 1987  22870.   14.1   26.9   1.56    2.0    0.0   -99.9
 'Wageningen'  8  7 1987  20430.   10.8   21.3   1.37    2.5    0.0   -99.9
 'Wageningen'  9  7 1987  20320.    9.1   19.1   1.14    3.1    0.1   -99.9
 'Wageningen' 10  7 1987   7950.    8.7   21.4   1.27    2.2    0.0   -99.9
 'Wageningen' 11  7 1987  19670.   14.4   25.7   1.48    3.3    0.0   -99.9
 'Wageningen' 12  7 1987  25760.   10.6   21.9   1.30    3.2    0.0   -99.9
 'Wageningen' 13  7 1987  17370.   11.5   22.4   1.35    1.1    0.0   -99.9
 'Wageningen' 14  7 1987  25530.   12.9   24.9   1.28    2.6    0.0   -99.9
 'Wageningen' 15  7 1987  13300.   17.1   23.8   1.89    2.9    7.0   -99.9
 'Wageningen' 16  7 1987  18170.   17.6   27.6   2.01    2.4   27.1   -99.9
 'Wageningen' 17  7 1987   7210.   14.4   19.4   1.70    3.0   16.4   -99.9
 'Wageningen' 18  7 1987  20840.   13.7   21.1   1.41    4.1    2.6   -99.9
 'Wageningen' 19  7 1987  16090.   13.1   20.9   1.45    2.7    8.6   -99.9
 'Wageningen' 20  7 1987  13430.   13.0   20.2   1.51    1.8    1.3   -99.9
 'Wageningen' 21  7 1987  11590.   12.7   20.0   1.66    1.3    7.8   -99.9
 'Wageningen' 22  7 1987  12780.   14.0   21.2   1.70    1.2   14.0   -99.9
 'Wageningen' 23  7 1987  12170.   14.5   20.1   1.67    1.8    2.2   -99.9
 'Wageningen' 24  7 1987   6040.   12.3   16.6   1.46    2.5    2.6   -99.9
 'Wageningen' 25  7 1987  16730.    8.3   16.8   1.14    2.9    0.3   -99.9
 'Wageningen' 26  7 1987  19120.    8.5   16.6   1.06    3.6    1.3   -99.9
 'Wageningen' 27  7 1987   7960.   11.6   16.9   1.41    4.7    9.5   -99.9
 'Wageningen' 28  7 1987   7920.   11.7   17.8   1.40    2.2    0.3   -99.9
 'Wageningen' 29  7 1987   2900.   12.5   18.4   1.69    2.6   12.6   -99.9
 'Wageningen' 30  7 1987  10060.   12.8   18.3   1.50    2.3    7.1   -99.9
 'Wageningen' 31  7 1987   8970.   12.4   19.1   1.61    3.8    0.5   -99.9
 'Wageningen'  1  8 1987   8520.   13.3   18.0   1.36    3.7    0.8   -99.9
 'Wageningen'  2  8 1987   9740.    9.5   18.7   1.34    2.4    0.2   -99.9
 'Wageningen'  3  8 1987  12100.    9.4   19.2   1.27    2.6    2.1   -99.9
 'Wageningen'  4  8 1987  16460.    8.8   17.1   1.12    2.6    0.9   -99.9
 'Wageningen'  5  8 1987  17120.    7.6   15.9   1.10    2.9   11.6   -99.9
 'Wageningen'  6  8 1987  14510.    6.8   15.3   1.07    1.7    7.4   -99.9
 'Wageningen'  7  8 1987  14390.   10.1   17.8   1.13    3.2    0.0   -99.9
 'Wageningen'  8  8 1987   4770.   12.1   16.5   1.37    2.7    4.1   -99.9
 'Wageningen'  9  8 1987   4120.   11.4   15.9   1.45    1.5    8.5   -99.9
 'Wageningen' 10  8 1987  16460.    7.9   18.0   1.27    1.8    1.6   -99.9
 'Wageningen' 11  8 1987  20010.    6.3   20.6   1.21    1.4    0.0   -99.9
 'Wageningen' 12  8 1987   7100.   12.4   20.0   1.45    1.6    0.0   -99.9
 'Wageningen' 13  8 1987   9440.   13.3   23.0   1.72    2.1   10.9   -99.9
 'Wageningen' 14  8 1987  17930.   15.8   20.9   1.60    2.5    0.0   -99.9
 'Wageningen' 15  8 1987  13330.   12.7   19.8   1.38    2.6    0.0   -99.9
 'Wageningen' 16  8 1987  15990.   14.4   24.6   1.59    2.0    0.0   -99.9
 'Wageningen' 17  8 1987  15410.   13.3   26.8   1.87    1.0    0.5   -99.9
 'Wageningen' 18  8 1987   8270.   16.7   23.0   1.90    1.5    5.7   -99.9
 'Wageningen' 19  8 1987  11890.   12.2   22.8   1.82    2.2    1.6   -99.9
 'Wageningen' 20  8 1987  16280.   12.7   24.7   1.74    1.5    0.0   -99.9
 'Wageningen' 21  8 1987  12780.   17.0   29.3   1.73    2.0    0.0   -99.9
 'Wageningen' 22  8 1987  11540.   18.8   25.6   1.66    2.5    0.2   -99.9
 'Wageningen' 23  8 1987  12070.   13.6   23.3   1.75    1.6    5.9   -99.9
 'Wageningen' 24  8 1987  13280.   11.4   22.8   1.67    1.8    6.8   -99.9
 'Wageningen' 25  8 1987   8090.   13.3   20.2   1.66    3.7    1.4   -99.9
 'Wageningen' 26  8 1987   9040.   13.2   17.5   1.45    5.0    8.5   -99.9
 'Wageningen' 27  8 1987   5790.   13.5   17.0   1.54    3.6    2.2   -99.9
 'Wageningen' 28  8 1987   9680.   13.3   18.7   1.46    3.4    0.0   -99.9
 'Wageningen' 29  8 1987   6170.   11.3   19.9   1.71    2.2    1.1   -99.9
 'Wageningen' 30  8 1987  13250.    8.9   19.9   1.39    1.2    0.1   -99.9
 'Wageningen' 31  8 1987  12700.   10.9   18.7   1.20    1.8    0.0   -99.9
 'Wageningen'  1  9 1987  16090.   11.2   23.2   1.50    1.9    0.0   -99.9
 'Wageningen'  2  9 1987   9990.   12.2   20.8   1.60    1.0    0.0   -99.9
 'Wageningen'  3  9 1987  11770.   13.2   24.4   1.83    1.7    0.0   -99.9
 'Wageningen'  4  9 1987   5320.   15.2   19.8   1.72    1.2    0.0   -99.9
 'Wageningen'  5  9 1987   9310.   13.9   19.9   1.54    2.0    5.2   -99.9
 'Wageningen'  6  9 1987  10930.   13.2   18.4   1.41    4.3    0.2   -99.9
 'Wageningen'  7  9 1987   6230.    9.2   17.3   1.43    3.2    0.6   -99.9
 'Wageningen'  8  9 1987  15800.   10.1   18.9   1.27    2.1    0.5   -99.9
 'Wageningen'  9  9 1987  10650.   11.1   18.8   1.41    1.9    0.0   -99.9
 'Wageningen' 10  9 1987   4510.   11.8   16.6   1.41    3.2    5.5   -99.9
 'Wageningen' 11  9 1987  14720.   13.2   19.6   1.40    3.9    0.0   -99.9
 'Wageningen' 12  9 1987   8930.   16.0   22.1   1.77    5.8    1.5   -99.9
 'Wageningen' 13  9 1987   1870.   13.7   18.9   1.76    2.3   12.6   -99.9
 'Wageningen' 14  9 1987  13920.   13.0   18.9   1.44    3.4    2.8   -99.9
 'Wageningen' 15  9 1987  14190.    9.9   18.4   1.28    2.6    0.0   -99.9
 'Wageningen' 16  9 1987   6340.   10.5   18.5   1.37    1.3    0.0   -99.9
 'Wageningen' 17  9 1987   8360.   13.0   25.3   1.79    2.9    0.0   -99.9
 'Wageningen' 18  9 1987   9730.    8.4   20.2   1.61    2.2    1.0   -99.9
 'Wageningen' 19  9 1987  11410.    6.0   17.9   1.22    1.6    6.7   -99.9
 'Wageningen' 20  9 1987  10620.   15.9   21.6   1.80    2.9    0.1   -99.9
 'Wageningen' 21  9 1987  11020.   16.2   23.0   2.01    1.7    0.0   -99.9
 'Wageningen' 22  9 1987   5500.   15.3   21.2   1.83    2.1    0.0   -99.9
 'Wageningen' 23  9 1987   9890.   12.4   18.5   1.41    1.5    3.2   -99.9
 'Wageningen' 24  9 1987   9820.    8.9   17.1   1.24    3.9    7.6   -99.9
 'Wageningen' 25  9 1987  10060.    7.1   15.9   1.09    2.3    0.1   -99.9
 'Wageningen' 26  9 1987  11300.    6.0   14.8   1.03    1.3    1.5   -99.9
 'Wageningen' 27  9 1987   9590.    3.2   13.1   0.91    1.8    0.3   -99.9
 'Wageningen' 28  9 1987  10340.    1.9   13.7   0.87    1.2    0.1   -99.9
 'Wageningen' 29  9 1987   8600.    2.6   14.5   0.96    1.1    0.3   -99.9
 'Wageningen' 30  9 1987  13070.    4.9   14.7   0.86    2.5    0.0   -99.9
 'Wageningen'  1 10 1987  11500.    6.8   15.4   0.87    3.1    0.0   -99.9
 'Wageningen'  2 10 1987  12500.    7.2   16.1   0.89    3.3    0.0   -99.9
 'Wageningen'  3 10 1987  11510.    6.9   14.6   0.86    2.9    0.0   -99.9
 'Wageningen'  4 10 1987   8870.    7.0   17.8   1.11    2.6    0.0   -99.9
 'Wageningen'  5 10 1987   6210.   10.5   18.4   1.45    2.6    5.6   -99.9
 'Wageningen'  6 10 1987   4570.    9.4   16.9   1.49    3.5    6.7   -99.9
 'Wageningen'  7 10 1987   7420.    7.9   14.1   1.14    6.5    9.2   -99.9
 'Wageningen'  8 10 1987   3780.    6.5   14.3   1.08    6.3   17.7   -99.9
 'Wageningen'  9 10 1987   7150.    6.1   15.5   1.00    5.0    0.0   -99.9
 'Wageningen' 10 10 1987   7450.   10.6   20.3   1.09    3.8    0.1   -99.9
 'Wageningen' 11 10 1987   5750.    6.0   16.4   0.94    3.0    0.0   -99.9
 'Wageningen' 12 10 1987   1680.    6.5    9.0   0.94    2.1    1.0   -99.9
 'Wageningen' 13 10 1987   3260.    5.7   13.6   1.04    2.8   10.1   -99.9
 'Wageningen' 14 10 1987   8700.    7.0   13.9   1.04    4.1    5.5   -99.9
 'Wageningen' 15 10 1987   2920.   11.3   17.0   1.37    6.2   12.6   -99.9
 'Wageningen' 16 10 1987   7660.   11.2   19.3   1.16    6.4    0.0   -99.9
 'Wageningen' 17 10 1987   8380.    7.9   15.5   1.05    2.6    0.0   -99.9
 'Wageningen' 18 10 1987   9450.    6.6   16.3   1.02    2.8    0.0   -99.9
 'Wageningen' 19 10 1987   8690.    8.0   16.1   1.03    3.1    0.0   -99.9
 'Wageningen' 20 10 1987   5480.    9.2   14.5   1.04    3.7    0.0   -99.9
 'Wageningen' 21 10 1987   4380.    9.0   16.3   1.11    3.3    2.1   -99.9
 'Wageningen' 22 10 1987   7540.    6.0   14.4   1.04    1.5    3.5   -99.9
 'Wageningen' 23 10 1987   5210.    1.7   13.0   0.91    1.5    0.0   -99.9
 'Wageningen' 24 10 1987   4600.    3.5   11.4   0.94    1.0    0.0   -99.9
 'Wageningen' 25 10 1987   6700.    2.1   12.3   0.89    1.6    0.2   -99.9
 'Wageningen' 26 10 1987   7010.    4.5   11.9   0.89    2.9    0.0   -99.9
 'Wageningen' 27 10 1987   4600.    6.9   14.2   1.06    3.7    0.0   -99.9
 'Wageningen' 28 10 1987   2070.   11.0   14.1   1.26    2.2    2.8   -99.9
 'Wageningen' 29 10 1987    730.   10.7   12.2   1.30    0.9    5.3   -99.9
 'Wageningen' 30 10 1987   2280.    9.3   13.4   1.20    1.1    0.2   -99.9
 'Wageningen' 31 10 1987    920.    9.5   12.2   1.19    1.6    0.0   -99.9
 'Wageningen'  1 11 1987   3900.    9.0   14.5   1.27    2.8    0.7   -99.9
 'Wageningen'  2 11 1987   6960.    1.8   12.9   0.97    1.3    0.0   -99.9
 'Wageningen'  3 11 1987   2850.    2.7   12.5   0.95    1.2    0.1   -99.9
 'Wageningen'  4 11 1987   5560.    3.9   11.1   0.82    1.9    0.0   -99.9
 'Wageningen'  5 11 1987   2940.   -0.1    9.9   0.84    1.6    0.0   -99.9
 'Wageningen'  6 11 1987   1100.    8.0   10.7   0.89    0.9    0.0   -99.9
 'Wageningen'  7 11 1987   2260.   -2.6    8.6   0.70    1.0    0.0   -99.9
 'Wageningen'  8 11 1987    500.   -1.6    3.0   0.68    1.8    0.0   -99.9
 'Wageningen'  9 11 1987    440.    2.5    4.9   0.73    1.6    0.0   -99.9
 'Wageningen' 10 11 1987    390.    3.9    6.4   0.82    1.4    1.1   -99.9
 'Wageningen' 11 11 1987   1560.    6.3   10.6   1.01    5.1    7.8   -99.9
 'Wageningen' 12 11 1987   2690.    5.8   10.6   0.91    6.9    8.5   -99.9
 'Wageningen' 13 11 1987   3190.    4.5    8.0   0.86    4.6    6.9   -99.9
 'Wageningen' 14 11 1987   3740.    5.0    9.7   0.85    3.8    2.9   -99.9
 'Wageningen' 15 11 1987   2140.    4.0    7.9   0.84    4.8    2.0   -99.9
 'Wageningen' 16 11 1987   2370.    7.6   13.1   1.13    5.3    7.7   -99.9
 'Wageningen' 17 11 1987   1970.    7.4   11.1   0.99    4.4    0.1   -99.9
 'Wageningen' 18 11 1987   2600.    5.7   12.4   1.08    2.7    0.0   -99.9
 'Wageningen' 19 11 1987    360.    6.0   10.2   1.05    4.5   27.1   -99.9
 'Wageningen' 20 11 1987   1990.    6.2    9.6   0.88    4.8    5.1   -99.9
 'Wageningen' 21 11 1987   2050.    5.3    9.7   0.95    3.1    3.6   -99.9
 'Wageningen' 22 11 1987    590.    5.2    8.0   0.97    2.6    3.5   -99.9
 'Wageningen' 23 11 1987   1620.    5.9    7.4   0.86    2.0    3.2   -99.9
 'Wageningen' 24 11 1987    420.    2.1    6.6   0.69    4.0    0.0   -99.9
 'Wageningen' 25 11 1987    240.    1.6    5.1   0.74    4.0    3.3   -99.9
 'Wageningen' 26 11 1987    400.    3.3    4.6   0.73    1.0    0.8   -99.9
 'Wageningen' 27 11 1987    540.    2.2    5.1   0.76    1.1    0.7   -99.9
 'Wageningen' 28 11 1987   2590.    2.6    6.5   0.76    0.8    0.0   -99.9
 'Wageningen' 29 11 1987   2980.    2.7    6.3   0.72    1.8    0.0   -99.9
 'Wageningen' 30 11 1987   2750.   -1.4    8.1   0.70    0.9    0.1   -99.9
 'Wageningen'  1 12 1987   1500.    0.5    4.9   0.65    2.3    0.0   -99.9
 'Wageningen'  2 12 1987   2260.    0.4    3.7   0.54    4.0    0.0   -99.9
 'Wageningen'  3 12 1987   3160.    0.4    4.0   0.51    3.1    0.0   -99.9
 'Wageningen'  4 12 1987   2790.   -0.5    2.2   0.53    2.2    0.0   -99.9
 'Wageningen'  5 12 1987   1470.   -1.3    2.2   0.54    2.5    0.0   -99.9
 'Wageningen'  6 12 1987    210.   -2.5    1.3   0.53    2.4    0.0   -99.9
 'Wageningen'  7 12 1987   3780.   -6.7    2.3   0.44    2.1    0.0   -99.9
 'Wageningen'  8 12 1987   1340.   -7.0    0.9   0.42    0.8    0.0   -99.9
 'Wageningen'  9 12 1987   1160.   -7.1   -3.1   0.40    1.2    0.0   -99.9
 'Wageningen' 10 12 1987    530.   -3.9    3.5   0.60    2.1    0.6   -99.9
 'Wageningen' 11 12 1987   1780.    1.8    6.5   0.75    1.1    1.5   -99.9
 'Wageningen' 12 12 1987   1000.   -1.4    4.4   0.67    0.6    0.0   -99.9
 'Wageningen' 13 12 1987   2020.   -1.5    3.8   0.58    1.8    0.0   -99.9
 'Wageningen' 14 12 1987    470.   -3.7   -1.3   0.43    2.4    0.0   -99.9
 'Wageningen' 15 12 1987    380.   -3.6    1.9   0.52    2.5    0.0   -99.9
 'Wageningen' 16 12 1987    310.    1.9   10.7   0.99    3.3   12.0   -99.9
 'Wageningen' 17 12 1987    750.    9.8   12.8   1.26    4.3   18.4   -99.9
 'Wageningen' 18 12 1987    320.    9.3   14.6   1.30    6.0    2.2   -99.9
 'Wageningen' 19 12 1987   1720.    6.4    9.4   0.96    4.1    2.7   -99.9
 'Wageningen' 20 12 1987    330.    8.3    9.7   1.07    4.7    0.4   -99.9
 'Wageningen' 21 12 1987    290.    8.1    9.7   1.06    4.0    0.2   -99.9
 'Wageningen' 22 12 1987   2890.   -1.4    9.5   0.84    1.9    0.1   -99.9
 'Wageningen' 23 12 1987   2710.    0.8    6.5   0.69    2.8    0.0   -99.9
 'Wageningen' 24 12 1987    540.   -0.5    5.1   0.66    2.6    0.0   -99.9
 'Wageningen' 25 12 1987    200.    5.0    7.5   0.93    2.8    0.6   -99.9
 'Wageningen' 26 12 1987    740.    6.2    8.6   0.91    4.6    0.0   -99.9
 'Wageningen' 27 12 1987    550.    7.7    9.5   0.96    4.7    0.7   -99.9
 'Wageningen' 28 12 1987    340.    8.8   12.0   1.10    5.4    0.0   -99.9
 'Wageningen' 29 12 1987    710.    8.3   11.9   1.01    5.2    2.9   -99.9
 'Wageningen' 30 12 1987   1400.    7.8   11.3   1.10    3.5    5.0   -99.9
 'Wageningen' 31 12 1987   2000.    7.4   10.0   0.98    3.8    0.0   -99.9
