***************************************************************************
* File name: Wageni.971
* Contents: SWAP  3.0 - Meteo data of Wageningen weather station                
***************************************************************************     
* Comment area:                                                                 
*                                                                               
*                                                                               
***************************************************************************     
    Station   DD MM YYYY     RAD   Tmin   Tmax    HUM   WIND   RAIN   ETref     
*             nr nr   nr   kJ/m2      C      C    kPa    m/s     mm      mm     
 'Wageningen'  1  1 1971   1130.  -12.2    0.6   0.37    2.2    1.1   -99.9
 'Wageningen'  2  1 1971   2135.   -9.0    1.6   0.67    2.2    0.8   -99.9
 'Wageningen'  3  1 1971    963.   -3.3   -0.2   0.58    1.7    0.2   -99.9
 'Wageningen'  4  1 1971   1214.   -6.5   -4.4   0.40    1.5    0.0   -99.9
 'Wageningen'  5  1 1971   2554.  -10.8   -5.3   0.29    1.2    0.0   -99.9
 'Wageningen'  6  1 1971   3559.  -11.3    0.4   0.28    2.7    0.0   -99.9
 'Wageningen'  7  1 1971   1926.  -10.6    4.9   0.68    4.7    1.1   -99.9
 'Wageningen'  8  1 1971    670.    0.3    4.9   0.81    2.7    0.8   -99.9
 'Wageningen'  9  1 1971   1926.   -0.8    4.0   0.70    2.3    0.0   -99.9
 'Wageningen' 10  1 1971   3559.    0.0    6.2   0.65    2.4    0.0   -99.9
 'Wageningen' 11  1 1971   3140.   -2.7    7.4   0.48    4.1    0.0   -99.9
 'Wageningen' 12  1 1971   3014.   -0.9    5.0   0.56    2.5    0.0   -99.9
 'Wageningen' 13  1 1971   3014.   -0.7    5.3   0.65    1.3    0.0   -99.9
 'Wageningen' 14  1 1971   3182.   -4.5    3.8   0.55    2.3    0.0   -99.9
 'Wageningen' 15  1 1971    879.   -1.9    3.9   0.68    1.5    3.9   -99.9
 'Wageningen' 16  1 1971    377.    0.9    4.8   0.79    2.4    0.1   -99.9
 'Wageningen' 17  1 1971    712.    2.3    4.2   0.79    2.2    0.1   -99.9
 'Wageningen' 18  1 1971   3391.   -0.7    6.1   0.62    3.0    1.6   -99.9
 'Wageningen' 19  1 1971   2093.   -0.8    9.2   0.88    4.9    1.0   -99.9
 'Wageningen' 20  1 1971   2093.    3.2    6.3   0.79    4.0    1.8   -99.9
 'Wageningen' 21  1 1971   1214.    3.2    5.7   0.71    4.1    0.1   -99.9
 'Wageningen' 22  1 1971   1005.    1.9    6.6   0.80    4.3    4.6   -99.9
 'Wageningen' 23  1 1971    712.    3.8   12.1   0.79    5.9   12.1   -99.9
 'Wageningen' 24  1 1971   2596.    4.5    8.6   0.76    6.8    6.8   -99.9
 'Wageningen' 25  1 1971    837.    4.8    7.7   0.87    5.3    6.4   -99.9
 'Wageningen' 26  1 1971   2052.    5.0    9.5   0.94    5.5    6.6   -99.9
 'Wageningen' 27  1 1971    795.    6.3    7.7   0.96    3.6    5.3   -99.9
 'Wageningen' 28  1 1971   2721.    5.1    7.6   0.81    3.9    1.1   -99.9
 'Wageningen' 29  1 1971   2261.    3.5    7.1   0.79    3.2    0.4   -99.9
 'Wageningen' 30  1 1971   1130.    2.1    7.4   0.71    3.5    3.8   -99.9
 'Wageningen' 31  1 1971   1758.    3.3    8.4   0.95    2.4    0.0   -99.9
 'Wageningen'  1  2 1971   4271.    0.7    3.8   0.40    4.3    0.0   -99.9
 'Wageningen'  2  2 1971   5485.   -6.7    3.0   0.37    1.9    2.8   -99.9
 'Wageningen'  3  2 1971    795.   -5.4    7.9   0.98    4.4    1.4   -99.9
 'Wageningen'  4  2 1971   1675.    2.4    8.0   0.98    2.9    0.2   -99.9
 'Wageningen'  5  2 1971   2010.    5.0    7.1   0.84    1.7    0.1   -99.9
 'Wageningen'  6  2 1971   1884.    4.0    5.9   0.77    0.8    0.8   -99.9
 'Wageningen'  7  2 1971   2093.    2.9    6.8   0.79    2.5    0.5   -99.9
 'Wageningen'  8  2 1971   3643.    3.1    9.7   0.80    1.7    0.1   -99.9
 'Wageningen'  9  2 1971   1926.    1.9    7.1   0.88    0.8    0.0   -99.9
 'Wageningen' 10  2 1971   3391.    3.8    5.5   0.71    2.8    0.0   -99.9
 'Wageningen' 11  2 1971   7243.   -1.0    7.6   0.73    2.2    0.1   -99.9
 'Wageningen' 12  2 1971   2638.   -0.5    8.0   0.77    4.4    3.8   -99.9
 'Wageningen' 13  2 1971   6406.    1.6    8.8   0.56    6.6    0.1   -99.9
 'Wageningen' 14  2 1971   7453.    1.3    6.8   0.64    4.3    0.0   -99.9
 'Wageningen' 15  2 1971   2010.    2.1    6.5   0.73    6.9   10.1   -99.9
 'Wageningen' 16  2 1971   3810.    2.6    5.2   0.73    2.8    0.8   -99.9
 'Wageningen' 17  2 1971   5862.   -3.3    5.2   0.67    2.3    4.5   -99.9
 'Wageningen' 18  2 1971   1800.    1.6    6.4   0.85    2.9    1.1   -99.9
 'Wageningen' 19  2 1971   8290.   -1.4    6.9   0.58    0.8    0.2   -99.9
 'Wageningen' 20  2 1971   3433.   -3.3    6.8   0.72    2.6    5.0   -99.9
 'Wageningen' 21  2 1971   4982.   -1.8    9.6   0.91    4.1    0.7   -99.9
 'Wageningen' 22  2 1971   6196.    3.0    8.2   0.70    4.3    0.6   -99.9
 'Wageningen' 23  2 1971   6783.    0.5    8.6   0.68    1.6    0.0   -99.9
 'Wageningen' 24  2 1971   2805.   -0.2    7.6   0.83    2.4    0.2   -99.9
 'Wageningen' 25  2 1971   3726.    2.2    7.6   0.64    4.0    0.4   -99.9
 'Wageningen' 26  2 1971   6992.    2.0    5.8   0.50    3.0    0.0   -99.9
 'Wageningen' 27  2 1971   6908.   -3.9    1.0   0.38    2.4    0.0   -99.9
 'Wageningen' 28  2 1971   7243.   -5.6    1.9   0.37    2.3    0.2   -99.9
 'Wageningen'  1  3 1971   6992.   -4.1    0.8   0.40    1.8    0.0   -99.9
 'Wageningen'  2  3 1971   3308.   -3.6   -0.7   0.52    3.3    4.0   -99.9
 'Wageningen'  3  3 1971   9797.   -6.0   -0.8   0.33    3.5    0.0   -99.9
 'Wageningen'  4  3 1971  10551.  -15.0   -2.0   0.26    1.8    0.0   -99.9
 'Wageningen'  5  3 1971   7704.  -17.6   -3.5   0.34    0.9    3.6   -99.9
 'Wageningen'  6  3 1971  11095.  -15.3   -3.7   0.24    2.2    0.0   -99.9
 'Wageningen'  7  3 1971  12016.  -18.7    0.0   0.37    0.8    0.0   -99.9
 'Wageningen'  8  3 1971   3726.  -13.3    2.3   0.56    1.9    0.5   -99.9
 'Wageningen'  9  3 1971   4019.   -1.9    5.7   0.81    1.7    0.7   -99.9
 'Wageningen' 10  3 1971   8625.   -2.4    5.5   0.48    3.9    1.4   -99.9
 'Wageningen' 11  3 1971  10090.    0.2    5.6   0.47    3.0    5.6   -99.9
 'Wageningen' 12  3 1971   5401.   -0.3    9.2   0.85    2.8    0.1   -99.9
 'Wageningen' 13  3 1971   5401.    0.6    8.4   0.84    3.0    0.0   -99.9
 'Wageningen' 14  3 1971   7159.    2.1   10.9   0.80    3.3    1.1   -99.9
 'Wageningen' 15  3 1971   7787.    2.4    9.8   0.58    5.2    0.0   -99.9
 'Wageningen' 16  3 1971   9839.   -0.2   10.0   0.70    3.4    5.6   -99.9
 'Wageningen' 17  3 1971  10383.    2.9    9.5   0.63    4.0    3.6   -99.9
 'Wageningen' 18  3 1971   5820.    4.5   13.0   0.95    5.2    1.1   -99.9
 'Wageningen' 19  3 1971   7201.    6.9   11.2   0.70    4.4    5.0   -99.9
 'Wageningen' 20  3 1971   5108.    5.0    9.3   0.99    2.9    0.1   -99.9
 'Wageningen' 21  3 1971   3224.    3.4   10.5   0.90    2.8    0.7   -99.9
 'Wageningen' 22  3 1971   3014.    4.6    5.4   0.65    5.0    0.0   -99.9
 'Wageningen' 23  3 1971  10969.   -3.5    8.0   0.50    2.1    1.1   -99.9
 'Wageningen' 24  3 1971   1633.    2.0    8.7   0.95    4.4    2.6   -99.9
 'Wageningen' 25  3 1971   5234.    4.3    9.2   0.85    5.3    1.3   -99.9
 'Wageningen' 26  3 1971   8332.    2.3    7.6   0.76    2.4    0.8   -99.9
 'Wageningen' 27  3 1971  10216.   -2.6    7.6   0.65    1.9    0.5   -99.9
 'Wageningen' 28  3 1971  10760.   -1.4    7.7   0.55    0.9    0.0   -99.9
 'Wageningen' 29  3 1971  15533.   -2.5   10.9   0.47    2.5    0.0   -99.9
 'Wageningen' 30  3 1971  14821.    0.6    9.0   0.62    3.7    0.0   -99.9
 'Wageningen' 31  3 1971   4396.    1.2    7.5   0.71    2.0    0.0   -99.9
 'Wageningen'  1  4 1971   8667.    2.5    9.5   0.64    1.0    0.0   -99.9
 'Wageningen'  2  4 1971  15240.   -0.9   16.6   0.52    2.1    0.0   -99.9
 'Wageningen'  3  4 1971   4396.    4.2    9.1   0.94    3.2    0.0   -99.9
 'Wageningen'  4  4 1971  12560.    5.7   14.8   0.96    1.8    0.0   -99.9
 'Wageningen'  5  4 1971   7411.    1.6   11.5   1.07    1.5    0.0   -99.9
 'Wageningen'  6  4 1971   3098.    4.6    8.5   0.96    1.1    0.0   -99.9
 'Wageningen'  7  4 1971  11765.    5.5   10.8   0.83    1.4    0.0   -99.9
 'Wageningen'  8  4 1971  13314.    0.6   13.0   0.98    2.7    0.0   -99.9
 'Wageningen'  9  4 1971  17208.    2.6   14.4   0.92    3.4    0.0   -99.9
 'Wageningen' 10  4 1971  20683.    3.8   13.1   0.49    4.1    0.0   -99.9
 'Wageningen' 11  4 1971  10467.    3.2   10.2   0.79    2.7    0.0   -99.9
 'Wageningen' 12  4 1971  19008.   -2.0   14.4   0.84    2.3    0.0   -99.9
 'Wageningen' 13  4 1971  14277.    4.4   12.1   0.91    2.8    0.0   -99.9
 'Wageningen' 14  4 1971  20222.    3.4   18.3   0.91    2.9    0.0   -99.9
 'Wageningen' 15  4 1971  20348.    6.2   21.0   0.75    2.3    0.0   -99.9
 'Wageningen' 16  4 1971   2512.    4.5    9.3   0.98    4.0    4.3   -99.9
 'Wageningen' 17  4 1971  15994.    3.2    8.5   0.52    3.7    0.2   -99.9
 'Wageningen' 18  4 1971  21353.    2.6   13.9   0.79    3.6    0.0   -99.9
 'Wageningen' 19  4 1971  13188.    2.2   14.5   0.79    1.8    0.0   -99.9
 'Wageningen' 20  4 1971   9378.    4.7   14.8   1.03    1.1    0.0   -99.9
 'Wageningen' 21  4 1971  20850.    2.5   18.0   0.90    2.5    0.0   -99.9
 'Wageningen' 22  4 1971  14444.    8.5   22.1   1.22    4.0    0.0   -99.9
 'Wageningen' 23  4 1971  10718.   11.7   24.4   1.13    4.4    3.3   -99.9
 'Wageningen' 24  4 1971   2386.   11.9   11.9   1.13    3.0    6.8   -99.9
 'Wageningen' 25  4 1971  13858.    3.7    8.9   0.50    2.9    0.0   -99.9
 'Wageningen' 26  4 1971  16747.   -3.7    9.2   0.42    2.6    5.0   -99.9
 'Wageningen' 27  4 1971  19259.    2.0   10.1   0.45    2.4    0.0   -99.9
 'Wageningen' 28  4 1971  16580.   -2.4   10.1   0.56    1.6    0.0   -99.9
 'Wageningen' 29  4 1971  21771.    0.0   11.3   0.56    3.1    0.0   -99.9
 'Wageningen' 30  4 1971  25414.   -5.6   11.9   0.55    2.1    0.0   -99.9
 'Wageningen'  1  5 1971  23320.    0.5   13.7   0.49    3.4    0.0   -99.9
 'Wageningen'  2  5 1971  25833.    1.7   14.7   0.55    3.0    0.0   -99.9
 'Wageningen'  3  5 1971  25372.   -2.0   17.3   0.50    2.0    0.0   -99.9
 'Wageningen'  4  5 1971  21688.    0.4   18.6   0.73    1.1    0.0   -99.9
 'Wageningen'  5  5 1971  22399.    2.0   20.1   0.77    2.3    0.0   -99.9
 'Wageningen'  6  5 1971  21855.    8.9   20.9   0.83    3.2    0.0   -99.9
 'Wageningen'  7  5 1971  19176.   11.2   24.2   0.91    4.4    0.0   -99.9
 'Wageningen'  8  5 1971  14403.   12.8   21.7   1.37    1.3    0.0   -99.9
 'Wageningen'  9  5 1971   8834.   10.4   17.0   1.35    1.6    7.2   -99.9
 'Wageningen' 10  5 1971  23572.    4.7   22.1   1.26    1.1    0.0   -99.9
 'Wageningen' 11  5 1971  25288.    7.1   24.1   1.15    2.0    0.0   -99.9
 'Wageningen' 12  5 1971  21604.    9.2   27.0   1.19    1.4    0.0   -99.9
 'Wageningen' 13  5 1971  20432.   10.2   22.0   1.50    2.3    3.5   -99.9
 'Wageningen' 14  5 1971   6238.   10.7   17.2   1.49    1.3    2.9   -99.9
 'Wageningen' 15  5 1971  23320.   10.0   20.8   1.32    1.6    7.5   -99.9
 'Wageningen' 16  5 1971  14277.   12.5   21.2   1.56    2.2   22.8   -99.9
 'Wageningen' 17  5 1971  11430.   12.0   21.3   1.50    1.9    5.4   -99.9
 'Wageningen' 18  5 1971  20599.   11.0   19.2   1.15    1.7    0.0   -99.9
 'Wageningen' 19  5 1971  16747.    9.6   20.3   1.47    1.7    0.0   -99.9
 'Wageningen' 20  5 1971  22902.    6.5   19.7   1.07    2.0    0.0   -99.9
 'Wageningen' 21  5 1971  28596.    2.4   19.2   0.95    2.0    0.0   -99.9
 'Wageningen' 22  5 1971   6406.    9.2   18.8   1.66    2.1    5.5   -99.9
 'Wageningen' 23  5 1971  19971.   11.0   22.4   1.54    2.7    4.8   -99.9
 'Wageningen' 24  5 1971   7662.   10.5   15.7   1.20    2.0    0.0   -99.9
 'Wageningen' 25  5 1971   7578.    7.5   13.5   1.03    1.5    0.0   -99.9
 'Wageningen' 26  5 1971  13147.    9.6   17.6   1.19    0.9    0.0   -99.9
 'Wageningen' 27  5 1971  21227.    9.6   20.9   1.02    1.8    7.7   -99.9
 'Wageningen' 28  5 1971   9127.   10.8   15.4   1.26    1.3    0.7   -99.9
 'Wageningen' 29  5 1971  23823.    7.2   17.0   0.88    1.6    0.0   -99.9
 'Wageningen' 30  5 1971  26461.    9.1   20.5   0.91    2.0    0.0   -99.9
 'Wageningen' 31  5 1971  19887.    9.1   22.5   1.13    1.1    0.0   -99.9
 'Wageningen'  1  6 1971  27926.    6.4   23.1   1.06    2.0    0.0   -99.9
 'Wageningen'  2  6 1971  24325.   11.6   27.1   1.46    2.5    0.0   -99.9
 'Wageningen'  3  6 1971  23990.   12.4   28.0   1.15    2.6    0.0   -99.9
 'Wageningen'  4  6 1971  24451.   12.0   26.8   1.18    1.9    0.0   -99.9
 'Wageningen'  5  6 1971  23069.   10.3   21.0   1.54    3.0    0.0   -99.9
 'Wageningen'  6  6 1971  10718.   10.2   17.9   1.34    1.8    0.0   -99.9
 'Wageningen'  7  6 1971  11262.    9.9   17.4   1.37    2.5    0.0   -99.9
 'Wageningen'  8  6 1971  15240.   10.3   18.1   1.11    2.1    0.0   -99.9
 'Wageningen'  9  6 1971  13816.   10.2   19.8   1.10    1.3    0.0   -99.9
 'Wageningen' 10  6 1971  10844.   11.5   20.9   0.75    1.9    9.4   -99.9
 'Wageningen' 11  6 1971  20055.   11.1   21.4   1.20    2.0    0.0   -99.9
 'Wageningen' 12  6 1971  12686.   11.1   17.5   1.34    1.7    0.8   -99.9
 'Wageningen' 13  6 1971  10090.    8.5   17.9   1.27    1.8    1.0   -99.9
 'Wageningen' 14  6 1971  10802.    2.5   18.4   1.29    2.4   17.2   -99.9
 'Wageningen' 15  6 1971   2931.    9.5   12.0   1.16    2.8    2.8   -99.9
 'Wageningen' 16  6 1971  13942.    6.2   15.6   1.00    3.0   11.6   -99.9
 'Wageningen' 17  6 1971  13314.    9.1   14.8   1.06    2.8    3.6   -99.9
 'Wageningen' 18  6 1971  13230.    7.3   15.0   0.71    1.8   13.0   -99.9
 'Wageningen' 19  6 1971   6699.    9.0   15.0   1.29    3.2    6.2   -99.9
 'Wageningen' 20  6 1971   4229.    9.2   15.5   1.57    4.2    7.1   -99.9
 'Wageningen' 21  6 1971  17878.   10.9   18.0   1.10    3.4    2.6   -99.9
 'Wageningen' 22  6 1971  16789.   10.6   16.5   0.96    5.1    0.0   -99.9
 'Wageningen' 23  6 1971  21311.    8.3   18.8   0.96    1.7    0.0   -99.9
 'Wageningen' 24  6 1971  22567.    8.4   21.3   1.13    0.7    0.0   -99.9
 'Wageningen' 25  6 1971  18003.   11.4   21.0   1.39    1.8    0.0   -99.9
 'Wageningen' 26  6 1971  11430.   14.0   21.4   1.39    2.6    1.7   -99.9
 'Wageningen' 27  6 1971  16119.   12.9   18.0   1.13    3.2    9.6   -99.9
 'Wageningen' 28  6 1971   7662.    8.7   15.4   1.31    2.8   11.5   -99.9
 'Wageningen' 29  6 1971  24367.    8.3   18.1   0.91    2.9    1.2   -99.9
 'Wageningen' 30  6 1971  23572.   10.9   18.3   0.91    2.4    0.0   -99.9
 'Wageningen'  1  7 1971  24577.    3.5   20.6   1.00    0.8    0.0   -99.9
 'Wageningen'  2  7 1971  10509.   12.4   20.7   1.56    0.6    0.0   -99.9
 'Wageningen'  3  7 1971  22609.    8.2   23.3   1.53    1.3    0.0   -99.9
 'Wageningen'  4  7 1971  25707.    8.2   25.8   1.53    1.4    0.0   -99.9
 'Wageningen'  5  7 1971  19971.   12.0   27.6   1.46    1.0    0.0   -99.9
 'Wageningen'  6  7 1971  19469.   11.0   27.2   1.49    1.6    0.0   -99.9
 'Wageningen'  7  7 1971  26377.   11.0   26.5   1.80    2.2    0.0   -99.9
 'Wageningen'  8  7 1971  25916.   15.2   28.8   1.53    2.0    0.0   -99.9
 'Wageningen'  9  7 1971  23697.   13.2   30.2   1.88    1.0    0.0   -99.9
 'Wageningen' 10  7 1971  23739.   15.4   26.0   1.98    1.9    0.0   -99.9
 'Wageningen' 11  7 1971  23990.   13.8   27.5   1.42    1.2    0.0   -99.9
 'Wageningen' 12  7 1971  18087.   12.2   23.3   1.66    2.0    0.0   -99.9
 'Wageningen' 13  7 1971  25707.    5.3   19.7   1.03    1.9    0.0   -99.9
 'Wageningen' 14  7 1971  13147.   11.2   20.0   1.35    1.9    0.0   -99.9
 'Wageningen' 15  7 1971  21436.   12.9   22.3   1.23    3.2    0.0   -99.9
 'Wageningen' 16  7 1971  19469.   11.2   18.2   0.98    2.7    0.0   -99.9
 'Wageningen' 17  7 1971  14068.    5.7   16.6   0.96    1.6    0.4   -99.9
 'Wageningen' 18  7 1971  11597.    3.1   17.3   1.25    1.0    0.0   -99.9
 'Wageningen' 19  7 1971  20599.    3.0   19.3   0.88    0.8    0.5   -99.9
 'Wageningen' 20  7 1971  10969.    7.5   18.7   1.34    0.6    7.8   -99.9
 'Wageningen' 21  7 1971   6322.   12.1   18.0   1.53    0.8    2.5   -99.9
 'Wageningen' 22  7 1971  20683.   10.5   24.3   1.42    1.5    3.9   -99.9
 'Wageningen' 23  7 1971  16580.   14.0   24.7   1.66    1.4    2.2   -99.9
 'Wageningen' 24  7 1971  17459.   16.5   25.0   1.80    2.7    0.0   -99.9
 'Wageningen' 25  7 1971  10718.   17.4   23.1   1.77    1.6    7.3   -99.9
 'Wageningen' 26  7 1971  15407.   12.9   25.2   1.84    1.7    0.0   -99.9
 'Wageningen' 27  7 1971   9923.   11.8   24.6   1.96    0.7    1.6   -99.9
 'Wageningen' 28  7 1971   6783.   17.5   20.8   1.73    2.5    3.0   -99.9
 'Wageningen' 29  7 1971   4564.   15.0   17.6   1.61    3.3    2.4   -99.9
 'Wageningen' 30  7 1971  21855.   14.1   24.4   1.56    1.0    0.0   -99.9
 'Wageningen' 31  7 1971  20683.   14.6   24.1   1.59    3.1    0.0   -99.9
 'Wageningen'  1  8 1971  24325.   11.0   25.0   1.25    1.2    0.0   -99.9
 'Wageningen'  2  8 1971  20850.   14.2   23.0   1.20    1.9    0.0   -99.9
 'Wageningen'  3  8 1971  18003.   14.3   26.5   1.77    2.7    4.6   -99.9
 'Wageningen'  4  8 1971  13063.   14.7   22.0   1.38    4.1    0.0   -99.9
 'Wageningen'  5  8 1971  14528.   15.3   23.2   1.58    3.0   13.5   -99.9
 'Wageningen'  6  8 1971  18087.   14.3   23.8   1.32    1.9    1.1   -99.9
 'Wageningen'  7  8 1971   9253.   15.7   21.1   1.63    2.3    2.9   -99.9
 'Wageningen'  8  8 1971  16496.   12.2   19.1   1.22    2.1    0.0   -99.9
 'Wageningen'  9  8 1971   8960.   10.2   21.3   1.71    2.5    0.0   -99.9
 'Wageningen' 10  8 1971  12812.   15.8   24.5   1.81    1.4    0.6   -99.9
 'Wageningen' 11  8 1971   4857.   14.4   16.1   1.38    4.2    0.7   -99.9
 'Wageningen' 12  8 1971   8332.   12.2   18.0   1.40    1.9    2.1   -99.9
 'Wageningen' 13  8 1971   7997.   14.8   19.7   1.75    2.8    1.5   -99.9
 'Wageningen' 14  8 1971  10718.   13.9   23.0   1.75    2.8    4.1   -99.9
 'Wageningen' 15  8 1971   8625.   13.6   18.0   1.63    2.9    1.2   -99.9
 'Wageningen' 16  8 1971  20725.    9.0   18.9   1.00    1.1    0.0   -99.9
 'Wageningen' 17  8 1971  22316.    3.2   21.7   1.10    1.4    0.0   -99.9
 'Wageningen' 18  8 1971  19176.    8.4   27.5   1.29    1.8    1.0   -99.9
 'Wageningen' 19  8 1971  20432.   16.5   29.1   1.93    2.0    1.0   -99.9
 'Wageningen' 20  8 1971  12560.   16.8   24.9   1.81    1.7   10.5   -99.9
 'Wageningen' 21  8 1971  14319.   15.9   23.0   1.66    1.5    0.0   -99.9
 'Wageningen' 22  8 1971  12602.   10.1   23.7   1.75    1.2    5.4   -99.9
 'Wageningen' 23  8 1971   4689.   13.7   18.8   1.86    0.9    3.9   -99.9
 'Wageningen' 24  8 1971  21813.   12.2   21.2   1.06    2.5    0.0   -99.9
 'Wageningen' 25  8 1971  20683.    7.5   21.5   1.10    2.0    0.0   -99.9
 'Wageningen' 26  8 1971  14444.    5.7   21.7   1.13    1.7    2.8   -99.9
 'Wageningen' 27  8 1971   6071.   14.5   19.0   1.72    3.1    3.8   -99.9
 'Wageningen' 28  8 1971   6908.   11.1   19.4   1.58    4.2    0.0   -99.9
 'Wageningen' 29  8 1971   6155.   15.8   19.6   1.45    3.0    1.3   -99.9
 'Wageningen' 30  8 1971  16496.   14.6   20.4   1.15    2.7    3.0   -99.9
 'Wageningen' 31  8 1971  15031.   11.5   19.2   1.20    2.9    0.0   -99.9
 'Wageningen'  1  9 1971   8039.   11.2   19.8   1.34    3.8    0.4   -99.9
 'Wageningen'  2  9 1971  17375.   10.6   19.8   1.02    2.2    0.0   -99.9
 'Wageningen'  3  9 1971  12267.   11.9   21.7   1.53    2.1    0.0   -99.9
 'Wageningen'  4  9 1971  11179.   11.5   21.6   1.62    1.9    0.0   -99.9
 'Wageningen'  5  9 1971  19134.    4.2   19.5   1.00    0.7    0.0   -99.9
 'Wageningen'  6  9 1971  15114.    5.5   20.6   1.15    1.1    0.0   -99.9
 'Wageningen'  7  9 1971  19343.    3.6   22.0   0.77    1.9    0.0   -99.9
 'Wageningen'  8  9 1971  18213.    5.2   22.8   0.99    2.4    0.0   -99.9
 'Wageningen'  9  9 1971  14696.   10.1   19.0   0.81    1.9    0.0   -99.9
 'Wageningen' 10  9 1971   8499.    7.4   18.6   1.15    0.9    0.3   -99.9
 'Wageningen' 11  9 1971  14486.    9.8   18.3   0.96    1.0    0.0   -99.9
 'Wageningen' 12  9 1971   6322.    3.0   17.3   1.27    1.2    0.0   -99.9
 'Wageningen' 13  9 1971  11974.   12.5   16.8   1.00    1.2    0.0   -99.9
 'Wageningen' 14  9 1971   5527.    7.2   14.0   1.16    0.7    1.1   -99.9
 'Wageningen' 15  9 1971  15826.   -0.2   16.2   0.64    0.8    0.0   -99.9
 'Wageningen' 16  9 1971  17291.   -1.7   17.0   0.68    0.6    0.0   -99.9
 'Wageningen' 17  9 1971  15072.   -0.2   17.8   0.76    0.8    0.0   -99.9
 'Wageningen' 18  9 1971  10174.    7.1   18.8   1.00    1.5    0.1   -99.9
 'Wageningen' 19  9 1971  11932.    4.3   20.3   1.26    0.7    0.1   -99.9
 'Wageningen' 20  9 1971  14403.    3.1   22.6   1.07    0.4    0.1   -99.9
 'Wageningen' 21  9 1971  13188.    3.6   22.7   1.10    0.5    0.0   -99.9
 'Wageningen' 22  9 1971  12686.    2.5   24.3   1.19    1.3    0.0   -99.9
 'Wageningen' 23  9 1971  10509.   12.4   23.0   1.59    1.9    1.0   -99.9
 'Wageningen' 24  9 1971   4187.   14.3   16.5   1.43    1.8    3.1   -99.9
 'Wageningen' 25  9 1971   3014.    9.9   14.9   1.27    1.5    6.7   -99.9
 'Wageningen' 26  9 1971  11262.    0.2   15.8   1.11    1.8    0.0   -99.9
 'Wageningen' 27  9 1971   4605.   11.1   16.6   1.53    1.9    5.7   -99.9
 'Wageningen' 28  9 1971   8415.   10.0   15.5   1.15    1.1    0.1   -99.9
 'Wageningen' 29  9 1971   9839.    3.2   16.4   1.18    0.7    0.1   -99.9
 'Wageningen' 30  9 1971   5150.    7.2   17.0   1.68    1.5    0.0   -99.9
 'Wageningen'  1 10 1971   9588.   10.3   20.9   1.67    0.9    0.0   -99.9
 'Wageningen'  2 10 1971  10928.    6.3   23.5   1.53    0.5    0.1   -99.9
 'Wageningen'  3 10 1971  10006.    4.3   22.0   1.47    0.3    0.0   -99.9
 'Wageningen'  4 10 1971   7955.    9.4   16.7   0.96    1.9    0.0   -99.9
 'Wageningen'  5 10 1971  12519.   -2.0   13.5   0.57    1.5    0.0   -99.9
 'Wageningen'  6 10 1971  12100.   -1.7   15.2   0.63    1.6    0.1   -99.9
 'Wageningen'  7 10 1971  11932.    2.1   18.2   0.91    1.7    0.0   -99.9
 'Wageningen'  8 10 1971   5694.    6.2   16.0   1.15    1.9    0.0   -99.9
 'Wageningen'  9 10 1971   5778.    8.1   16.3   1.37    1.9    0.0   -99.9
 'Wageningen' 10 10 1971   5945.   12.0   17.6   1.32    2.7    0.0   -99.9
 'Wageningen' 11 10 1971   8792.   12.2   19.9   1.13    3.3    0.0   -99.9
 'Wageningen' 12 10 1971   9043.   10.5   19.5   1.32    2.0    0.1   -99.9
 'Wageningen' 13 10 1971   1130.   10.9   10.9   1.07    2.1    2.7   -99.9
 'Wageningen' 14 10 1971   7536.    5.1   10.2   0.53    2.4    0.1   -99.9
 'Wageningen' 15 10 1971  11095.   -5.0   10.0   0.44    1.6    0.0   -99.9
 'Wageningen' 16 10 1971   8206.    0.2   11.2   0.55    3.3    0.0   -99.9
 'Wageningen' 17 10 1971   3182.    4.2   11.2   0.75    3.9    1.0   -99.9
 'Wageningen' 18 10 1971   3475.    5.5   15.8   1.35    5.7   13.2   -99.9
 'Wageningen' 19 10 1971   4564.   11.2   18.3   1.35    6.3    3.9   -99.9
 'Wageningen' 20 10 1971   5820.    9.1   14.0   1.02    4.7    1.7   -99.9
 'Wageningen' 21 10 1971   6280.    8.0   14.7   1.10    3.7    0.0   -99.9
 'Wageningen' 22 10 1971   5610.   10.7   18.2   1.45    5.7    0.1   -99.9
 'Wageningen' 23 10 1971   2010.   12.2   13.7   1.40    2.1    0.2   -99.9
 'Wageningen' 24 10 1971   8415.    5.4   19.5   1.13    1.7    0.1   -99.9
 'Wageningen' 25 10 1971   4815.    5.9   14.2   1.20    1.2    0.0   -99.9
 'Wageningen' 26 10 1971   7578.    5.0   12.1   0.72    2.1    0.0   -99.9
 'Wageningen' 27 10 1971   8918.    2.4   13.3   0.45    2.8    0.0   -99.9
 'Wageningen' 28 10 1971   7787.    3.3   11.9   0.61    2.7    0.0   -99.9
 'Wageningen' 29 10 1971   7787.    3.3   13.0   0.58    3.2    0.0   -99.9
 'Wageningen' 30 10 1971   6113.    0.4   10.2   0.77    1.7    0.0   -99.9
 'Wageningen' 31 10 1971   1842.    1.1   10.5   1.16    1.8    0.0   -99.9
 'Wageningen'  1 11 1971   2093.    6.7   11.0   1.20    2.1    0.0   -99.9
 'Wageningen'  2 11 1971   2303.    8.6   12.3   1.23    3.1    0.0   -99.9
 'Wageningen'  3 11 1971    963.    9.3   11.1   1.20    3.2    0.0   -99.9
 'Wageningen'  4 11 1971   1758.    6.2   12.0   1.08    3.6    0.0   -99.9
 'Wageningen'  5 11 1971   6322.    3.6   14.4   0.90    4.3    1.0   -99.9
 'Wageningen'  6 11 1971   4522.    4.6   11.2   0.88    3.4    0.0   -99.9
 'Wageningen'  7 11 1971   5317.    1.8    9.7   0.62    3.8    8.6   -99.9
 'Wageningen'  8 11 1971   4731.    5.3   10.3   0.71    4.7    0.0   -99.9
 'Wageningen'  9 11 1971   5192.    3.6    9.8   0.58    3.1    0.0   -99.9
 'Wageningen' 10 11 1971   6615.   -5.6    6.2   0.26    1.5    0.0   -99.9
 'Wageningen' 11 11 1971   6908.   -4.7    6.3   0.32    1.9    0.0   -99.9
 'Wageningen' 12 11 1971   1549.   -6.8    4.9   0.72    0.8    0.3   -99.9
 'Wageningen' 13 11 1971    879.    1.5    7.2   0.87    2.3    0.8   -99.9
 'Wageningen' 14 11 1971   3433.   -0.3   10.2   0.90    1.3    0.3   -99.9
 'Wageningen' 15 11 1971   2512.    3.5   10.0   0.85    2.7    0.4   -99.9
 'Wageningen' 16 11 1971   1047.    7.5   11.0   1.03    5.3    2.0   -99.9
 'Wageningen' 17 11 1971   2847.    4.7   11.0   0.60    4.6    5.8   -99.9
 'Wageningen' 18 11 1971    670.    3.7    2.4   0.88    4.3   10.0   -99.9
 'Wageningen' 19 11 1971   2093.   -0.1    1.9   0.62    1.5    0.3   -99.9
 'Wageningen' 20 11 1971   3433.   -8.8    8.5   0.60    2.3    5.3   -99.9
 'Wageningen' 21 11 1971    419.   -4.0    3.2   0.92    6.9    9.4   -99.9
 'Wageningen' 22 11 1971   1717.    1.3    4.3   0.67    6.7    2.8   -99.9
 'Wageningen' 23 11 1971   3643.    0.5    2.6   0.64    2.6    0.0   -99.9
 'Wageningen' 24 11 1971   2010.    1.2    9.0   0.56    2.5    0.0   -99.9
 'Wageningen' 25 11 1971    837.   -4.7    9.0   0.73    3.7    0.9   -99.9
 'Wageningen' 26 11 1971    502.    1.0    8.5   1.08    2.6    1.5   -99.9
 'Wageningen' 27 11 1971    754.    6.8    7.2   1.03    3.0    0.0   -99.9
 'Wageningen' 28 11 1971   1256.    5.5    7.7   0.90    2.5    6.7   -99.9
 'Wageningen' 29 11 1971   1172.    5.5    7.7   0.92    1.2    1.1   -99.9
 'Wageningen' 30 11 1971    544.   -1.2    4.7   0.79    1.8    1.9   -99.9
 'Wageningen'  1 12 1971   3224.   -0.7    7.6   0.88    0.8    0.0   -99.9
 'Wageningen'  2 12 1971   2638.   -1.8    7.4   0.84    2.1    0.0   -99.9
 'Wageningen'  3 12 1971   2596.    0.1    4.8   0.72    1.2    0.0   -99.9
 'Wageningen'  4 12 1971   1382.    0.0    4.7   0.63    2.5    0.0   -99.9
 'Wageningen'  5 12 1971    461.    0.6    6.2   0.77    1.9    0.0   -99.9
 'Wageningen'  6 12 1971   1926.    3.9    7.2   0.84    0.8    0.0   -99.9
 'Wageningen'  7 12 1971   1591.    3.9    8.3   0.98    0.9    0.0   -99.9
 'Wageningen'  8 12 1971   2470.    3.4    6.7   0.55    2.5    0.7   -99.9
 'Wageningen'  9 12 1971    377.    0.5    9.3   0.85    3.4    4.4   -99.9
 'Wageningen' 10 12 1971   1298.    2.4   10.0   1.07    3.8    0.3   -99.9
 'Wageningen' 11 12 1971   1047.    7.6    9.1   0.98    3.8    0.0   -99.9
 'Wageningen' 12 12 1971    377.    7.1    7.4   0.84    3.8    0.5   -99.9
 'Wageningen' 13 12 1971    712.    6.6    8.0   0.83    4.1    0.0   -99.9
 'Wageningen' 14 12 1971   3517.    5.4    8.2   0.68    2.8    0.0   -99.9
 'Wageningen' 15 12 1971   1675.    2.7    9.3   0.96    3.3    0.0   -99.9
 'Wageningen' 16 12 1971   1005.    5.2    9.5   0.98    2.8    0.0   -99.9
 'Wageningen' 17 12 1971   2428.   -0.9    3.5   0.68    1.5    0.2   -99.9
 'Wageningen' 18 12 1971    754.   -0.7    5.0   0.68    3.0    0.2   -99.9
 'Wageningen' 19 12 1971    586.    1.0   10.0   0.91    5.3    5.1   -99.9
 'Wageningen' 20 12 1971   2470.    4.6   11.7   0.95    5.2    7.8   -99.9
 'Wageningen' 21 12 1971    921.    6.4   12.4   1.16    5.2    2.7   -99.9
 'Wageningen' 22 12 1971    377.    9.6    9.9   1.15    2.1    4.8   -99.9
 'Wageningen' 23 12 1971    670.    7.9   10.0   0.95    2.2    0.3   -99.9
 'Wageningen' 24 12 1971   2554.    3.0    8.1   0.91    2.3    0.0   -99.9
 'Wageningen' 25 12 1971   1089.    3.8    7.7   0.80    2.4    0.0   -99.9
 'Wageningen' 26 12 1971   2847.    0.6    6.4   0.71    2.6    0.7   -99.9
 'Wageningen' 27 12 1971   2093.    0.9    8.0   0.92    2.7    0.4   -99.9
 'Wageningen' 28 12 1971   3559.    1.8    4.7   0.70    2.0    0.1   -99.9
 'Wageningen' 29 12 1971   3684.   -5.0    1.0   0.55    2.2    0.0   -99.9
 'Wageningen' 30 12 1971   1298.   -4.1    2.8   0.55    4.3    0.0   -99.9
 'Wageningen' 31 12 1971   2219.    0.9    2.8   0.62    5.2    0.0   -99.9
