***************************************************************************
* File name: Wageni.983
* Contents: SWAP  3.0 - Meteo data of Wageningen weather station                
***************************************************************************     
* Comment area:                                                                 
*                                                                               
*                                                                               
***************************************************************************     
    Station   DD MM YYYY     RAD   Tmin   Tmax    HUM   WIND   RAIN   ETref     
*             nr nr   nr   kJ/m2      C      C    kPa    m/s     mm      mm     
 'Wageningen'  1  1 1983   2830.   -1.9    2.4   0.59    4.2    1.5   -99.9
 'Wageningen'  2  1 1983    900.    2.4    4.4   0.76    3.7    0.1   -99.9
 'Wageningen'  3  1 1983    150.    2.8   10.9   1.05    5.7   18.6   -99.9
 'Wageningen'  4  1 1983    860.    3.3   11.8   0.94    7.0   10.7   -99.9
 'Wageningen'  5  1 1983    780.    4.9   12.9   1.11    6.2    2.4   -99.9
 'Wageningen'  6  1 1983    850.    5.0   13.0   0.95    6.6    2.2   -99.9
 'Wageningen'  7  1 1983   2900.    3.0    7.6   0.75    5.9    0.1   -99.9
 'Wageningen'  8  1 1983   2810.    2.0    7.6   0.75    3.8    0.1   -99.9
 'Wageningen'  9  1 1983    470.    2.9    8.4   0.81    5.2    4.7   -99.9
 'Wageningen' 10  1 1983   2060.    3.1    9.4   0.94    4.4    0.0   -99.9
 'Wageningen' 11  1 1983   1540.    6.6    9.5   0.97    3.4    0.0   -99.9
 'Wageningen' 12  1 1983    600.    3.7    7.1   0.77    4.8    0.0   -99.9
 'Wageningen' 13  1 1983    380.    0.9    6.7   0.70    5.4    3.4   -99.9
 'Wageningen' 14  1 1983    300.    0.6    6.5   0.67    6.0    6.9   -99.9
 'Wageningen' 15  1 1983   1030.    4.0    9.5   0.86    6.7    3.3   -99.9
 'Wageningen' 16  1 1983   2520.    7.2    9.4   0.89    6.2    0.1   -99.9
 'Wageningen' 17  1 1983    270.    6.5    8.6   0.87    7.2    0.0   -99.9
 'Wageningen' 18  1 1983   3690.    0.8    8.4   0.62    8.5    1.4   -99.9
 'Wageningen' 19  1 1983   2630.   -0.1    5.0   0.59    4.9    3.0   -99.9
 'Wageningen' 20  1 1983   2100.   -0.8    4.6   0.61    3.6    0.0   -99.9
 'Wageningen' 21  1 1983   1060.    4.4    7.0   0.77    5.4    0.0   -99.9
 'Wageningen' 22  1 1983    970.    3.9    6.1   0.71    2.8    0.0   -99.9
 'Wageningen' 23  1 1983   4210.    0.1    5.1   0.60    2.0    0.0   -99.9
 'Wageningen' 24  1 1983   4050.   -1.4    5.2   0.57    2.8    0.0   -99.9
 'Wageningen' 25  1 1983    280.    3.6    8.5   0.91    3.3    3.3   -99.9
 'Wageningen' 26  1 1983   2090.    6.5   11.0   1.07    4.3    0.4   -99.9
 'Wageningen' 27  1 1983    500.    9.0   12.4   1.04    6.6    0.5   -99.9
 'Wageningen' 28  1 1983    700.    7.6   10.0   1.00    7.0    3.2   -99.9
 'Wageningen' 29  1 1983   3560.    4.2   10.4   0.84    6.5    0.2   -99.9
 'Wageningen' 30  1 1983   2330.    0.4    8.0   0.72    5.3    4.3   -99.9
 'Wageningen' 31  1 1983   2620.    0.9   10.3   0.71    5.4   11.3   -99.9
 'Wageningen'  1  2 1983   3480.    2.1   10.7   0.78   10.7    7.1   -99.9
 'Wageningen'  2  2 1983   4390.    0.2    6.2   0.59    5.4    4.7   -99.9
 'Wageningen'  3  2 1983   3340.   -1.2    3.9   0.61    3.5    3.3   -99.9
 'Wageningen'  4  2 1983   4700.   -1.6    5.0   0.58    2.4    0.0   -99.9
 'Wageningen'  5  2 1983   3230.    0.4    5.7   0.62    5.4   10.8   -99.9
 'Wageningen'  6  2 1983   1580.    1.0    3.5   0.67    2.3    1.6   -99.9
 'Wageningen'  7  2 1983   1520.    0.3    1.3   0.59    3.2    0.5   -99.9
 'Wageningen'  8  2 1983   2730.   -1.8    0.8   0.50    3.5    0.1   -99.9
 'Wageningen'  9  2 1983   2400.   -3.0   -0.3   0.46    2.2    0.2   -99.9
 'Wageningen' 10  2 1983   1430.   -4.9   -1.4   0.46    1.8    0.0   -99.9
 'Wageningen' 11  2 1983   4200.   -4.7    0.0   0.40    2.8    0.0   -99.9
 'Wageningen' 12  2 1983   4390.   -5.6    0.0   0.36    2.5    0.0   -99.9
 'Wageningen' 13  2 1983   7480.   -6.3   -0.8   0.29    2.9    0.0   -99.9
 'Wageningen' 14  2 1983   8080.   -7.0    0.2   0.31    4.1    0.0   -99.9
 'Wageningen' 15  2 1983   6650.   -3.8    2.0   0.33    4.0    0.0   -99.9
 'Wageningen' 16  2 1983   7960.   -6.4    1.6   0.26    3.3    0.0   -99.9
 'Wageningen' 17  2 1983   7680.   -3.5    2.6   0.36    3.3    0.0   -99.9
 'Wageningen' 18  2 1983   8300.   -6.3    2.6   0.41    2.1    0.0   -99.9
 'Wageningen' 19  2 1983   3240.   -1.4    2.2   0.44    1.3    0.0   -99.9
 'Wageningen' 20  2 1983   4970.   -1.5    4.6   0.48    1.5    0.0   -99.9
 'Wageningen' 21  2 1983   9120.   -2.6    3.3   0.33    2.4    0.0   -99.9
 'Wageningen' 22  2 1983   9520.   -4.3    2.0   0.23    3.2    0.0   -99.9
 'Wageningen' 23  2 1983   9490.   -4.9    5.2   0.20    4.5    0.0   -99.9
 'Wageningen' 24  2 1983   8680.   -2.4    7.8   0.41    3.2    0.0   -99.9
 'Wageningen' 25  2 1983   4310.    2.5    9.9   0.64    3.1    0.3   -99.9
 'Wageningen' 26  2 1983   1580.    3.3    8.1   0.88    2.5    2.2   -99.9
 'Wageningen' 27  2 1983   1500.    4.3    7.1   0.87    3.7    5.3   -99.9
 'Wageningen' 28  2 1983   4040.    1.1    6.4   0.72    4.2    1.6   -99.9
 'Wageningen'  1  3 1983   3770.   -0.5    6.5   0.68    1.5    0.7   -99.9
 'Wageningen'  2  3 1983   8900.   -0.5    8.2   0.66    1.9    2.3   -99.9
 'Wageningen'  3  3 1983   9960.    0.1    7.8   0.64    2.6    0.0   -99.9
 'Wageningen'  4  3 1983   8190.    0.7    9.5   0.67    2.2    0.0   -99.9
 'Wageningen'  5  3 1983   9070.   -1.4   10.6   0.74    4.1    0.0   -99.9
 'Wageningen'  6  3 1983   2710.    5.1    9.5   0.87    4.8    0.0   -99.9
 'Wageningen'  7  3 1983   5260.    5.9   11.2   0.89    3.8    0.0   -99.9
 'Wageningen'  8  3 1983   9360.    2.0   11.2   0.80    3.3    0.0   -99.9
 'Wageningen'  9  3 1983   2370.    1.9    6.8   0.75    2.9    0.0   -99.9
 'Wageningen' 10  3 1983   5210.    2.1    9.7   0.83    4.3    0.0   -99.9
 'Wageningen' 11  3 1983   8880.   -1.5    8.0   0.66    3.2    0.0   -99.9
 'Wageningen' 12  3 1983  12230.   -3.9    9.1   0.48    2.8    0.0   -99.9
 'Wageningen' 13  3 1983  11330.    0.8   12.4   0.55    3.4    0.0   -99.9
 'Wageningen' 14  3 1983   6100.    6.3   13.6   0.95    3.6    4.3   -99.9
 'Wageningen' 15  3 1983   5170.    0.5    9.7   0.81    1.2    0.1   -99.9
 'Wageningen' 16  3 1983   8810.    0.5   10.0   0.74    1.8    0.0   -99.9
 'Wageningen' 17  3 1983   1500.    5.2   10.1   1.04    3.4    3.2   -99.9
 'Wageningen' 18  3 1983   2740.    8.7   11.6   1.16    3.6    1.1   -99.9
 'Wageningen' 19  3 1983   2350.    6.5   10.4   1.08    4.4    5.2   -99.9
 'Wageningen' 20  3 1983   3590.    5.8   10.1   0.92    3.7    3.7   -99.9
 'Wageningen' 21  3 1983   5790.    2.3    8.5   0.74    5.0    4.6   -99.9
 'Wageningen' 22  3 1983   5000.    2.1    6.6   0.61    8.0    1.6   -99.9
 'Wageningen' 23  3 1983   5870.    1.3    9.1   0.82    5.6   11.3   -99.9
 'Wageningen' 24  3 1983   5220.    0.3    7.8   0.73    5.7    0.2   -99.9
 'Wageningen' 25  3 1983   8600.    0.3    6.8   0.62    5.6   11.5   -99.9
 'Wageningen' 26  3 1983  11520.    0.7    7.3   0.65    4.5    1.8   -99.9
 'Wageningen' 27  3 1983   9850.    0.7    7.3   0.63    3.5    4.8   -99.9
 'Wageningen' 28  3 1983   9140.   -1.8    6.7   0.62    1.9    0.7   -99.9
 'Wageningen' 29  3 1983   9470.   -1.4    8.7   0.67    3.3    1.3   -99.9
 'Wageningen' 30  3 1983   8090.    3.6    9.4   0.75    4.7    5.0   -99.9
 'Wageningen' 31  3 1983   6810.    3.8    9.8   0.81    3.2    3.5   -99.9
 'Wageningen'  1  4 1983   8790.    4.5   13.2   0.85    2.7    2.4   -99.9
 'Wageningen'  2  4 1983   7140.    0.6    8.3   0.79    3.6    0.0   -99.9
 'Wageningen'  3  4 1983  11110.   -1.0    7.9   0.64    1.6    0.4   -99.9
 'Wageningen'  4  4 1983   7290.   -0.8    6.7   0.66    3.7    0.7   -99.9
 'Wageningen'  5  4 1983   8760.    1.4    8.2   0.75    3.7    6.1   -99.9
 'Wageningen'  6  4 1983  11970.    2.5    9.2   0.74    5.4    3.1   -99.9
 'Wageningen'  7  4 1983  13640.    3.0   10.1   0.74    4.1    1.0   -99.9
 'Wageningen'  8  4 1983   6740.    4.1   10.0   0.82    3.9    1.9   -99.9
 'Wageningen'  9  4 1983  14780.    1.1   12.1   0.72    1.9    0.0   -99.9
 'Wageningen' 10  4 1983   5760.    3.3   14.2   1.01    2.6    5.1   -99.9
 'Wageningen' 11  4 1983   6400.    6.7   11.3   0.88    2.0    1.5   -99.9
 'Wageningen' 12  4 1983   9510.    2.5    8.1   0.75    4.7    8.6   -99.9
 'Wageningen' 13  4 1983  12030.    1.2    9.4   0.69    3.0    0.0   -99.9
 'Wageningen' 14  4 1983   9160.    5.6   10.5   0.84    3.7    0.8   -99.9
 'Wageningen' 15  4 1983  18090.    3.5   13.9   0.87    2.9    0.0   -99.9
 'Wageningen' 16  4 1983  19180.    1.2   17.6   0.93    2.9    0.0   -99.9
 'Wageningen' 17  4 1983   6240.   11.0   15.2   1.10    3.8    2.1   -99.9
 'Wageningen' 18  4 1983  14210.    9.0   20.0   1.15    2.9    0.0   -99.9
 'Wageningen' 19  4 1983   5010.    2.5   13.1   0.95    3.8    0.5   -99.9
 'Wageningen' 20  4 1983  15240.    1.7   15.5   0.85    3.1    0.0   -99.9
 'Wageningen' 21  4 1983   4330.    7.0   12.6   1.00    2.4   16.8   -99.9
 'Wageningen' 22  4 1983  16890.    5.5   13.9   0.97    2.6    0.0   -99.9
 'Wageningen' 23  4 1983  12640.    8.0   16.1   1.10    2.7    2.4   -99.9
 'Wageningen' 24  4 1983  18920.    5.2   15.8   0.99    1.7    0.0   -99.9
 'Wageningen' 25  4 1983   7460.    8.5   14.2   1.07    3.0    1.7   -99.9
 'Wageningen' 26  4 1983  11430.    6.4   14.8   1.11    1.6    0.2   -99.9
 'Wageningen' 27  4 1983   8930.    5.2   12.1   1.07    4.6   19.1   -99.9
 'Wageningen' 28  4 1983  12300.    6.4   14.7   1.05    2.5    0.4   -99.9
 'Wageningen' 29  4 1983  14610.    7.0   14.9   1.02    2.9    5.6   -99.9
 'Wageningen' 30  4 1983  21520.    5.5   17.9   0.98    2.3    0.0   -99.9
 'Wageningen'  1  5 1983   8290.    9.4   16.4   1.16    2.6   18.9   -99.9
 'Wageningen'  2  5 1983  15460.    7.3   13.4   0.92    4.3    4.0   -99.9
 'Wageningen'  3  5 1983   4070.    7.4    9.9   0.97    4.9    5.1   -99.9
 'Wageningen'  4  5 1983  12460.    1.8   12.5   0.90    1.7    0.0   -99.9
 'Wageningen'  5  5 1983  22080.   -1.2   15.2   0.85    2.2    0.0   -99.9
 'Wageningen'  6  5 1983  11330.    7.7   18.4   1.13    2.9    6.4   -99.9
 'Wageningen'  7  5 1983   7880.   10.9   15.8   1.34    1.7    2.2   -99.9
 'Wageningen'  8  5 1983  10380.    7.9   15.0   1.12    2.2    6.9   -99.9
 'Wageningen'  9  5 1983  11200.    9.0   15.2   1.09    3.5    2.5   -99.9
 'Wageningen' 10  5 1983  19780.    5.2   13.5   0.87    3.3    1.1   -99.9
 'Wageningen' 11  5 1983   9230.    6.4   11.9   0.96    3.9    4.4   -99.9
 'Wageningen' 12  5 1983   8500.    5.5   13.4   1.00    4.6    5.4   -99.9
 'Wageningen' 13  5 1983  15140.    7.9   16.0   1.05    4.1    1.2   -99.9
 'Wageningen' 14  5 1983  17730.    7.8   16.2   1.08    2.5    0.0   -99.9
 'Wageningen' 15  5 1983  10630.    6.6   16.8   1.18    2.5    3.0   -99.9
 'Wageningen' 16  5 1983   4760.    9.9   13.7   1.17    2.3    7.4   -99.9
 'Wageningen' 17  5 1983  13960.    8.6   16.0   1.14    1.9    0.0   -99.9
 'Wageningen' 18  5 1983  15580.    8.5   16.9   1.08    2.7    0.7   -99.9
 'Wageningen' 19  5 1983  16120.    8.9   15.2   1.08    2.8    1.0   -99.9
 'Wageningen' 20  5 1983  16960.    8.1   17.5   1.13    1.9    8.0   -99.9
 'Wageningen' 21  5 1983   3840.    8.6   13.4   1.25    1.8    9.5   -99.9
 'Wageningen' 22  5 1983  12810.    6.2   14.9   1.06    1.8    0.1   -99.9
 'Wageningen' 23  5 1983  20270.    5.6   16.2   0.99    1.7    0.0   -99.9
 'Wageningen' 24  5 1983   2580.    9.6   11.0   1.17    3.2    7.1   -99.9
 'Wageningen' 25  5 1983   1710.    8.8   10.5   1.13    4.0   18.7   -99.9
 'Wageningen' 26  5 1983   1870.    8.4    9.7   1.04    4.4   10.5   -99.9
 'Wageningen' 27  5 1983   7560.    6.3   10.7   0.96    3.1    0.1   -99.9
 'Wageningen' 28  5 1983   7870.    6.2   11.9   1.02    2.8    6.4   -99.9
 'Wageningen' 29  5 1983   7510.    6.8   11.8   1.05    2.0    0.9   -99.9
 'Wageningen' 30  5 1983  16860.    4.2   16.4   1.08    1.5    0.0   -99.9
 'Wageningen' 31  5 1983  24440.   11.1   22.7   1.19    2.7    0.6   -99.9
 'Wageningen'  1  6 1983  21030.   14.7   24.1   1.51    3.4    0.6   -99.9
 'Wageningen'  2  6 1983  14180.    9.9   18.6   1.35    3.1   14.3   -99.9
 'Wageningen'  3  6 1983  23650.    9.4   20.3   1.27    1.9    0.0   -99.9
 'Wageningen'  4  6 1983  19700.   12.4   25.3   1.50    3.0    0.6   -99.9
 'Wageningen'  5  6 1983  23050.    9.4   21.1   1.31    2.0    1.0   -99.9
 'Wageningen'  6  6 1983  26260.    6.9   19.2   1.00    3.4    0.0   -99.9
 'Wageningen'  7  6 1983  27040.   10.9   23.8   1.08    3.3    0.0   -99.9
 'Wageningen'  8  6 1983  13760.   14.4   25.0   1.55    2.5   12.5   -99.9
 'Wageningen'  9  6 1983  16490.   12.3   21.0   1.49    3.5    0.1   -99.9
 'Wageningen' 10  6 1983  18670.   12.0   18.8   1.24    2.7    0.0   -99.9
 'Wageningen' 11  6 1983  20310.   11.3   19.8   1.28    2.6    0.0   -99.9
 'Wageningen' 12  6 1983  23250.   12.4   21.7   1.38    2.7    3.6   -99.9
 'Wageningen' 13  6 1983  18460.    9.8   19.9   1.20    1.5    0.2   -99.9
 'Wageningen' 14  6 1983  13030.    8.4   17.1   1.07    3.0    0.3   -99.9
 'Wageningen' 15  6 1983  17830.    6.1   15.5   0.94    3.2    2.4   -99.9
 'Wageningen' 16  6 1983  14640.    5.2   14.5   0.91    2.0    0.0   -99.9
 'Wageningen' 17  6 1983  27570.    2.6   15.7   0.83    2.7    0.0   -99.9
 'Wageningen' 18  6 1983  21120.   10.6   20.9   1.15    2.6    0.0   -99.9
 'Wageningen' 19  6 1983  27260.    8.4   21.5   1.29    2.4    0.0   -99.9
 'Wageningen' 20  6 1983  27270.   11.7   25.7   1.27    2.7    0.0   -99.9
 'Wageningen' 21  6 1983  26510.   12.5   27.7   1.35    2.2    0.0   -99.9
 'Wageningen' 22  6 1983  25100.   13.9   29.1   1.52    2.3    0.0   -99.9
 'Wageningen' 23  6 1983  19880.   15.2   29.0   1.79    1.5    0.1   -99.9
 'Wageningen' 24  6 1983  16210.   13.7   25.3   1.79    1.3    3.7   -99.9
 'Wageningen' 25  6 1983  12350.   13.6   21.7   1.57    1.8    0.0   -99.9
 'Wageningen' 26  6 1983  20780.   12.5   23.0   1.30    1.4    0.0   -99.9
 'Wageningen' 27  6 1983  15710.    8.3   18.6   1.25    3.0    0.9   -99.9
 'Wageningen' 28  6 1983  14970.    7.4   17.8   1.10    3.7    0.0   -99.9
 'Wageningen' 29  6 1983   4750.   12.8   16.4   1.55    4.0    6.7   -99.9
 'Wageningen' 30  6 1983   8560.   11.2   18.2   1.45    2.2    5.4   -99.9
 'Wageningen'  1  7 1983  18460.    9.7   18.2   1.25    1.4    0.4   -99.9
 'Wageningen'  2  7 1983  13550.   10.6   20.9   1.42    2.7    0.0   -99.9
 'Wageningen'  3  7 1983  23870.    9.7   22.1   1.42    1.6    0.0   -99.9
 'Wageningen'  4  7 1983  24310.    8.6   24.3   1.41    1.1    0.0   -99.9
 'Wageningen'  5  7 1983  25240.   10.3   27.7   1.54    1.9    0.0   -99.9
 'Wageningen'  6  7 1983  16520.   16.5   26.6   1.85    1.8    0.4   -99.9
 'Wageningen'  7  7 1983  18350.   17.4   27.2   1.94    1.3    2.0   -99.9
 'Wageningen'  8  7 1983  21570.   15.9   27.4   2.05    1.5    0.0   -99.9
 'Wageningen'  9  7 1983  19920.   15.8   27.5   2.13    1.6    0.0   -99.9
 'Wageningen' 10  7 1983  22650.   15.3   30.4   1.81    1.3    0.0   -99.9
 'Wageningen' 11  7 1983  23200.   15.2   32.0   1.78    1.4    0.0   -99.9
 'Wageningen' 12  7 1983  25090.   16.2   29.6   1.96    2.2    0.0   -99.9
 'Wageningen' 13  7 1983  19290.   13.7   21.0   1.56    2.4    0.0   -99.9
 'Wageningen' 14  7 1983  21750.   13.2   23.3   1.37    1.0    0.0   -99.9
 'Wageningen' 15  7 1983  21310.   13.0   28.1   1.89    2.8    0.0   -99.9
 'Wageningen' 16  7 1983  20040.   17.0   28.4   1.96    1.5    0.0   -99.9
 'Wageningen' 17  7 1983  20320.   16.6   31.5   1.88    2.2    0.0   -99.9
 'Wageningen' 18  7 1983  19900.   15.9   24.9   1.87    2.9    0.0   -99.9
 'Wageningen' 19  7 1983  15440.   11.7   23.7   1.57    1.9    0.0   -99.9
 'Wageningen' 20  7 1983  18190.    9.4   18.2   1.10    1.8    0.0   -99.9
 'Wageningen' 21  7 1983  25150.    8.4   21.5   1.13    1.4    0.0   -99.9
 'Wageningen' 22  7 1983  24300.   11.3   27.0   1.37    2.4    0.0   -99.9
 'Wageningen' 23  7 1983  18170.   15.4   27.2   1.71    2.2    0.0   -99.9
 'Wageningen' 24  7 1983  12100.   13.7   22.5   1.86    1.2    6.6   -99.9
 'Wageningen' 25  7 1983  22200.   11.6   26.7   1.80    1.5    0.0   -99.9
 'Wageningen' 26  7 1983  15370.   16.7   28.1   2.04    1.8    0.0   -99.9
 'Wageningen' 27  7 1983  12410.   14.1   25.0   1.95    1.5    2.3   -99.9
 'Wageningen' 28  7 1983  11830.   12.5   22.7   1.63    2.1    0.0   -99.9
 'Wageningen' 29  7 1983  15910.   13.1   24.5   1.71    2.6    0.0   -99.9
 'Wageningen' 30  7 1983  20760.   12.0   25.9   1.71    1.2    0.0   -99.9
 'Wageningen' 31  7 1983  18010.   16.9   29.5   1.71    2.4    0.0   -99.9
 'Wageningen'  1  8 1983   7000.   13.2   24.7   1.79    4.3    1.3   -99.9
 'Wageningen'  2  8 1983  12090.   12.3   17.9   1.27    2.2    0.0   -99.9
 'Wageningen'  3  8 1983  17460.    7.2   20.3   1.18    1.6    0.0   -99.9
 'Wageningen'  4  8 1983   9320.    8.8   21.8   1.44    2.8    0.0   -99.9
 'Wageningen'  5  8 1983  12740.   13.2   20.4   1.42    2.5    2.3   -99.9
 'Wageningen'  6  8 1983   6740.   13.2   18.0   1.50    2.2    1.7   -99.9
 'Wageningen'  7  8 1983  14890.   14.8   23.8   1.62    1.5    0.0   -99.9
 'Wageningen'  8  8 1983  20600.   10.0   27.4   1.50    2.0    0.6   -99.9
 'Wageningen'  9  8 1983  20510.   15.3   28.7   1.54    2.6    0.0   -99.9
 'Wageningen' 10  8 1983  18390.   14.1   28.4   1.66    1.9    0.0   -99.9
 'Wageningen' 11  8 1983  21990.   10.6   25.0   1.54    2.0    0.0   -99.9
 'Wageningen' 12  8 1983  15750.    7.2   21.9   1.42    2.5    0.0   -99.9
 'Wageningen' 13  8 1983  13190.   11.5   19.9   1.28    2.4    0.7   -99.9
 'Wageningen' 14  8 1983  12570.   11.3   20.6   1.42    1.2    0.0   -99.9
 'Wageningen' 15  8 1983  21120.   10.6   23.8   1.39    1.7    0.0   -99.9
 'Wageningen' 16  8 1983  14420.   12.6   24.1   1.62    2.8    0.0   -99.9
 'Wageningen' 17  8 1983   4700.   14.0   19.7   1.83    1.8    1.9   -99.9
 'Wageningen' 18  8 1983  18520.   14.0   25.7   1.55    1.6    0.0   -99.9
 'Wageningen' 19  8 1983  17100.   12.9   29.8   1.64    2.1    0.0   -99.9
 'Wageningen' 20  8 1983  18420.   18.6   26.9   1.86    2.6    0.0   -99.9
 'Wageningen' 21  8 1983  16010.   14.5   25.0   1.77    1.8    7.2   -99.9
 'Wageningen' 22  8 1983  18670.   14.0   26.5   1.75    1.2   16.7   -99.9
 'Wageningen' 23  8 1983  14640.   14.2   26.3   1.87    1.2    0.2   -99.9
 'Wageningen' 24  8 1983  17180.   15.2   24.9   1.76    2.3    0.0   -99.9
 'Wageningen' 25  8 1983  15820.   14.2   28.2   1.75    2.5    0.0   -99.9
 'Wageningen' 26  8 1983  15810.   11.9   24.7   1.66    2.2    0.0   -99.9
 'Wageningen' 27  8 1983  19440.    8.3   21.9   1.45    1.5    0.0   -99.9
 'Wageningen' 28  8 1983  11780.   13.0   21.3   1.38    2.2    0.0   -99.9
 'Wageningen' 29  8 1983  13070.    9.8   21.1   1.19    1.6    0.0   -99.9
 'Wageningen' 30  8 1983  18460.    7.7   25.0   1.31    1.7    0.0   -99.9
 'Wageningen' 31  8 1983  16640.    8.1   28.0   1.26    1.5    0.1   -99.9
 'Wageningen'  1  9 1983   4820.   16.3   21.1   1.77    2.6    1.9   -99.9
 'Wageningen'  2  9 1983  13040.   15.6   22.0   1.48    4.5    0.0   -99.9
 'Wageningen'  3  9 1983   4520.   13.4   18.4   1.38    6.3   10.7   -99.9
 'Wageningen'  4  9 1983  10720.   12.8   18.3   1.37    5.3    0.1   -99.9
 'Wageningen'  5  9 1983   9890.    9.9   17.7   1.19    5.5    0.0   -99.9
 'Wageningen'  6  9 1983  14790.    7.5   17.9   1.06    3.9    0.2   -99.9
 'Wageningen'  7  9 1983  17130.    6.7   17.4   0.90    3.4    0.0   -99.9
 'Wageningen'  8  9 1983  11320.    8.2   19.7   1.10    2.7    0.5   -99.9
 'Wageningen'  9  9 1983   5270.   13.0   19.2   1.44    3.4    1.5   -99.9
 'Wageningen' 10  9 1983   7430.   11.5   19.1   1.41    4.2    2.0   -99.9
 'Wageningen' 11  9 1983   4490.    9.9   12.8   1.18    5.1    9.8   -99.9
 'Wageningen' 12  9 1983   9470.   11.0   16.3   1.35    5.4   27.3   -99.9
 'Wageningen' 13  9 1983   7000.    9.9   14.5   1.14    3.7   10.0   -99.9
 'Wageningen' 14  9 1983   3010.   12.1   16.3   1.56    3.9    9.3   -99.9
 'Wageningen' 15  9 1983   6510.   12.3   19.6   1.46    4.5    0.8   -99.9
 'Wageningen' 16  9 1983   8910.   11.5   16.6   1.22    5.0    3.5   -99.9
 'Wageningen' 17  9 1983   6720.   10.5   15.9   1.31    3.6    5.5   -99.9
 'Wageningen' 18  9 1983   2720.   10.1   14.9   1.32    4.6    5.1   -99.9
 'Wageningen' 19  9 1983  11900.   11.2   18.1   1.25    3.1    0.0   -99.9
 'Wageningen' 20  9 1983  11130.   10.1   17.2   1.17    3.1    0.0   -99.9
 'Wageningen' 21  9 1983   6970.   10.5   16.8   1.34    3.3    2.6   -99.9
 'Wageningen' 22  9 1983  11860.    5.0   16.9   1.13    2.6    0.3   -99.9
 'Wageningen' 23  9 1983  13060.    5.1   19.4   1.13    2.4    0.0   -99.9
 'Wageningen' 24  9 1983   8970.   11.2   23.2   1.52    3.0    0.3   -99.9
 'Wageningen' 25  9 1983  13570.    3.6   17.3   0.99    0.8    0.0   -99.9
 'Wageningen' 26  9 1983  12480.    3.6   19.7   1.21    1.4    0.0   -99.9
 'Wageningen' 27  9 1983  10640.    9.2   20.5   1.53    1.3    0.0   -99.9
 'Wageningen' 28  9 1983   6100.   13.5   19.3   1.56    2.4    0.0   -99.9
 'Wageningen' 29  9 1983  11140.   11.9   23.3   1.54    1.9    0.0   -99.9
 'Wageningen' 30  9 1983   5880.   10.3   16.8   1.21    2.7    0.0   -99.9
 'Wageningen'  1 10 1983   9700.    6.8   15.7   1.02    2.8    0.0   -99.9
 'Wageningen'  2 10 1983   8090.   12.7   19.4   1.54    2.8    1.2   -99.9
 'Wageningen'  3 10 1983   4010.   13.5   21.4   1.72    2.6    0.1   -99.9
 'Wageningen'  4 10 1983  10330.   13.7   26.2   1.70    3.3    0.0   -99.9
 'Wageningen'  5 10 1983   7610.   13.1   18.2   1.32    5.6    0.7   -99.9
 'Wageningen'  6 10 1983   6420.   11.0   17.0   1.24    3.6    0.1   -99.9
 'Wageningen'  7 10 1983   5430.    9.8   16.7   1.29    4.1    1.7   -99.9
 'Wageningen'  8 10 1983   3080.    8.2   13.3   1.14    5.0    7.4   -99.9
 'Wageningen'  9 10 1983   5460.    7.1   14.2   1.17    3.3    1.9   -99.9
 'Wageningen' 10 10 1983   1990.   10.6   14.4   1.34    4.9    3.4   -99.9
 'Wageningen' 11 10 1983   7990.    6.9   13.7   1.02    4.5    3.5   -99.9
 'Wageningen' 12 10 1983   5010.    7.0   13.0   1.04    3.8    0.0   -99.9
 'Wageningen' 13 10 1983   9020.    7.7   18.6   1.07    4.1    0.0   -99.9
 'Wageningen' 14 10 1983   8320.    9.2   15.4   1.05    3.5    0.0   -99.9
 'Wageningen' 15 10 1983   5330.    9.5   15.4   1.11    6.1    1.5   -99.9
 'Wageningen' 16 10 1983   6240.    8.0   14.8   0.96    5.9    3.4   -99.9
 'Wageningen' 17 10 1983   5360.    7.7   12.5   1.00    5.0    7.4   -99.9
 'Wageningen' 18 10 1983   1270.    7.7   14.5   1.22    5.5    0.4   -99.9
 'Wageningen' 19 10 1983   6260.    5.6   14.8   1.09    4.8    1.3   -99.9
 'Wageningen' 20 10 1983   3350.    3.2   11.0   0.86    2.4    0.0   -99.9
 'Wageningen' 21 10 1983   6600.   -1.4   11.6   0.72    0.8    0.0   -99.9
 'Wageningen' 22 10 1983   7880.   -2.9   11.4   0.65    0.7    0.0   -99.9
 'Wageningen' 23 10 1983   8350.   -5.0   10.8   0.65    1.1    0.0   -99.9
 'Wageningen' 24 10 1983   4510.   -5.5   10.3   0.66    1.2    0.0   -99.9
 'Wageningen' 25 10 1983   5420.   -4.2    9.0   0.74    1.9    0.9   -99.9
 'Wageningen' 26 10 1983   1810.    7.0   12.2   1.10    2.4    0.1   -99.9
 'Wageningen' 27 10 1983   3850.    6.1   13.5   0.98    2.6    0.0   -99.9
 'Wageningen' 28 10 1983   4990.    0.1   11.7   0.89    1.9    0.7   -99.9
 'Wageningen' 29 10 1983   7140.   -2.5   10.4   0.64    1.0    0.0   -99.9
 'Wageningen' 30 10 1983   5930.   -4.7    9.0   0.67    2.4    0.0   -99.9
 'Wageningen' 31 10 1983   3630.    5.0   12.5   0.94    2.8    0.0   -99.9
 'Wageningen'  1 11 1983   2430.    7.5   13.1   1.13    3.0    0.0   -99.9
 'Wageningen'  2 11 1983   2710.    9.9   14.8   1.35    1.6    0.0   -99.9
 'Wageningen'  3 11 1983   5710.    6.4   13.0   1.05    2.1    0.0   -99.9
 'Wageningen'  4 11 1983   5100.    3.4   14.5   0.97    1.2    0.0   -99.9
 'Wageningen'  5 11 1983   3000.    4.3   10.9   1.05    0.9    0.0   -99.9
 'Wageningen'  6 11 1983   1510.    7.8   11.7   1.17    1.4    0.0   -99.9
 'Wageningen'  7 11 1983   5350.    5.3   14.8   1.00    2.3    0.0   -99.9
 'Wageningen'  8 11 1983   4680.    4.9   14.9   0.97    2.6    0.0   -99.9
 'Wageningen'  9 11 1983   4700.    2.5   15.4   0.92    1.2    0.0   -99.9
 'Wageningen' 10 11 1983   4760.    1.2   14.6   0.83    1.1    0.0   -99.9
 'Wageningen' 11 11 1983    990.    0.3    9.6   0.86    3.2    0.0   -99.9
 'Wageningen' 12 11 1983   5020.   -3.3    7.0   0.57    2.6    0.0   -99.9
 'Wageningen' 13 11 1983   4840.   -3.5    4.7   0.43    3.3    0.0   -99.9
 'Wageningen' 14 11 1983   5330.   -7.8    3.1   0.42    2.4    0.0   -99.9
 'Wageningen' 15 11 1983   1580.   -8.7    6.5   0.62    2.2    1.2   -99.9
 'Wageningen' 16 11 1983   4060.    2.5    9.2   0.82    1.5    0.4   -99.9
 'Wageningen' 17 11 1983   2560.   -2.8    7.1   0.73    1.4    0.0   -99.9
 'Wageningen' 18 11 1983   3600.   -6.5    4.4   0.58    1.3    0.1   -99.9
 'Wageningen' 19 11 1983    730.    3.6    6.4   0.84    2.1    0.0   -99.9
 'Wageningen' 20 11 1983   1030.   -0.3    7.3   0.76    2.5    0.5   -99.9
 'Wageningen' 21 11 1983   3730.   -1.8    6.8   0.61    1.7    0.2   -99.9
 'Wageningen' 22 11 1983   2700.   -2.7    6.2   0.61    1.4    0.0   -99.9
 'Wageningen' 23 11 1983   3890.   -1.0    6.4   0.62    1.7    0.0   -99.9
 'Wageningen' 24 11 1983   3340.   -5.4    3.3   0.54    2.7    1.7   -99.9
 'Wageningen' 25 11 1983    300.    3.3   13.5   1.20    4.8    7.9   -99.9
 'Wageningen' 26 11 1983    430.   11.2   13.9   1.30    6.5   17.0   -99.9
 'Wageningen' 27 11 1983    270.    8.9   15.4   1.10    9.5   38.7   -99.9
 'Wageningen' 28 11 1983    660.    4.9    9.1   0.93    3.0    5.2   -99.9
 'Wageningen' 29 11 1983   2250.    1.4    9.4   0.77    2.6    0.8   -99.9
 'Wageningen' 30 11 1983   2820.   -2.4    6.8   0.61    2.2    0.3   -99.9
 'Wageningen'  1 12 1983   3730.   -4.4    0.6   0.45    1.9    0.0   -99.9
 'Wageningen'  2 12 1983   3070.   -3.5    0.8   0.42    2.2    0.0   -99.9
 'Wageningen'  3 12 1983   3200.   -4.6    1.1   0.38    1.7    0.0   -99.9
 'Wageningen'  4 12 1983   3140.   -3.6    3.5   0.39    2.1    0.0   -99.9
 'Wageningen'  5 12 1983   3040.   -1.2    7.0   0.46    2.4    5.3   -99.9
 'Wageningen'  6 12 1983   2440.   -0.6    6.8   0.66    1.3    1.1   -99.9
 'Wageningen'  7 12 1983   1170.   -0.2    4.7   0.64    1.3    0.0   -99.9
 'Wageningen'  8 12 1983    310.    1.2    4.0   0.68    4.6    8.4   -99.9
 'Wageningen'  9 12 1983    330.    3.9    5.8   0.81    5.5   21.6   -99.9
 'Wageningen' 10 12 1983   2860.   -1.7    5.9   0.60    2.9    1.6   -99.9
 'Wageningen' 11 12 1983   4620.   -4.7    3.9   0.54    1.2    0.3   -99.9
 'Wageningen' 12 12 1983   1370.   -5.9   -0.6   0.43    2.2    0.0   -99.9
 'Wageningen' 13 12 1983   2800.   -6.6    2.1   0.49    2.0    0.0   -99.9
 'Wageningen' 14 12 1983   3350.   -3.4    1.0   0.45    3.7    0.0   -99.9
 'Wageningen' 15 12 1983   2410.   -2.5    3.7   0.46    3.6    0.0   -99.9
 'Wageningen' 16 12 1983   1220.   -2.0    1.3   0.39    3.4    0.0   -99.9
 'Wageningen' 17 12 1983   1350.   -1.6    4.3   0.52    3.0    0.0   -99.9
 'Wageningen' 18 12 1983   2650.    2.2    4.8   0.69    3.1    1.2   -99.9
 'Wageningen' 19 12 1983   1470.    4.0    8.2   0.87    3.2    0.3   -99.9
 'Wageningen' 20 12 1983   1400.    5.7    9.3   0.86    4.7    1.2   -99.9
 'Wageningen' 21 12 1983   1770.    4.6    8.9   0.82    4.1    0.0   -99.9
 'Wageningen' 22 12 1983    440.    4.6    9.6   0.90    5.5    8.6   -99.9
 'Wageningen' 23 12 1983   1000.    5.9    9.9   1.01    5.4    1.0   -99.9
 'Wageningen' 24 12 1983    370.    6.8   13.4   1.09    4.1    2.3   -99.9
 'Wageningen' 25 12 1983    800.    9.5   12.6   1.14    5.2   14.4   -99.9
 'Wageningen' 26 12 1983   1020.    2.6   10.2   0.87    5.5    5.3   -99.9
 'Wageningen' 27 12 1983    120.    1.7   10.7   0.95    5.9    1.5   -99.9
 'Wageningen' 28 12 1983    360.    8.8    9.1   1.12    5.7    0.1   -99.9
 'Wageningen' 29 12 1983    710.    5.0    9.1   0.99    3.1    0.0   -99.9
 'Wageningen' 30 12 1983   2050.    2.5    8.3   0.72    2.8    0.0   -99.9
 'Wageningen' 31 12 1983   1740.    1.7    8.3   0.77    5.8    0.0   -99.9
