***************************************************************************
* File name: Wageni.985
* Contents: SWAP   3.0 - Meteo data of Wageningen weather station                
***************************************************************************     
* Comment area:                                                                 
*                                                                               
*                                                                               
***************************************************************************     
    Station   DD MM YYYY     RAD   Tmin   Tmax    HUM   WIND   RAIN   ETref     
*             nr nr   nr   kJ/m2      C      C    kPa    m/s     mm      mm     
 'Wageningen'  1  1 1985    660.    0.2    5.7   0.67    5.4    6.8   -99.9
 'Wageningen'  2  1 1985   2200.   -2.9    0.7   0.49    2.2    0.1   -99.9
 'Wageningen'  3  1 1985   2280.   -5.5    0.2   0.52    1.6    0.0   -99.9
 'Wageningen'  4  1 1985   3310.  -18.4   -5.2   0.23    0.7    0.4   -99.9
 'Wageningen'  5  1 1985   4220.  -19.5   -7.8   0.21    0.6    0.0   -99.9
 'Wageningen'  6  1 1985   1940.  -13.8   -6.2   0.31    3.9    1.7   -99.9
 'Wageningen'  7  1 1985   4040.  -21.4   -9.7   0.20    3.3    0.0   -99.9
 'Wageningen'  8  1 1985   2710.  -21.3   -6.2   0.24    2.2    0.0   -99.9
 'Wageningen'  9  1 1985    930.   -7.8   -3.8   0.38    4.1    0.1   -99.9
 'Wageningen' 10  1 1985   1540.  -11.6   -3.6   0.39    2.1    0.6   -99.9
 'Wageningen' 11  1 1985   2380.   -5.3   -3.5   0.43    2.0    0.0   -99.9
 'Wageningen' 12  1 1985   2310.   -7.9    1.7   0.47    3.3    1.6   -99.9
 'Wageningen' 13  1 1985   3800.  -13.9   -5.5   0.27    2.6    0.0   -99.9
 'Wageningen' 14  1 1985   2880.  -12.9   -3.9   0.31    2.7    0.1   -99.9
 'Wageningen' 15  1 1985   2750.  -11.2   -9.3   0.24    2.8    0.0   -99.9
 'Wageningen' 16  1 1985   1540.  -15.0   -6.6   0.27    1.0    0.0   -99.9
 'Wageningen' 17  1 1985   2230.  -10.8   -5.1   0.31    1.2    0.3   -99.9
 'Wageningen' 18  1 1985   3440.  -13.7   -6.1   0.26    1.9    0.0   -99.9
 'Wageningen' 19  1 1985   1610.  -11.7   -5.3   0.34    1.7    0.0   -99.9
 'Wageningen' 20  1 1985   1340.   -8.2   -3.0   0.37    2.4    0.0   -99.9
 'Wageningen' 21  1 1985   1930.   -3.6    5.1   0.65    4.3    2.2   -99.9
 'Wageningen' 22  1 1985    980.    0.0    6.6   0.74    4.3    3.2   -99.9
 'Wageningen' 23  1 1985   3270.   -0.7    3.3   0.58    4.3    0.0   -99.9
 'Wageningen' 24  1 1985   4300.   -1.2    3.8   0.57    5.9    3.2   -99.9
 'Wageningen' 25  1 1985    930.    0.8    4.7   0.74    5.2    4.8   -99.9
 'Wageningen' 26  1 1985   1190.   -2.3    2.2   0.61    2.4    5.6   -99.9
 'Wageningen' 27  1 1985   6620.   -4.0    3.2   0.51    1.5    0.0   -99.9
 'Wageningen' 28  1 1985   4690.   -1.3    2.3   0.51    4.1    0.0   -99.9
 'Wageningen' 29  1 1985   2770.    0.9    8.4   0.80    4.7    1.9   -99.9
 'Wageningen' 30  1 1985   4620.    3.5    9.4   0.89    3.6    3.3   -99.9
 'Wageningen' 31  1 1985   1490.    5.3    8.9   0.88    5.9    1.7   -99.9
 'Wageningen'  1  2 1985   2250.    6.2   10.9   1.02    6.8    1.3   -99.9
 'Wageningen'  2  2 1985   4390.    2.7    9.6   0.81    6.0    0.0   -99.9
 'Wageningen'  3  2 1985   5750.   -0.2    7.8   0.59    1.4    0.0   -99.9
 'Wageningen'  4  2 1985   5460.   -1.9    8.2   0.56    1.8    0.0   -99.9
 'Wageningen'  5  2 1985   6160.   -3.7    9.1   0.47    1.1    0.0   -99.9
 'Wageningen'  6  2 1985   2360.   -3.4    4.0   0.59    0.9    0.0   -99.9
 'Wageningen'  7  2 1985   5960.   -4.7    1.5   0.47    2.5    0.0   -99.9
 'Wageningen'  8  2 1985   2230.   -3.8    0.1   0.35    5.1    0.9   -99.9
 'Wageningen'  9  2 1985   4070.   -6.8   -3.4   0.31    5.6    0.1   -99.9
 'Wageningen' 10  2 1985   8010.   -9.8   -4.0   0.25    4.5    0.0   -99.9
 'Wageningen' 11  2 1985   8050.  -10.8   -4.3   0.23    3.8    0.0   -99.9
 'Wageningen' 12  2 1985   8080.  -10.9   -4.5   0.22    4.1    0.0   -99.9
 'Wageningen' 13  2 1985   7930.  -12.5   -2.0   0.24    2.4    0.0   -99.9
 'Wageningen' 14  2 1985   7630.  -14.0   -0.6   0.28    2.7    0.0   -99.9
 'Wageningen' 15  2 1985   9240.  -13.2   -3.3   0.24    2.0    0.0   -99.9
 'Wageningen' 16  2 1985   8480.   -8.8    1.0   0.34    1.2    0.0   -99.9
 'Wageningen' 17  2 1985   5380.   -5.4    1.2   0.43    2.9    0.0   -99.9
 'Wageningen' 18  2 1985   9410.   -8.5   -2.6   0.26    3.0    0.0   -99.9
 'Wageningen' 19  2 1985   9850.   -9.5   -0.8   0.23    2.2    0.0   -99.9
 'Wageningen' 20  2 1985   3710.   -8.2   -0.7   0.28    2.3    0.0   -99.9
 'Wageningen' 21  2 1985   3000.   -1.3    2.6   0.51    1.4    0.0   -99.9
 'Wageningen' 22  2 1985   2770.   -0.7    1.7   0.55    1.3    0.0   -99.9
 'Wageningen' 23  2 1985   3430.   -2.9    2.6   0.54    3.4    0.1   -99.9
 'Wageningen' 24  2 1985   9040.   -4.8    8.5   0.62    2.1    0.5   -99.9
 'Wageningen' 25  2 1985   7360.   -5.3    9.7   0.60    2.0    0.0   -99.9
 'Wageningen' 26  2 1985   8080.   -1.2    8.4   0.64    2.1    0.0   -99.9
 'Wageningen' 27  2 1985   2900.   -2.9    0.6   0.56    1.2    0.0   -99.9
 'Wageningen' 28  2 1985   1560.   -1.1    0.0   0.55    1.1    0.1   -99.9
 'Wageningen'  1  3 1985   3040.   -1.8    4.4   0.63    2.8    0.2   -99.9
 'Wageningen'  2  3 1985   2770.    1.0    5.0   0.68    2.7    3.6   -99.9
 'Wageningen'  3  3 1985   7840.    0.9    9.1   0.74    3.9    0.0   -99.9
 'Wageningen'  4  3 1985   2630.    2.9    7.8   0.83    2.9    3.2   -99.9
 'Wageningen'  5  3 1985   4860.   -2.2    5.7   0.66    1.3    7.6   -99.9
 'Wageningen'  6  3 1985   4540.   -1.1    2.6   0.62    1.6    0.3   -99.9
 'Wageningen'  7  3 1985   3880.   -0.6    2.2   0.60    1.6    0.0   -99.9
 'Wageningen'  8  3 1985   4810.    1.0    8.0   0.70    2.4    0.0   -99.9
 'Wageningen'  9  3 1985   4340.    0.9    5.8   0.66    1.5    0.0   -99.9
 'Wageningen' 10  3 1985  10620.   -3.6    8.1   0.64    2.0    0.0   -99.9
 'Wageningen' 11  3 1985   9840.    0.8    6.7   0.61    4.3    4.3   -99.9
 'Wageningen' 12  3 1985  10370.   -4.3    5.2   0.51    1.5    0.1   -99.9
 'Wageningen' 13  3 1985   5000.   -4.6    2.1   0.54    2.2    0.0   -99.9
 'Wageningen' 14  3 1985   8120.   -1.1    5.2   0.60    3.4    3.3   -99.9
 'Wageningen' 15  3 1985   6480.   -1.7    2.9   0.54    2.9    0.2   -99.9
 'Wageningen' 16  3 1985  10070.   -2.1    4.6   0.51    3.3    1.3   -99.9
 'Wageningen' 17  3 1985   9210.   -1.7    4.4   0.47    3.4    0.0   -99.9
 'Wageningen' 18  3 1985  13250.   -4.7    5.6   0.45    2.3    0.1   -99.9
 'Wageningen' 19  3 1985   4780.   -3.8    1.1   0.52    1.8    0.0   -99.9
 'Wageningen' 20  3 1985   4140.   -0.6    2.1   0.60    1.7    1.9   -99.9
 'Wageningen' 21  3 1985  13280.   -1.1   11.7   0.59    3.8    0.5   -99.9
 'Wageningen' 22  3 1985  10800.    3.7   11.9   0.74    4.1    0.0   -99.9
 'Wageningen' 23  3 1985   5100.    5.0    7.8   0.81    3.8    0.7   -99.9
 'Wageningen' 24  3 1985   8440.    3.9    9.1   0.80    3.8    2.4   -99.9
 'Wageningen' 25  3 1985   8140.    3.3   10.6   0.79    3.3    3.1   -99.9
 'Wageningen' 26  3 1985   6240.    5.8   10.6   0.92    2.9    7.8   -99.9
 'Wageningen' 27  3 1985   7860.    1.7    7.6   0.67    4.2    6.9   -99.9
 'Wageningen' 28  3 1985   9110.    1.3    5.3   0.61    4.3    1.0   -99.9
 'Wageningen' 29  3 1985   5320.    4.3    7.7   0.72    6.3    1.4   -99.9
 'Wageningen' 30  3 1985   2810.    6.9   11.1   0.96    5.4    3.5   -99.9
 'Wageningen' 31  3 1985   6070.    8.5   13.2   1.03    4.8   13.3   -99.9
 'Wageningen'  1  4 1985   6320.    8.3   17.6   1.15    4.8    6.3   -99.9
 'Wageningen'  2  4 1985   6940.    6.5   12.9   1.01    6.2    3.4   -99.9
 'Wageningen'  3  4 1985  13350.    8.6   19.8   1.23    2.9    0.0   -99.9
 'Wageningen'  4  4 1985  14600.   10.0   21.2   1.22    2.4    0.0   -99.9
 'Wageningen'  5  4 1985   2910.    9.7   14.8   1.19    2.7    3.6   -99.9
 'Wageningen'  6  4 1985  13230.    6.2   15.8   1.00    2.2   10.0   -99.9
 'Wageningen'  7  4 1985   7650.    7.5   11.6   1.00    4.8    7.2   -99.9
 'Wageningen'  8  4 1985  10340.    8.4   13.4   0.91    7.0    0.1   -99.9
 'Wageningen'  9  4 1985   8420.    4.8   11.7   0.88    3.9    0.2   -99.9
 'Wageningen' 10  4 1985  10090.    1.9   10.8   0.77    2.2    2.5   -99.9
 'Wageningen' 11  4 1985   5600.    2.0    9.7   0.79    5.0   11.8   -99.9
 'Wageningen' 12  4 1985   5900.    3.7    8.0   0.77    5.9    7.2   -99.9
 'Wageningen' 13  4 1985   9290.    4.9   10.5   0.84    4.8    7.9   -99.9
 'Wageningen' 14  4 1985   4920.    5.3    9.2   0.85    5.1    3.1   -99.9
 'Wageningen' 15  4 1985   8600.    5.8   10.3   0.82    3.5    1.0   -99.9
 'Wageningen' 16  4 1985   5670.    6.5   13.9   1.13    2.6    1.6   -99.9
 'Wageningen' 17  4 1985  11400.    6.4   16.3   1.12    1.3    0.0   -99.9
 'Wageningen' 18  4 1985  13580.    1.6   17.7   1.09    2.0    0.0   -99.9
 'Wageningen' 19  4 1985  18820.    7.8   18.3   0.95    2.1    0.0   -99.9
 'Wageningen' 20  4 1985   9420.    0.8   10.2   0.74    2.7    0.0   -99.9
 'Wageningen' 21  4 1985  20160.   -2.5   14.1   0.68    2.7    0.0   -99.9
 'Wageningen' 22  4 1985  18570.    3.5   15.8   0.80    4.3    0.0   -99.9
 'Wageningen' 23  4 1985  11820.    1.1    9.5   0.63    3.4    0.0   -99.9
 'Wageningen' 24  4 1985  22230.   -3.0   10.7   0.53    2.1    0.0   -99.9
 'Wageningen' 25  4 1985  10420.   -1.1    7.8   0.63    2.9    1.3   -99.9
 'Wageningen' 26  4 1985  11900.   -1.1    7.5   0.58    1.6    0.2   -99.9
 'Wageningen' 27  4 1985   7220.   -1.7    7.0   0.67    5.4    9.5   -99.9
 'Wageningen' 28  4 1985  15680.    0.6    8.6   0.62    5.6    0.7   -99.9
 'Wageningen' 29  4 1985  13380.    0.6    9.2   0.59    2.5    0.4   -99.9
 'Wageningen' 30  4 1985  12540.    0.2   10.4   0.82    1.9    0.0   -99.9
 'Wageningen'  1  5 1985  12720.    4.7   10.4   0.85    5.3    1.9   -99.9
 'Wageningen'  2  5 1985   9100.    2.9    8.1   0.76    4.9    5.8   -99.9
 'Wageningen'  3  5 1985   7780.    3.5    9.2   0.80    1.5    0.0   -99.9
 'Wageningen'  4  5 1985   6830.    4.3    8.4   0.85    2.3    0.6   -99.9
 'Wageningen'  5  5 1985   9000.    5.8   13.8   0.96    2.8    0.1   -99.9
 'Wageningen'  6  5 1985  16720.    7.6   21.0   0.96    2.9    0.0   -99.9
 'Wageningen'  7  5 1985  11560.    7.2   22.2   1.22    3.1    0.0   -99.9
 'Wageningen'  8  5 1985  15590.   11.1   20.9   1.22    3.2    0.0   -99.9
 'Wageningen'  9  5 1985  14600.    6.8   15.5   1.15    2.7    0.0   -99.9
 'Wageningen' 10  5 1985   4170.    8.7   10.9   1.09    2.0    0.0   -99.9
 'Wageningen' 11  5 1985  10380.    7.9   15.9   1.02    2.3    0.0   -99.9
 'Wageningen' 12  5 1985  14290.    6.0   21.0   1.15    3.6    0.0   -99.9
 'Wageningen' 13  5 1985   6950.    5.9   16.9   1.28    1.6    0.0   -99.9
 'Wageningen' 14  5 1985   6840.   10.2   16.7   1.31    3.9    0.0   -99.9
 'Wageningen' 15  5 1985  21370.    9.3   19.8   1.18    1.9    1.2   -99.9
 'Wageningen' 16  5 1985  19180.   11.4   22.0   1.33    1.8    0.3   -99.9
 'Wageningen' 17  5 1985  23390.   11.3   21.1   1.07    3.7    0.0   -99.9
 'Wageningen' 18  5 1985  22850.    7.8   20.8   1.07    2.3    0.0   -99.9
 'Wageningen' 19  5 1985  20600.   10.3   23.6   1.38    2.3    7.8   -99.9
 'Wageningen' 20  5 1985   8290.   10.0   19.0   1.41    1.8    5.9   -99.9
 'Wageningen' 21  5 1985   9650.    9.2   20.4   1.47    1.0    6.4   -99.9
 'Wageningen' 22  5 1985  11020.    9.2   15.8   1.25    2.9    1.4   -99.9
 'Wageningen' 23  5 1985   5060.    7.1   11.5   1.05    2.4    0.0   -99.9
 'Wageningen' 24  5 1985  16550.    7.3   19.8   1.20    2.9    0.0   -99.9
 'Wageningen' 25  5 1985  19370.   10.8   22.2   1.36    1.8    0.0   -99.9
 'Wageningen' 26  5 1985  23780.   10.8   28.2   1.50    2.0    1.6   -99.9
 'Wageningen' 27  5 1985  22940.   14.3   28.8   1.58    3.1    0.0   -99.9
 'Wageningen' 28  5 1985  18490.   10.0   20.1   1.31    3.0    0.0   -99.9
 'Wageningen' 29  5 1985  27270.    6.7   16.9   0.85    4.0    0.0   -99.9
 'Wageningen' 30  5 1985  28610.    4.9   20.4   0.81    4.4    0.0   -99.9
 'Wageningen' 31  5 1985  27540.    4.3   22.7   0.99    2.4    0.0   -99.9
 'Wageningen'  1  6 1985  25600.    7.8   23.6   1.08    2.5    0.0   -99.9
 'Wageningen'  2  6 1985  28400.    8.6   25.0   0.93    2.8    0.0   -99.9
 'Wageningen'  3  6 1985  26910.    8.8   26.3   1.03    2.6    0.0   -99.9
 'Wageningen'  4  6 1985  25120.   15.0   28.6   1.40    2.1    8.3   -99.9
 'Wageningen'  5  6 1985   8600.   11.7   19.2   1.61    3.1    0.1   -99.9
 'Wageningen'  6  6 1985   8980.   11.8   18.7   1.56    1.4    3.8   -99.9
 'Wageningen'  7  6 1985  12550.    8.5   19.4   1.38    4.0    8.3   -99.9
 'Wageningen'  8  6 1985  18240.    6.6   14.2   0.86    3.2    0.0   -99.9
 'Wageningen'  9  6 1985   9420.    7.1   15.3   1.05    4.4    6.5   -99.9
 'Wageningen' 10  6 1985  14840.    7.8   14.9   1.15    3.7    6.2   -99.9
 'Wageningen' 11  6 1985  11550.    8.2   14.6   1.15    4.7    0.6   -99.9
 'Wageningen' 12  6 1985  13110.    8.7   14.7   1.12    5.0   10.8   -99.9
 'Wageningen' 13  6 1985  11520.    8.1   14.6   1.08    5.0    3.7   -99.9
 'Wageningen' 14  6 1985   8310.    5.9   12.6   0.97    1.2    5.7   -99.9
 'Wageningen' 15  6 1985  18920.    4.8   14.6   0.86    3.3    0.0   -99.9
 'Wageningen' 16  6 1985  17840.    3.1   15.0   0.98    1.5    1.0   -99.9
 'Wageningen' 17  6 1985  15790.    5.5   16.8   0.93    2.4    0.0   -99.9
 'Wageningen' 18  6 1985  18040.   10.0   18.8   1.12    1.8    0.0   -99.9
 'Wageningen' 19  6 1985  10280.    9.1   20.2   1.32    1.8    6.6   -99.9
 'Wageningen' 20  6 1985   7190.   11.8   15.3   1.40    2.1   19.9   -99.9
 'Wageningen' 21  6 1985  13830.   11.1   18.5   1.34    2.2   10.0   -99.9
 'Wageningen' 22  6 1985  13870.   11.6   17.8   1.35    2.1    6.2   -99.9
 'Wageningen' 23  6 1985  13260.   10.3   16.7   1.17    2.8    0.0   -99.9
 'Wageningen' 24  6 1985  15250.   10.4   19.0   1.45    2.5    3.9   -99.9
 'Wageningen' 25  6 1985  16720.   12.2   18.0   1.23    2.7    0.1   -99.9
 'Wageningen' 26  6 1985   6790.    9.0   14.6   1.30    2.2    9.7   -99.9
 'Wageningen' 27  6 1985  14670.    8.3   16.8   1.20    2.8    6.2   -99.9
 'Wageningen' 28  6 1985   9100.   10.6   15.6   1.26    3.2    0.0   -99.9
 'Wageningen' 29  6 1985   6830.   10.5   17.0   1.41    3.4    2.3   -99.9
 'Wageningen' 30  6 1985  20700.   12.0   20.4   1.49    2.6    0.0   -99.9
 'Wageningen'  1  7 1985  15220.   12.3   20.9   1.51    2.3    3.8   -99.9
 'Wageningen'  2  7 1985  20560.   11.0   20.9   1.39    1.3    0.0   -99.9
 'Wageningen'  3  7 1985  26720.   11.7   23.1   1.42    2.2    0.0   -99.9
 'Wageningen'  4  7 1985  25980.   13.9   26.7   1.45    2.8    0.0   -99.9
 'Wageningen'  5  7 1985  23030.   17.3   27.5   1.91    2.4    0.0   -99.9
 'Wageningen'  6  7 1985  16610.   10.0   20.5   1.52    2.7    0.0   -99.9
 'Wageningen'  7  7 1985  19220.    8.1   20.1   1.13    1.5    0.0   -99.9
 'Wageningen'  8  7 1985  13590.    8.4   19.0   1.24    2.4    0.0   -99.9
 'Wageningen'  9  7 1985  13630.   12.3   20.3   1.47    2.8    1.6   -99.9
 'Wageningen' 10  7 1985  11440.    9.0   18.7   1.32    2.0    0.0   -99.9
 'Wageningen' 11  7 1985  19180.    8.6   21.3   1.32    1.6    0.0   -99.9
 'Wageningen' 12  7 1985  18610.   13.7   22.6   1.61    2.5    0.0   -99.9
 'Wageningen' 13  7 1985  24320.   14.6   28.2   1.60    1.5    0.0   -99.9
 'Wageningen' 14  7 1985  18200.   17.8   28.9   1.82    3.4    0.0   -99.9
 'Wageningen' 15  7 1985  19560.   11.2   20.4   1.37    3.3    3.3   -99.9
 'Wageningen' 16  7 1985   8490.   11.2   17.2   1.40    2.4    1.5   -99.9
 'Wageningen' 17  7 1985  19760.   11.0   22.2   1.44    1.8    0.0   -99.9
 'Wageningen' 18  7 1985  13640.   13.9   22.8   1.56    3.1    0.6   -99.9
 'Wageningen' 19  7 1985  10460.   11.3   18.0   1.28    2.7    0.0   -99.9
 'Wageningen' 20  7 1985  16290.   11.6   19.2   1.31    3.6    7.3   -99.9
 'Wageningen' 21  7 1985  22040.   10.5   18.7   1.10    3.8    0.0   -99.9
 'Wageningen' 22  7 1985   4220.   10.9   18.6   1.58    5.3    7.1   -99.9
 'Wageningen' 23  7 1985  17780.    9.6   20.9   1.44    2.7    0.0   -99.9
 'Wageningen' 24  7 1985  23890.    7.9   24.6   1.50    1.3    0.0   -99.9
 'Wageningen' 25  7 1985  22460.   11.4   26.3   1.67    2.0    0.0   -99.9
 'Wageningen' 26  7 1985   5730.   16.6   22.9   1.88    2.7    6.3   -99.9
 'Wageningen' 27  7 1985  16950.   14.6   20.6   1.52    3.9    2.2   -99.9
 'Wageningen' 28  7 1985   9760.   14.9   22.3   1.74    2.0    2.0   -99.9
 'Wageningen' 29  7 1985  12250.   15.1   16.3   1.73    3.7   10.5   -99.9
 'Wageningen' 30  7 1985   4560.   14.1   17.8   1.62    4.9   18.2   -99.9
 'Wageningen' 31  7 1985   9930.   10.5   19.1   1.51    2.9    2.5   -99.9
 'Wageningen'  1  8 1985   9070.   10.3   19.4   1.44    2.6    0.0   -99.9
 'Wageningen'  2  8 1985   9670.   11.1   19.0   1.59    3.3    0.5   -99.9
 'Wageningen'  3  8 1985  14760.   11.8   19.1   1.36    4.3    6.4   -99.9
 'Wageningen'  4  8 1985  11430.   11.4   16.9   1.35    4.3    4.9   -99.9
 'Wageningen'  5  8 1985  10230.   10.7   19.0   1.43    5.8    9.8   -99.9
 'Wageningen'  6  8 1985  18700.   10.2   18.2   1.25    2.9    1.2   -99.9
 'Wageningen'  7  8 1985  16400.    9.5   19.1   1.31    2.9    0.9   -99.9
 'Wageningen'  8  8 1985  18190.   13.1   20.0   1.41    3.3    0.7   -99.9
 'Wageningen'  9  8 1985  15940.   13.7   25.7   1.71    2.4    1.4   -99.9
 'Wageningen' 10  8 1985  11170.    9.8   17.6   1.39    3.2   15.8   -99.9
 'Wageningen' 11  8 1985  16980.    8.9   21.3   1.34    3.3    1.0   -99.9
 'Wageningen' 12  8 1985  21420.   11.5   20.1   1.27    3.0    0.0   -99.9
 'Wageningen' 13  8 1985  20730.   11.7   23.3   1.39    2.3    0.0   -99.9
 'Wageningen' 14  8 1985  14870.   12.1   28.7   1.64    2.4    3.6   -99.9
 'Wageningen' 15  8 1985  15900.   10.4   22.1   1.30    1.6    0.0   -99.9
 'Wageningen' 16  8 1985  14560.    8.7   20.7   1.42    1.3    2.4   -99.9
 'Wageningen' 17  8 1985   7630.   10.6   16.5   1.38    2.2   14.7   -99.9
 'Wageningen' 18  8 1985  16410.    8.5   19.7   1.41    1.3    0.0   -99.9
 'Wageningen' 19  8 1985   8840.   14.2   19.9   1.62    3.4    5.7   -99.9
 'Wageningen' 20  8 1985  11090.   14.1   19.4   1.52    1.0    0.0   -99.9
 'Wageningen' 21  8 1985  17150.   12.3   20.6   1.51    3.7    0.7   -99.9
 'Wageningen' 22  8 1985   9910.   11.9   19.0   1.56    2.2    3.2   -99.9
 'Wageningen' 23  8 1985  10770.   11.8   18.0   1.35    2.6    0.0   -99.9
 'Wageningen' 24  8 1985   5020.   12.1   17.1   1.43    3.8    4.6   -99.9
 'Wageningen' 25  8 1985  15670.   10.5   17.8   1.24    3.6    0.3   -99.9
 'Wageningen' 26  8 1985   8400.    9.8   15.9   1.31    2.7    4.2   -99.9
 'Wageningen' 27  8 1985  18940.    8.7   18.9   1.23    1.9    0.0   -99.9
 'Wageningen' 28  8 1985  18750.   10.4   22.4   1.38    1.7    0.0   -99.9
 'Wageningen' 29  8 1985  16400.   10.4   25.0   1.52    1.0    0.0   -99.9
 'Wageningen' 30  8 1985  17370.   13.3   24.9   1.49    1.9    0.0   -99.9
 'Wageningen' 31  8 1985   6310.   14.6   19.3   1.72    2.8   14.2   -99.9
 'Wageningen'  1  9 1985  11890.   12.7   17.6   1.32    5.1    0.1   -99.9
 'Wageningen'  2  9 1985  11030.   12.6   17.7   1.31    2.9    0.1   -99.9
 'Wageningen'  3  9 1985   8690.   11.6   17.7   1.40    4.0    1.7   -99.9
 'Wageningen'  4  9 1985   8970.   10.9   16.6   1.30    2.8   17.9   -99.9
 'Wageningen'  5  9 1985   5840.    9.2   18.0   1.35    4.5    2.3   -99.9
 'Wageningen'  6  9 1985  15310.    6.6   14.4   0.94    4.5    2.5   -99.9
 'Wageningen'  7  9 1985  11360.    6.9   15.2   1.04    3.2    2.8   -99.9
 'Wageningen'  8  9 1985   5740.   10.0   15.3   1.32    1.3    7.3   -99.9
 'Wageningen'  9  9 1985  12940.    5.0   15.2   1.02    1.4    1.5   -99.9
 'Wageningen' 10  9 1985  14380.    4.5   19.2   1.22    1.6    0.0   -99.9
 'Wageningen' 11  9 1985  10680.   11.0   21.6   1.48    1.1    0.0   -99.9
 'Wageningen' 12  9 1985  13970.    7.8   23.4   1.50    2.0    0.0   -99.9
 'Wageningen' 13  9 1985   4890.    6.7   16.8   1.35    1.8    0.0   -99.9
 'Wageningen' 14  9 1985   8480.    6.1   15.5   1.18    2.6    0.7   -99.9
 'Wageningen' 15  9 1985  12440.   10.8   16.8   1.23    3.9    0.2   -99.9
 'Wageningen' 16  9 1985   6290.    9.0   15.7   1.24    4.0    7.4   -99.9
 'Wageningen' 17  9 1985   2760.   12.2   17.8   1.73    4.1    0.4   -99.9
 'Wageningen' 18  9 1985   7400.   12.2   19.7   1.65    1.3    3.7   -99.9
 'Wageningen' 19  9 1985  12990.   13.9   24.1   1.65    3.9    3.4   -99.9
 'Wageningen' 20  9 1985   4720.   13.7   17.9   1.60    1.8    0.0   -99.9
 'Wageningen' 21  9 1985   8710.   12.3   22.3   1.66    3.0    0.0   -99.9
 'Wageningen' 22  9 1985   4410.   13.6   19.2   1.71    3.5    1.9   -99.9
 'Wageningen' 23  9 1985   8350.    9.6   19.8   1.53    1.9    0.9   -99.9
 'Wageningen' 24  9 1985   8550.   10.5   17.5   1.44    1.4    0.1   -99.9
 'Wageningen' 25  9 1985   9280.    7.2   18.4   1.32    0.7    0.0   -99.9
 'Wageningen' 26  9 1985  10590.    7.8   19.6   1.34    0.9    0.0   -99.9
 'Wageningen' 27  9 1985  12070.    6.3   21.4   1.26    0.8    0.0   -99.9
 'Wageningen' 28  9 1985   6330.    8.1   18.3   1.38    0.9    0.0   -99.9
 'Wageningen' 29  9 1985  13180.    5.1   19.4   1.11    1.4    0.0   -99.9
 'Wageningen' 30  9 1985  10940.    8.0   22.1   1.48    1.4    0.0   -99.9
 'Wageningen'  1 10 1985  11760.   12.6   23.4   1.51    2.2    0.0   -99.9
 'Wageningen'  2 10 1985   7970.   14.5   20.9   1.66    2.1    0.0   -99.9
 'Wageningen'  3 10 1985   6860.   16.2   22.8   1.75    2.8    0.0   -99.9
 'Wageningen'  4 10 1985   7610.   12.9   20.2   1.52    2.3    1.1   -99.9
 'Wageningen'  5 10 1985  10850.    8.8   18.9   1.30    1.6    0.0   -99.9
 'Wageningen'  6 10 1985  10390.    9.0   20.1   1.30    2.4    0.0   -99.9
 'Wageningen'  7 10 1985   4890.   12.5   19.4   1.42    2.8    0.0   -99.9
 'Wageningen'  8 10 1985   5930.    7.8   14.0   1.11    3.6   13.2   -99.9
 'Wageningen'  9 10 1985   4170.    8.8   14.0   1.15    3.9    5.5   -99.9
 'Wageningen' 10 10 1985   6610.    9.6   15.4   1.39    3.5    0.8   -99.9
 'Wageningen' 11 10 1985   3160.   10.0   17.6   1.43    3.2    0.0   -99.9
 'Wageningen' 12 10 1985   8470.    4.0   15.5   1.01    0.8    0.1   -99.9
 'Wageningen' 13 10 1985  10820.    1.9   15.1   0.90    0.8    0.1   -99.9
 'Wageningen' 14 10 1985   6150.    4.2   15.7   1.22    1.4    0.0   -99.9
 'Wageningen' 15 10 1985   3220.    9.6   14.1   1.34    1.4    0.5   -99.9
 'Wageningen' 16 10 1985   3130.    9.4   13.3   1.31    0.9    0.6   -99.9
 'Wageningen' 17 10 1985   2960.   11.1   13.8   1.30    0.6    1.5   -99.9
 'Wageningen' 18 10 1985   1860.   10.3   12.4   1.22    0.9    0.0   -99.9
 'Wageningen' 19 10 1985   6420.    3.7   13.6   0.99    1.0    0.0   -99.9
 'Wageningen' 20 10 1985   9520.    1.0   14.0   0.86    1.6    0.0   -99.9
 'Wageningen' 21 10 1985   9450.    2.3   15.2   0.82    2.1    0.0   -99.9
 'Wageningen' 22 10 1985   8510.    2.5   12.5   0.82    3.2    0.0   -99.9
 'Wageningen' 23 10 1985   8450.    3.9   12.7   0.76    2.9    0.0   -99.9
 'Wageningen' 24 10 1985   7540.    4.2   14.8   0.64    2.8    0.0   -99.9
 'Wageningen' 25 10 1985   8170.    1.6   10.4   0.71    2.4    0.0   -99.9
 'Wageningen' 26 10 1985   7540.   -1.4   10.1   0.68    1.4    0.0   -99.9
 'Wageningen' 27 10 1985   2340.   -1.2    3.8   0.70    1.3    0.1   -99.9
 'Wageningen' 28 10 1985   3620.    3.6    9.0   0.91    1.1    0.3   -99.9
 'Wageningen' 29 10 1985   2330.    2.5    8.8   0.87    1.6    0.0   -99.9
 'Wageningen' 30 10 1985   2120.    2.7    5.0   0.72    1.8    0.0   -99.9
 'Wageningen' 31 10 1985   1450.    2.1    3.4   0.63    1.7    0.0   -99.9
 'Wageningen'  1 11 1985   2410.    2.6    6.9   0.78    2.5    0.0   -99.9
 'Wageningen'  2 11 1985   4580.    2.4    7.5   0.75    3.9    1.7   -99.9
 'Wageningen'  3 11 1985   7270.   -0.2    7.7   0.61    2.4    1.9   -99.9
 'Wageningen'  4 11 1985   7030.   -2.2    7.7   0.61    2.6    0.0   -99.9
 'Wageningen'  5 11 1985   1500.    6.4   14.2   1.07    6.0    2.5   -99.9
 'Wageningen'  6 11 1985   6350.    2.5    8.1   0.64    6.0   13.9   -99.9
 'Wageningen'  7 11 1985   4630.    4.4   11.2   0.87    5.0    2.1   -99.9
 'Wageningen'  8 11 1985   1870.    5.0   12.9   1.11    3.3    1.2   -99.9
 'Wageningen'  9 11 1985   4800.   10.5   15.2   1.23    6.0    5.5   -99.9
 'Wageningen' 10 11 1985   2860.    0.6   11.4   0.80    5.7    7.4   -99.9
 'Wageningen' 11 11 1985   3260.    0.3    4.2   0.64    4.8   18.2   -99.9
 'Wageningen' 12 11 1985   4440.    0.4    5.9   0.69    2.5    6.0   -99.9
 'Wageningen' 13 11 1985   4230.    1.9    7.9   0.77    1.3    0.0   -99.9
 'Wageningen' 14 11 1985   3130.   -1.0    4.7   0.61    1.4    1.3   -99.9
 'Wageningen' 15 11 1985   2170.   -2.0    3.5   0.63    3.1    0.0   -99.9
 'Wageningen' 16 11 1985   2590.    2.9    4.4   0.73    2.2    2.3   -99.9
 'Wageningen' 17 11 1985   4490.   -1.1    3.4   0.55    2.6    0.0   -99.9
 'Wageningen' 18 11 1985   5310.   -1.9    1.8   0.42    4.8    0.0   -99.9
 'Wageningen' 19 11 1985   3750.   -4.1   -1.7   0.35    5.0    0.0   -99.9
 'Wageningen' 20 11 1985   2950.   -3.5   -2.2   0.39    3.2    0.0   -99.9
 'Wageningen' 21 11 1985   2080.   -2.5    1.2   0.53    2.5    0.3   -99.9
 'Wageningen' 22 11 1985   1520.   -3.0    1.2   0.55    1.9    0.3   -99.9
 'Wageningen' 23 11 1985   2200.   -2.5    0.6   0.51    2.9    2.5   -99.9
 'Wageningen' 24 11 1985   2280.   -3.8   -0.4   0.50    1.7    0.0   -99.9
 'Wageningen' 25 11 1985   2000.   -1.4    0.9   0.59    1.3    0.0   -99.9
 'Wageningen' 26 11 1985   1430.   -1.5    1.6   0.57    2.4    0.0   -99.9
 'Wageningen' 27 11 1985   1540.    0.6    2.6   0.64    3.6    1.0   -99.9
 'Wageningen' 28 11 1985   3490.   -2.8    3.7   0.54    3.2    2.3   -99.9
 'Wageningen' 29 11 1985   4390.   -2.1    3.3   0.57    2.3    0.6   -99.9
 'Wageningen' 30 11 1985   1400.   -0.6    2.0   0.61    2.7    2.3   -99.9
 'Wageningen'  1 12 1985   1970.    2.1   11.4   0.91    3.5    2.1   -99.9
 'Wageningen'  2 12 1985    850.    9.0   12.3   1.03    3.3    0.0   -99.9
 'Wageningen'  3 12 1985   1000.   10.7   13.2   1.12    4.5    4.4   -99.9
 'Wageningen'  4 12 1985    830.   10.4   11.5   1.21    3.0    0.3   -99.9
 'Wageningen'  5 12 1985   1610.    7.3   13.3   0.99    4.4    6.6   -99.9
 'Wageningen'  6 12 1985   1040.    6.1    8.6   0.85    6.6    4.0   -99.9
 'Wageningen'  7 12 1985   2050.    5.2   10.3   1.01    4.2    9.6   -99.9
 'Wageningen'  8 12 1985   1320.    3.9    7.5   0.90    2.2    0.2   -99.9
 'Wageningen'  9 12 1985    760.    4.6    8.6   0.93    3.4    0.9   -99.9
 'Wageningen' 10 12 1985   2280.   -0.2    7.0   0.72    2.5    0.5   -99.9
 'Wageningen' 11 12 1985    820.   -0.6    2.2   0.61    1.8    0.5   -99.9
 'Wageningen' 12 12 1985   1320.   -0.9    2.1   0.60    3.1    0.0   -99.9
 'Wageningen' 13 12 1985    370.    0.9    6.0   0.67    4.1    0.0   -99.9
 'Wageningen' 14 12 1985    640.    6.0   10.7   1.09    3.5    6.6   -99.9
 'Wageningen' 15 12 1985    550.    9.3   10.9   1.13    5.4    0.3   -99.9
 'Wageningen' 16 12 1985    720.    8.2   10.6   1.04    5.0    1.6   -99.9
 'Wageningen' 17 12 1985   1190.    7.8    9.3   0.99    4.5    0.0   -99.9
 'Wageningen' 18 12 1985    830.    5.7   10.4   0.99    4.8    3.0   -99.9
 'Wageningen' 19 12 1985   2520.    4.4    7.7   0.78    6.8    1.3   -99.9
 'Wageningen' 20 12 1985   1140.    6.0   10.0   0.97    5.5    1.1   -99.9
 'Wageningen' 21 12 1985   1790.    4.6    7.9   0.75    4.2    3.8   -99.9
 'Wageningen' 22 12 1985   3100.    3.2   10.4   0.64    3.7    0.0   -99.9
 'Wageningen' 23 12 1985   1480.    4.7    7.7   0.81    4.3    0.3   -99.9
 'Wageningen' 24 12 1985    700.    3.4    6.9   0.76    3.6    0.0   -99.9
 'Wageningen' 25 12 1985   1240.    6.9    8.9   0.94    2.8    4.3   -99.9
 'Wageningen' 26 12 1985    660.    0.2    8.0   0.81    1.5   10.5   -99.9
 'Wageningen' 27 12 1985   2280.   -3.0    0.4   0.46    0.7   26.0   -99.9
 'Wageningen' 28 12 1985    940.   -6.2   -3.0   0.43    1.1    0.0   -99.9
 'Wageningen' 29 12 1985   2000.   -3.7   -1.2   0.46    1.7    0.0   -99.9
 'Wageningen' 30 12 1985    900.   -5.3   -2.4   0.45    2.9    0.0   -99.9
 'Wageningen' 31 12 1985   3410.   -6.2   -3.0   0.66    5.4    0.0   -99.9
