***************************************************************************
* File name: Wageni.966
* Contents: SWAP  3.0 - Meteo data of Wageningen weather station                
***************************************************************************     
* Comment area:                                                                 
*                                                                               
*                                                                               
***************************************************************************     
    Station   DD MM YYYY     RAD   Tmin   Tmax    HUM   WIND   RAIN   ETref     
*             nr nr   nr   kJ/m2      C      C    kPa    m/s     mm      mm     
 'Wageningen'  1  1 1966    712.    5.4   11.2   0.85    6.6    6.4   -99.9
 'Wageningen'  2  1 1966    712.    6.0    7.5   0.85    6.0   13.7   -99.9
 'Wageningen'  3  1 1966   2973.    3.5    5.5   0.65    4.1    0.4   -99.9
 'Wageningen'  4  1 1966   3349.   -1.5    4.5   0.56    0.6    0.1   -99.9
 'Wageningen'  5  1 1966   2763.   -2.9    1.5   0.52    2.1    0.0   -99.9
 'Wageningen'  6  1 1966   3224.   -2.1    1.3   0.45    3.6    0.0   -99.9
 'Wageningen'  7  1 1966   3224.   -2.5    2.9   0.40    2.6    0.0   -99.9
 'Wageningen'  8  1 1966   3224.   -4.0    5.6   0.50    1.6    0.0   -99.9
 'Wageningen'  9  1 1966   3391.   -4.5    0.1   0.42    3.3    0.0   -99.9
 'Wageningen' 10  1 1966   2596.   -4.0    0.4   0.45    3.6    0.0   -99.9
 'Wageningen' 11  1 1966   2428.   -7.3   -2.5   0.32    3.1    0.1   -99.9
 'Wageningen' 12  1 1966   1717.   -6.2   -1.0   0.42    2.3    0.1   -99.9
 'Wageningen' 13  1 1966   2010.   -7.4   -1.8   0.36    1.2    0.5   -99.9
 'Wageningen' 14  1 1966   4982.  -11.1   -3.6   0.33    0.8    0.2   -99.9
 'Wageningen' 15  1 1966   1633.  -11.0   -3.0   0.45    0.5    0.9   -99.9
 'Wageningen' 16  1 1966   4312.   -9.0   -6.0   0.30    0.7    0.7   -99.9
 'Wageningen' 17  1 1966   1758.  -10.0   -6.3   0.32    0.2    0.0   -99.9
 'Wageningen' 18  1 1966   3433.   -9.4   -5.5   0.28    0.9    0.0   -99.9
 'Wageningen' 19  1 1966   3559.  -11.3   -3.1   0.33    2.2    0.0   -99.9
 'Wageningen' 20  1 1966   2805.  -10.5    0.5   0.34    5.6    2.7   -99.9
 'Wageningen' 21  1 1966    670.   -6.3    2.0   0.64    3.4    4.8   -99.9
 'Wageningen' 22  1 1966   3098.    0.5    5.0   0.71    2.0    0.4   -99.9
 'Wageningen' 23  1 1966   1047.    0.0    0.6   0.60    2.0    0.0   -99.9
 'Wageningen' 24  1 1966   1214.   -0.1    2.6   0.70    1.0    0.0   -99.9
 'Wageningen' 25  1 1966   2889.    0.4    3.5   0.64    3.6    0.0   -99.9
 'Wageningen' 26  1 1966    921.    0.3    5.5   0.67    3.2    0.4   -99.9
 'Wageningen' 27  1 1966    670.    0.5    7.4   0.98    3.5    2.0   -99.9
 'Wageningen' 28  1 1966   1089.    4.0    8.2   0.98    1.8    3.5   -99.9
 'Wageningen' 29  1 1966   1424.    4.0   10.0   0.90    3.4    0.6   -99.9
 'Wageningen' 30  1 1966   1842.    6.0   12.0   1.13    2.4    1.5   -99.9
 'Wageningen' 31  1 1966    963.    8.1   10.5   1.20    2.0    0.3   -99.9
 'Wageningen'  1  2 1966   1214.    6.5    8.9   1.08    0.8    0.5   -99.9
 'Wageningen'  2  2 1966   2428.    6.1   10.1   1.08    2.6    0.8   -99.9
 'Wageningen'  3  2 1966   3475.    2.2    8.1   0.90    2.0    0.0   -99.9
 'Wageningen'  4  2 1966   1256.    2.7   10.0   0.91    3.6    3.6   -99.9
 'Wageningen'  5  2 1966    670.    4.6   13.5   1.19    4.9   15.3   -99.9
 'Wageningen'  6  2 1966    754.    8.5   10.4   1.11    2.8   16.5   -99.9
 'Wageningen'  7  2 1966   1507.    6.5    8.3   0.96    3.2   10.8   -99.9
 'Wageningen'  8  2 1966   1424.    4.0   11.9   1.11    5.0   10.5   -99.9
 'Wageningen'  9  2 1966   1507.   -1.2   -1.2   0.42    2.7    1.0   -99.9
 'Wageningen' 10  2 1966   1130.   -4.0    0.0   0.53    1.5    7.9   -99.9
 'Wageningen' 11  2 1966    921.   -3.3   -1.2   0.48    1.8    1.8   -99.9
 'Wageningen' 12  2 1966    837.   -3.4   -1.0   0.50    2.0    9.5   -99.9
 'Wageningen' 13  2 1966   1214.   -3.0    0.0   0.55    0.9    0.3   -99.9
 'Wageningen' 14  2 1966   2889.   -2.0    0.1   0.48    0.5    0.1   -99.9
 'Wageningen' 15  2 1966   5066.   -2.5    1.2   0.55    1.0    0.0   -99.9
 'Wageningen' 16  2 1966   5694.   -2.5    0.8   0.49    2.8    0.0   -99.9
 'Wageningen' 17  2 1966   5275.   -5.8   -2.1   0.36    2.6    0.0   -99.9
 'Wageningen' 18  2 1966   5485.  -12.7    2.9   0.41    1.0    0.4   -99.9
 'Wageningen' 19  2 1966   2470.  -11.6    6.6   0.75    2.9    2.6   -99.9
 'Wageningen' 20  2 1966   2470.    2.1    9.8   0.95    3.4    3.4   -99.9
 'Wageningen' 21  2 1966   3517.    5.6   12.0   0.99    3.6    0.5   -99.9
 'Wageningen' 22  2 1966   6029.    5.1   13.6   0.85    3.1    0.1   -99.9
 'Wageningen' 23  2 1966   7369.    3.4    9.8   0.71    4.3    0.0   -99.9
 'Wageningen' 24  2 1966   5987.    4.1   10.0   0.68    3.3    3.6   -99.9
 'Wageningen' 25  2 1966   2596.    5.0   12.6   0.99    3.8    5.7   -99.9
 'Wageningen' 26  2 1966   5150.    8.0   13.8   1.02    4.7    1.0   -99.9
 'Wageningen' 27  2 1966   7159.    8.3   12.4   0.85    4.1    0.0   -99.9
 'Wageningen' 28  2 1966   6364.    3.6   10.4   0.75    2.9    0.3   -99.9
 'Wageningen'  1  3 1966   6448.    5.5    9.4   0.79    3.5    0.1   -99.9
 'Wageningen'  2  3 1966   4103.    0.8   10.9   1.00    2.0    0.9   -99.9
 'Wageningen'  3  3 1966   3014.    3.0    8.1   0.88    2.0    1.0   -99.9
 'Wageningen'  4  3 1966   2680.    4.0    8.6   0.91    0.7    0.0   -99.9
 'Wageningen'  5  3 1966   5150.    1.5    9.5   0.75    0.6    0.0   -99.9
 'Wageningen'  6  3 1966   9211.   -0.6   12.5   0.83    2.0    0.2   -99.9
 'Wageningen'  7  3 1966   2303.    1.0    7.7   0.90    1.8    0.1   -99.9
 'Wageningen'  8  3 1966   4689.    3.3    8.5   0.85    1.5    2.0   -99.9
 'Wageningen'  9  3 1966   6866.    3.5   11.3   0.79    1.8    0.6   -99.9
 'Wageningen' 10  3 1966   3098.    3.5    9.0   0.95    4.8   10.1   -99.9
 'Wageningen' 11  3 1966   6029.    5.0    8.5   0.68    4.3    6.6   -99.9
 'Wageningen' 12  3 1966   4187.    1.4    5.9   0.72    4.3    6.4   -99.9
 'Wageningen' 13  3 1966   7034.   -0.6    5.9   0.62    1.5    1.3   -99.9
 'Wageningen' 14  3 1966   8750.   -4.6    6.6   0.52    1.4    0.0   -99.9
 'Wageningen' 15  3 1966   3098.   -1.2    9.0   0.88    2.9    0.4   -99.9
 'Wageningen' 16  3 1966   4145.   -1.8    9.0   0.90    0.8    0.0   -99.9
 'Wageningen' 17  3 1966   2303.    1.8    8.9   0.98    1.6    3.1   -99.9
 'Wageningen' 18  3 1966   3936.    5.0    7.2   0.77    3.6    1.9   -99.9
 'Wageningen' 19  3 1966   9672.    3.9    8.3   0.52    1.9    0.0   -99.9
 'Wageningen' 20  3 1966  14570.   -5.0   10.0   0.60    0.9    0.1   -99.9
 'Wageningen' 21  3 1966   5108.   -1.0    9.4   0.88    2.3    0.1   -99.9
 'Wageningen' 22  3 1966   4899.    2.0    9.7   0.70    2.3    0.0   -99.9
 'Wageningen' 23  3 1966   5652.    4.1    8.4   0.68    3.9    6.6   -99.9
 'Wageningen' 24  3 1966   7746.    2.7    7.2   0.52    4.4   10.1   -99.9
 'Wageningen' 25  3 1966   9253.   -1.1    5.0   0.53    4.5    2.2   -99.9
 'Wageningen' 26  3 1966   4647.   -1.6    7.5   0.63    3.0    1.0   -99.9
 'Wageningen' 27  3 1966   4229.    0.6   10.3   0.84    7.6   17.3   -99.9
 'Wageningen' 28  3 1966   5987.    1.9    6.7   0.71    6.2    3.4   -99.9
 'Wageningen' 29  3 1966   8792.    0.5    6.5   0.67    3.6    3.3   -99.9
 'Wageningen' 30  3 1966   3810.   -0.2    6.5   0.83    2.9    7.1   -99.9
 'Wageningen' 31  3 1966   4522.    1.5    9.8   0.85    2.9    0.4   -99.9
 'Wageningen'  1  4 1966   5736.    5.7   11.7   0.90    2.0    0.0   -99.9
 'Wageningen'  2  4 1966   5401.    5.5   11.9   1.08    1.6    2.5   -99.9
 'Wageningen'  3  4 1966   9546.    5.4   12.1   0.99    1.7    0.0   -99.9
 'Wageningen'  4  4 1966   5945.    3.8    9.2   0.83    1.4    0.0   -99.9
 'Wageningen'  5  4 1966  10300.    2.2   11.3   0.84    2.1    2.2   -99.9
 'Wageningen'  6  4 1966   5778.    6.0   13.3   1.11    2.0    9.8   -99.9
 'Wageningen'  7  4 1966  11556.    4.4   16.0   1.13    1.4    7.4   -99.9
 'Wageningen'  8  4 1966   7034.    7.9   16.0   1.30    2.0    0.6   -99.9
 'Wageningen'  9  4 1966  10467.    8.4   17.0   1.13    1.8   13.8   -99.9
 'Wageningen' 10  4 1966   6615.   10.0   13.3   1.13    2.9    0.1   -99.9
 'Wageningen' 11  4 1966  11807.    2.7   16.9   1.10    1.5   19.5   -99.9
 'Wageningen' 12  4 1966   3684.    5.2    6.4   0.85    2.1    2.1   -99.9
 'Wageningen' 13  4 1966   2721.    1.5    3.0   0.63    2.2    0.1   -99.9
 'Wageningen' 14  4 1966   8750.   -4.0    3.3   0.47    2.0    0.5   -99.9
 'Wageningen' 15  4 1966   5443.   -0.6    4.5   0.57    2.5    0.2   -99.9
 'Wageningen' 16  4 1966   3977.   -0.1    7.1   0.88    1.1    0.6   -99.9
 'Wageningen' 17  4 1966   5275.    2.6    6.7   0.75    1.8    0.3   -99.9
 'Wageningen' 18  4 1966   4229.    3.0   12.1   1.06    3.1   13.4   -99.9
 'Wageningen' 19  4 1966   8164.    4.5   14.2   1.11    3.4    3.7   -99.9
 'Wageningen' 20  4 1966   6071.    9.3    8.0   0.85    3.4    1.0   -99.9
 'Wageningen' 21  4 1966  12560.    3.2   10.6   0.88    2.9    1.8   -99.9
 'Wageningen' 22  4 1966  11807.   -0.6   14.4   0.85    2.0    1.5   -99.9
 'Wageningen' 23  4 1966   4354.    6.5   13.2   1.25    2.6    4.3   -99.9
 'Wageningen' 24  4 1966   8750.    8.5   15.0   1.03    1.2    5.8   -99.9
 'Wageningen' 25  4 1966  14528.    5.9   15.9   1.10    1.0    0.1   -99.9
 'Wageningen' 26  4 1966  20097.    0.0   18.5   0.98    0.4    0.0   -99.9
 'Wageningen' 27  4 1966   9420.    7.5   20.2   1.29    2.0   22.3   -99.9
 'Wageningen' 28  4 1966  19343.    8.4   15.8   0.91    2.1    0.1   -99.9
 'Wageningen' 29  4 1966  22106.    3.2   17.5   0.63    0.8    0.0   -99.9
 'Wageningen' 30  4 1966  22776.    2.0   20.7   0.63    1.8    0.0   -99.9
 'Wageningen'  1  5 1966  22023.   10.4   23.7   1.02    2.2    0.0   -99.9
 'Wageningen'  2  5 1966  21646.    9.7   25.7   0.98    2.3    0.0   -99.9
 'Wageningen'  3  5 1966  20976.   11.5   23.6   1.22    1.6    5.3   -99.9
 'Wageningen'  4  5 1966  14528.   10.0   17.2   1.07    2.3    5.3   -99.9
 'Wageningen'  5  5 1966   7201.    9.8   13.7   1.32    3.6    6.0   -99.9
 'Wageningen'  6  5 1966  16329.    7.8   15.7   0.94    2.9    0.1   -99.9
 'Wageningen'  7  5 1966  10844.    5.9   15.0   0.98    1.5   20.9   -99.9
 'Wageningen'  8  5 1966  19008.    2.2   14.3   0.72    1.8    0.0   -99.9
 'Wageningen'  9  5 1966  13649.    7.6   16.1   0.96    1.6    0.0   -99.9
 'Wageningen' 10  5 1966  11639.    4.5   14.9   1.27    1.5    0.0   -99.9
 'Wageningen' 11  5 1966  15575.    3.5   16.0   0.96    1.1    0.0   -99.9
 'Wageningen' 12  5 1966  17291.   10.3   21.6   0.95    2.1    0.0   -99.9
 'Wageningen' 13  5 1966  17333.    9.3   23.3   1.39    0.9    0.0   -99.9
 'Wageningen' 14  5 1966  19720.    8.2   19.6   1.03    1.2    0.0   -99.9
 'Wageningen' 15  5 1966  20976.    4.5   21.4   1.18    2.0    0.0   -99.9
 'Wageningen' 16  5 1966  18548.   11.1   23.2   1.42    2.8    0.0   -99.9
 'Wageningen' 17  5 1966  18841.   16.2   27.2   1.86    2.1    1.2   -99.9
 'Wageningen' 18  5 1966   9630.   11.9   19.7   1.42    1.6    0.2   -99.9
 'Wageningen' 19  5 1966  18464.    8.2   17.1   0.91    2.5    1.3   -99.9
 'Wageningen' 20  5 1966  19636.    7.0   15.6   0.76    3.6    0.0   -99.9
 'Wageningen' 21  5 1966  12351.    5.1   16.7   1.23    2.2    0.0   -99.9
 'Wageningen' 22  5 1966  19427.   10.0   26.4   1.42    3.7    7.7   -99.9
 'Wageningen' 23  5 1966  18003.    9.4   15.0   0.76    5.3    0.0   -99.9
 'Wageningen' 24  5 1966  17040.    6.1   16.5   0.77    1.5    1.8   -99.9
 'Wageningen' 25  5 1966   8374.    8.6   15.0   1.29    2.2   12.5   -99.9
 'Wageningen' 26  5 1966   6406.   10.0   13.5   1.11    3.7    2.4   -99.9
 'Wageningen' 27  5 1966  22190.    7.5   15.0   0.96    3.6    0.0   -99.9
 'Wageningen' 28  5 1966  17920.    6.0   15.2   1.03    2.0    0.0   -99.9
 'Wageningen' 29  5 1966  17417.    4.4   16.9   0.65    1.5    0.0   -99.9
 'Wageningen' 30  5 1966  22023.    2.3   17.1   1.15    2.2    0.0   -99.9
 'Wageningen' 31  5 1966   9797.    8.6   16.1   1.02    1.4    0.0   -99.9
 'Wageningen'  1  6 1966  12184.    7.4   16.5   1.04    1.3    0.0   -99.9
 'Wageningen'  2  6 1966   9253.    6.9   15.1   1.32    1.3    0.0   -99.9
 'Wageningen'  3  6 1966  16412.    3.9   20.6   1.30    1.2    0.0   -99.9
 'Wageningen'  4  6 1966  20892.    9.0   26.1   1.56    1.9    0.0   -99.9
 'Wageningen'  5  6 1966  18757.   11.6   23.6   1.37    1.8    0.0   -99.9
 'Wageningen'  6  6 1966  18757.   12.1   21.0   1.39    1.8    0.0   -99.9
 'Wageningen'  7  6 1966  20473.   10.5   21.9   1.13    1.0    0.0   -99.9
 'Wageningen'  8  6 1966  19176.   12.9   25.6   1.43    0.8    0.0   -99.9
 'Wageningen'  9  6 1966  20473.   11.4   27.8   1.65    2.1    0.0   -99.9
 'Wageningen' 10  6 1966  18924.   15.0   31.1   1.77    1.8    0.0   -99.9
 'Wageningen' 11  6 1966  16454.   16.4   27.8   2.19    1.5    0.8   -99.9
 'Wageningen' 12  6 1966   6406.   16.9   22.2   2.11    1.3    0.7   -99.9
 'Wageningen' 13  6 1966  18213.   14.4   23.5   1.49    1.6    0.0   -99.9
 'Wageningen' 14  6 1966  22525.   10.6   25.6   1.53    1.1    0.0   -99.9
 'Wageningen' 15  6 1966  20976.   10.8   28.0   1.73    1.2    0.0   -99.9
 'Wageningen' 16  6 1966  18296.   14.3   30.5   1.80    1.1    0.0   -99.9
 'Wageningen' 17  6 1966  16077.   14.4   28.1   2.04    1.2    5.4   -99.9
 'Wageningen' 18  6 1966   9881.   10.7   21.1   1.68    2.3   63.9   -99.9
 'Wageningen' 19  6 1966  15994.   11.0   18.8   1.35    2.7    0.1   -99.9
 'Wageningen' 20  6 1966  16580.   10.3   18.9   1.27    1.7    9.7   -99.9
 'Wageningen' 21  6 1966  11681.   13.1   18.6   1.31    2.5    2.5   -99.9
 'Wageningen' 22  6 1966  18464.   10.8   22.6   1.52    1.1    0.0   -99.9
 'Wageningen' 23  6 1966  13356.   14.6   20.0   1.27    3.1    2.4   -99.9
 'Wageningen' 24  6 1966  16245.   10.7   18.7   1.40    2.0   12.8   -99.9
 'Wageningen' 25  6 1966   5610.   11.1   16.4   1.25    3.5    9.1   -99.9
 'Wageningen' 26  6 1966  14947.   13.0   20.1   1.40    2.8    4.2   -99.9
 'Wageningen' 27  6 1966   3852.   12.8   16.2   1.73    4.3   16.7   -99.9
 'Wageningen' 28  6 1966   4940.   11.4   14.1   1.34    5.4    4.3   -99.9
 'Wageningen' 29  6 1966   6741.   11.4   15.5   1.30    4.3    0.0   -99.9
 'Wageningen' 30  6 1966  18087.   11.2   18.8   1.18    2.3    0.0   -99.9
 'Wageningen'  1  7 1966  17836.    4.6   21.5   1.34    0.6    0.0   -99.9
 'Wageningen'  2  7 1966  19887.    8.0   24.0   1.35    0.8    0.0   -99.9
 'Wageningen'  3  7 1966  18841.    9.5   25.5   1.89    1.0    0.0   -99.9
 'Wageningen'  4  7 1966  10509.   14.6   22.6   1.78    1.2    0.1   -99.9
 'Wageningen'  5  7 1966  18045.   15.0   21.6   1.56    1.4    3.0   -99.9
 'Wageningen'  6  7 1966  10802.   12.9   19.0   1.16    1.7    4.3   -99.9
 'Wageningen'  7  7 1966  10676.    9.9   16.5   1.30    1.8    0.4   -99.9
 'Wageningen'  8  7 1966   9169.    9.6   18.1   1.25    1.7    0.9   -99.9
 'Wageningen'  9  7 1966   9295.   14.0   21.8   1.90    1.3    3.4   -99.9
 'Wageningen' 10  7 1966   8290.   15.7   21.9   1.88    1.1    7.5   -99.9
 'Wageningen' 11  7 1966   7243.   12.6   17.9   1.56    2.6    1.5   -99.9
 'Wageningen' 12  7 1966  10593.    8.4   20.2   1.35    2.3    0.0   -99.9
 'Wageningen' 13  7 1966   8792.   14.4   19.1   1.47    3.5    2.7   -99.9
 'Wageningen' 14  7 1966  13314.   13.6   17.0   1.37    3.6    6.5   -99.9
 'Wageningen' 15  7 1966  14026.    9.6   17.8   1.25    2.1    8.2   -99.9
 'Wageningen' 16  7 1966   6908.   12.0   17.3   1.40    2.4    0.2   -99.9
 'Wageningen' 17  7 1966  17166.    8.0   16.7   1.10    1.2    2.7   -99.9
 'Wageningen' 18  7 1966  11011.    7.6   17.2   1.22    2.0   11.6   -99.9
 'Wageningen' 19  7 1966   6824.   14.0   24.0   1.99    1.7   69.1   -99.9
 'Wageningen' 20  7 1966   6029.   15.0   19.0   1.86    1.2   12.8   -99.9
 'Wageningen' 21  7 1966   5317.   15.3   20.8   1.82    1.1    1.7   -99.9
 'Wageningen' 22  7 1966  13691.   15.5   20.6   1.87    2.4    0.0   -99.9
 'Wageningen' 23  7 1966  21520.   13.0   23.4   1.71    1.4    0.0   -99.9
 'Wageningen' 24  7 1966  20390.   12.0   23.6   1.71    2.0   14.5   -99.9
 'Wageningen' 25  7 1966  17082.   12.0   19.0   1.13    2.1    0.0   -99.9
 'Wageningen' 26  7 1966  10341.   10.4   19.1   1.30    1.0    0.5   -99.9
 'Wageningen' 27  7 1966  11974.   13.5   18.3   1.19    2.1    0.9   -99.9
 'Wageningen' 28  7 1966  15868.    7.6   19.2   0.95    1.2    1.1   -99.9
 'Wageningen' 29  7 1966   6322.   12.5   16.8   1.49    2.2    3.0   -99.9
 'Wageningen' 30  7 1966  14235.   10.4   18.0   1.30    4.9   13.8   -99.9
 'Wageningen' 31  7 1966  11011.   11.4   18.0   1.49    2.6    7.4   -99.9
 'Wageningen'  1  8 1966   9043.   11.5   17.2   1.30    2.8    5.9   -99.9
 'Wageningen'  2  8 1966  16370.   11.5   19.8   1.13    2.6    4.2   -99.9
 'Wageningen'  3  8 1966   8290.   13.1   21.0   1.56    2.4    4.1   -99.9
 'Wageningen'  4  8 1966  14528.   15.2   20.2   1.37    2.8    0.8   -99.9
 'Wageningen'  5  8 1966  16998.   11.8   19.2   1.11    3.8    2.6   -99.9
 'Wageningen'  6  8 1966  12560.   11.5   19.1   1.32    2.3    3.5   -99.9
 'Wageningen'  7  8 1966   4564.   12.9   19.4   1.80    1.4    3.1   -99.9
 'Wageningen'  8  8 1966  12602.   13.0   18.5   1.39    2.8    0.1   -99.9
 'Wageningen'  9  8 1966  11472.   10.0   20.5   1.23    1.5    0.3   -99.9
 'Wageningen' 10  8 1966   8583.   13.0   21.4   1.73    2.6    0.2   -99.9
 'Wageningen' 11  8 1966  12519.   15.5   23.0   1.84    2.2    0.0   -99.9
 'Wageningen' 12  8 1966  17082.   16.8   28.7   2.21    1.0    0.0   -99.9
 'Wageningen' 13  8 1966  17082.   13.7   29.4   2.33    1.0    1.1   -99.9
 'Wageningen' 14  8 1966  13147.   14.2   18.8   1.19    3.0    0.0   -99.9
 'Wageningen' 15  8 1966  18129.    7.5   16.7   0.98    2.0    0.0   -99.9
 'Wageningen' 16  8 1966  14319.    5.0   18.2   1.04    1.0    0.2   -99.9
 'Wageningen' 17  8 1966  20348.    4.0   21.4   1.02    1.2    0.0   -99.9
 'Wageningen' 18  8 1966  18464.   10.2   24.4   1.53    2.0    0.0   -99.9
 'Wageningen' 19  8 1966  17208.   13.9   26.2   1.66    1.7    0.0   -99.9
 'Wageningen' 20  8 1966  14863.   12.1   26.2   1.98    1.6    0.0   -99.9
 'Wageningen' 21  8 1966  16370.   10.9   25.1   1.47    1.6    0.0   -99.9
 'Wageningen' 22  8 1966   2512.   12.5   15.6   1.59    2.2   23.4   -99.9
 'Wageningen' 23  8 1966  13188.   11.5   16.5   1.11    1.7    0.2   -99.9
 'Wageningen' 24  8 1966  11011.    6.1   14.9   1.16    0.9    1.3   -99.9
 'Wageningen' 25  8 1966  14821.    6.0   17.9   1.03    0.8    0.0   -99.9
 'Wageningen' 26  8 1966   7871.    7.0   18.4   1.37    0.8    0.0   -99.9
 'Wageningen' 27  8 1966  12225.   12.5   20.6   1.32    1.2    0.0   -99.9
 'Wageningen' 28  8 1966  10551.   12.1   20.9   1.61    1.4    0.0   -99.9
 'Wageningen' 29  8 1966  11932.   12.2   22.9   1.43    1.4    7.3   -99.9
 'Wageningen' 30  8 1966  11053.   13.3   20.0   1.32    1.0    0.2   -99.9
 'Wageningen' 31  8 1966   5652.   12.0   17.6   1.50    1.1    0.5   -99.9
 'Wageningen'  1  9 1966  11095.   11.3   20.1   1.58    2.7    1.4   -99.9
 'Wageningen'  2  9 1966   8792.   14.5   20.0   1.59    4.1    2.8   -99.9
 'Wageningen'  3  9 1966   8415.   14.1   19.7   1.37    3.3    0.0   -99.9
 'Wageningen'  4  9 1966   5443.   11.8   19.5   1.54    2.3    4.3   -99.9
 'Wageningen'  5  9 1966  11430.   13.6   19.7   1.35    2.7    1.9   -99.9
 'Wageningen'  6  9 1966   8206.   14.4   21.0   1.65    3.0    0.2   -99.9
 'Wageningen'  7  9 1966  13272.   13.3   20.3   1.38    2.0    0.0   -99.9
 'Wageningen'  8  9 1966   6280.   12.0   18.0   1.40    0.8    0.4   -99.9
 'Wageningen'  9  9 1966  12560.    2.6   18.7   1.04    0.2    0.0   -99.9
 'Wageningen' 10  9 1966  11179.    3.5   22.6   1.42    0.8    0.0   -99.9
 'Wageningen' 11  9 1966  10844.   10.6   22.8   1.63    0.7    0.0   -99.9
 'Wageningen' 12  9 1966  10593.   11.0   26.1   2.19    2.3    0.7   -99.9
 'Wageningen' 13  9 1966   9085.   13.4   17.6   1.45    3.4    3.0   -99.9
 'Wageningen' 14  9 1966   8457.   11.0   17.9   1.26    3.4   11.5   -99.9
 'Wageningen' 15  9 1966   9253.   11.4   17.0   1.10    4.5    2.1   -99.9
 'Wageningen' 16  9 1966  10634.    7.3   16.6   0.84    1.1    0.0   -99.9
 'Wageningen' 17  9 1966   9253.    5.5   16.7   1.10    0.6    0.1   -99.9
 'Wageningen' 18  9 1966   6866.    4.9   16.6   1.43    0.8    0.0   -99.9
 'Wageningen' 19  9 1966  14989.    1.6   18.2   1.10    0.7    0.0   -99.9
 'Wageningen' 20  9 1966  14068.    1.5   21.0   1.11    0.5    0.0   -99.9
 'Wageningen' 21  9 1966  13230.    1.9   23.0   1.22    0.5    0.1   -99.9
 'Wageningen' 22  9 1966   7453.    6.2   18.5   1.35    0.9    0.1   -99.9
 'Wageningen' 23  9 1966   6113.    3.5   16.0   1.43    0.7    0.0   -99.9
 'Wageningen' 24  9 1966   3140.    9.0   15.0   1.52    0.7    0.0   -99.9
 'Wageningen' 25  9 1966   4103.   11.3   16.1   1.23    0.2    0.0   -99.9
 'Wageningen' 26  9 1966   5527.   10.4   16.1   0.96    0.3    0.0   -99.9
 'Wageningen' 27  9 1966   4187.   10.1   15.5   1.15    0.2    0.0   -99.9
 'Wageningen' 28  9 1966   7369.    9.5   14.8   1.04    1.4    0.0   -99.9
 'Wageningen' 29  9 1966   8290.    6.0   16.4   1.56    1.0    0.1   -99.9
 'Wageningen' 30  9 1966   6155.    5.5   20.5   1.66    0.4    0.0   -99.9
 'Wageningen'  1 10 1966   4438.    9.8   18.4   1.95    1.7    4.4   -99.9
 'Wageningen'  2 10 1966   5234.   10.4   17.5   1.49    1.8   13.5   -99.9
 'Wageningen'  3 10 1966   4857.   12.3   21.5   1.73    1.6    1.4   -99.9
 'Wageningen'  4 10 1966   5150.   16.0   21.0   1.87    1.6   10.3   -99.9
 'Wageningen'  5 10 1966   2889.   12.0   12.5   1.13    1.2    1.0   -99.9
 'Wageningen'  6 10 1966   5024.    9.3   19.3   1.72    1.0    0.1   -99.9
 'Wageningen'  7 10 1966  10551.   10.2   21.3   1.32    0.8    0.1   -99.9
 'Wageningen'  8 10 1966   3768.    7.5   18.5   1.84    0.4    0.4   -99.9
 'Wageningen'  9 10 1966   1298.   12.6   13.5   1.43    1.1    4.4   -99.9
 'Wageningen' 10 10 1966   1633.   11.1   13.0   1.39    0.8    1.3   -99.9
 'Wageningen' 11 10 1966   4857.    8.3   16.0   1.38    1.2    0.4   -99.9
 'Wageningen' 12 10 1966   5485.    3.1   14.0   1.26    1.2    0.0   -99.9
 'Wageningen' 13 10 1966   3475.    7.1   14.7   1.43    2.5    0.0   -99.9
 'Wageningen' 14 10 1966   6238.   11.6   17.0   1.61    3.2    0.0   -99.9
 'Wageningen' 15 10 1966   8374.   11.0   18.5   1.34    2.1    0.4   -99.9
 'Wageningen' 16 10 1966   3601.   11.6   16.0   1.49    1.0    0.9   -99.9
 'Wageningen' 17 10 1966   4647.   10.5   15.4   1.32    2.4    2.5   -99.9
 'Wageningen' 18 10 1966   3559.    8.0   13.8   1.18    1.1    0.6   -99.9
 'Wageningen' 19 10 1966   5066.   10.7   14.6   1.18    1.2    0.1   -99.9
 'Wageningen' 20 10 1966   4187.    9.5   13.5   1.10    1.2    0.0   -99.9
 'Wageningen' 21 10 1966   4187.    8.8   14.8   1.34    1.0    3.7   -99.9
 'Wageningen' 22 10 1966   4312.    9.8   15.1   1.07    0.7    8.1   -99.9
 'Wageningen' 23 10 1966   1926.    9.8   13.0   1.07    2.4    8.2   -99.9
 'Wageningen' 24 10 1966   3308.    6.9   10.7   1.11    0.6    0.1   -99.9
 'Wageningen' 25 10 1966   4731.    4.3   12.0   0.99    0.7    0.1   -99.9
 'Wageningen' 26 10 1966   4438.   -1.4   11.1   0.87    0.4    0.0   -99.9
 'Wageningen' 27 10 1966   2638.    4.5    9.3   0.90    0.3    0.0   -99.9
 'Wageningen' 28 10 1966   6866.    3.0    9.0   0.75    1.4    0.0   -99.9
 'Wageningen' 29 10 1966   7746.   -4.0    8.6   0.63    0.7    0.1   -99.9
 'Wageningen' 30 10 1966   2638.   -4.6    6.5   0.65    0.2    0.9   -99.9
 'Wageningen' 31 10 1966   7369.   -4.0    7.6   0.68    0.6    0.0   -99.9
 'Wageningen'  1 11 1966   7034.   -2.5    6.2   0.52    1.5    0.0   -99.9
 'Wageningen'  2 11 1966   6448.   -4.2    2.2   0.47    1.2    0.0   -99.9
 'Wageningen'  3 11 1966   6238.   -5.0    2.5   0.44    1.3    1.3   -99.9
 'Wageningen'  4 11 1966   2135.   -3.2    0.9   0.62    1.2    0.2   -99.9
 'Wageningen'  5 11 1966   4229.   -2.4   10.0   0.67    3.0    0.8   -99.9
 'Wageningen'  6 11 1966   5359.   -1.5   16.0   0.91    3.2    0.0   -99.9
 'Wageningen'  7 11 1966   3936.    7.5   15.3   0.99    2.1    0.0   -99.9
 'Wageningen'  8 11 1966   3056.    6.5   11.5   1.00    1.2    0.3   -99.9
 'Wageningen'  9 11 1966   1340.    6.5   11.0   1.07    0.8    8.5   -99.9
 'Wageningen' 10 11 1966   3601.    2.5    8.2   0.79    1.1    3.2   -99.9
 'Wageningen' 11 11 1966   4564.   -1.0    4.5   0.80    0.7    0.2   -99.9
 'Wageningen' 12 11 1966   2135.   -0.2    2.6   0.70    1.6    0.0   -99.9
 'Wageningen' 13 11 1966   2345.   -0.4    4.0   0.63    1.7    0.3   -99.9
 'Wageningen' 14 11 1966   1214.    0.0    5.0   0.73    1.8    3.5   -99.9
 'Wageningen' 15 11 1966   1172.    1.7    9.8   0.94    2.3   15.9   -99.9
 'Wageningen' 16 11 1966    963.    4.2    6.5   0.84    3.8   24.0   -99.9
 'Wageningen' 17 11 1966   4061.    3.5    7.3   0.81    1.3    0.4   -99.9
 'Wageningen' 18 11 1966   2554.   -0.1    6.0   0.68    2.2    2.4   -99.9
 'Wageningen' 19 11 1966   1549.    3.3    4.3   0.70    2.6    2.8   -99.9
 'Wageningen' 20 11 1966   1340.    3.0    4.0   0.73    1.0    5.0   -99.9
 'Wageningen' 21 11 1966   1968.    2.4    6.7   0.81    1.9    2.4   -99.9
 'Wageningen' 22 11 1966    795.    2.0    4.4   0.81    0.7    1.2   -99.9
 'Wageningen' 23 11 1966   1758.    2.5    5.0   0.71    1.1    0.0   -99.9
 'Wageningen' 24 11 1966   2010.   -2.6    2.8   0.56    0.5    0.2   -99.9
 'Wageningen' 25 11 1966   1675.   -2.4    4.7   0.77    2.5    5.4   -99.9
 'Wageningen' 26 11 1966   1800.    2.5    8.0   0.95    2.2    2.1   -99.9
 'Wageningen' 27 11 1966   1256.    4.7    9.3   1.08    3.0   10.8   -99.9
 'Wageningen' 28 11 1966   1968.    5.9    6.9   0.88    2.2    9.9   -99.9
 'Wageningen' 29 11 1966   2010.   -0.5    3.5   0.67    2.0   13.1   -99.9
 'Wageningen' 30 11 1966   1047.    0.1    5.7   0.67    6.3   10.4   -99.9
 'Wageningen'  1 12 1966   1507.    1.5    9.0   0.70    4.9    3.1   -99.9
 'Wageningen'  2 12 1966    879.    4.1    7.0   0.73    5.3    6.3   -99.9
 'Wageningen'  3 12 1966   1507.    4.0    4.6   0.70    3.9   11.0   -99.9
 'Wageningen'  4 12 1966   2303.    0.1    7.4   0.81    2.0    0.5   -99.9
 'Wageningen'  5 12 1966   3224.    0.0    7.0   0.64    0.6    0.1   -99.9
 'Wageningen'  6 12 1966   1256.    0.0    2.6   0.63    2.2    6.1   -99.9
 'Wageningen'  7 12 1966   1214.    0.1    2.8   0.72    0.7    0.1   -99.9
 'Wageningen'  8 12 1966    419.    0.4    7.0   0.77    4.1   12.6   -99.9
 'Wageningen'  9 12 1966   1884.    1.6    7.0   0.73    3.6   23.7   -99.9
 'Wageningen' 10 12 1966   1047.    2.0    5.0   0.80    2.1   10.8   -99.9
 'Wageningen' 11 12 1966   1758.    1.4    5.7   0.85    2.8    3.0   -99.9
 'Wageningen' 12 12 1966    335.    2.6    8.0   0.83    4.0   24.8   -99.9
 'Wageningen' 13 12 1966    251.    3.6    4.5   0.73    4.1    1.6   -99.9
 'Wageningen' 14 12 1966   2596.    1.5    4.8   0.60    1.8    0.3   -99.9
 'Wageningen' 15 12 1966   3140.   -2.0    4.4   0.65    0.9    0.1   -99.9
 'Wageningen' 16 12 1966   1340.   -1.5    7.0   0.76    2.5    2.3   -99.9
 'Wageningen' 17 12 1966   1424.    1.5    9.6   0.81    3.0    0.7   -99.9
 'Wageningen' 18 12 1966    461.    2.5    9.9   1.04    6.1    2.8   -99.9
 'Wageningen' 19 12 1966   1800.    4.2    9.4   0.90    3.7   19.9   -99.9
 'Wageningen' 20 12 1966   2177.    5.4    7.0   0.76    4.6    1.4   -99.9
 'Wageningen' 21 12 1966   2428.    0.9    4.5   0.70    2.5    0.8   -99.9
 'Wageningen' 22 12 1966    879.    1.2    7.3   0.88    2.5    1.7   -99.9
 'Wageningen' 23 12 1966    628.    3.2    8.6   0.96    3.8    2.1   -99.9
 'Wageningen' 24 12 1966    335.    3.4    4.9   0.64    2.3   10.1   -99.9
 'Wageningen' 25 12 1966   2470.    0.1    6.3   0.65    3.1    1.8   -99.9
 'Wageningen' 26 12 1966   3098.    0.5    3.2   0.52    1.6    0.0   -99.9
 'Wageningen' 27 12 1966   2470.   -1.1    2.9   0.52    2.2    2.3   -99.9
 'Wageningen' 28 12 1966   1256.   -1.1    8.8   0.77    1.9    3.3   -99.9
 'Wageningen' 29 12 1966    419.    3.0   11.1   1.20    4.1   12.8   -99.9
 'Wageningen' 30 12 1966   2470.    6.5    7.8   0.73    6.6    3.2   -99.9
 'Wageningen' 31 12 1966    335.    2.3   10.9   1.16    4.1   11.1   -99.9
