***************************************************************************
* File name: Wageni.998
* Contents: SWAP  3.0 - Meteo data of Wageningen weather station                
***************************************************************************     
* Comment area:                                                                 
*                                                                               
*                                                                               
***************************************************************************     
    Station     DD    MM  YYYY   RAD   Tmin  Tmax   HUM  WIND  RAIN ETref     
*               nr    nr    nr kJ/m2      C     C   kPa   m/s    mm    mm
'Wageningen'     1     1  1998  2498.   3.1   8.1  0.79   3.5   0.2 -99.9
'Wageningen'     2     1  1998   937.   5.6   9.6  0.90   6.1   9.1 -99.9
'Wageningen'     3     1  1998   374.   5.3  11.2  0.83   8.0  11.1 -99.9
'Wageningen'     4     1  1998  1642.   4.6   8.7  0.75   7.8   2.2 -99.9
'Wageningen'     5     1  1998   616.   4.2   7.7  0.76   7.8  12.0 -99.9
'Wageningen'     6     1  1998  3351.   5.2   8.1  0.78   5.0   0.3 -99.9
'Wageningen'     7     1  1998  1764.   6.5  11.3  0.94   6.4   3.4 -99.9
'Wageningen'     8     1  1998   909.   6.0  11.9  0.94   7.0   1.5 -99.9
'Wageningen'     9     1  1998  1313.   6.8  12.3  1.09   4.5   0.0 -99.9
'Wageningen'    10     1  1998  3847.   5.0  10.9  0.84   2.4   0.0 -99.9
'Wageningen'    11     1  1998  4007.   1.8  10.3  0.76   2.7   0.0 -99.9
'Wageningen'    12     1  1998  3240.   4.9  10.5  0.88   2.3   0.0 -99.9
'Wageningen'    13     1  1998  3110.   4.0  10.5  0.88   3.6   0.0 -99.9
'Wageningen'    14     1  1998   650.   4.2  10.4  0.88   6.0   0.4 -99.9
'Wageningen'    15     1  1998   918.   3.6   9.0  0.89   5.6   0.8 -99.9
'Wageningen'    16     1  1998  1991.   3.9   8.7  0.90   3.3   1.6 -99.9
'Wageningen'    17     1  1998  2658.   1.7   7.2  0.76   4.3   0.0 -99.9
'Wageningen'    18     1  1998   894.   3.6   6.8  0.70   6.3   4.0 -99.9
'Wageningen'    19     1  1998  1684.   0.7   8.0  0.76   5.9   2.5 -99.9
'Wageningen'    20     1  1998   893.   1.5   4.8  0.67   4.0   2.8 -99.9
'Wageningen'    21     1  1998  2715.  -2.2   2.2  0.44   1.7   0.0 -99.9
'Wageningen'    22     1  1998  4211.  -2.1   0.8  0.44   2.5   0.0 -99.9
'Wageningen'    23     1  1998   718.  -3.4   1.4  0.57   2.2   0.0 -99.9
'Wageningen'    24     1  1998  2251.   0.4   4.1  0.58   3.5   0.4 -99.9
'Wageningen'    25     1  1998  5069.  -2.0   3.1  0.48   4.2   0.0 -99.9
'Wageningen'    26     1  1998  5872.  -6.1   2.4  0.43   1.9   0.0 -99.9
'Wageningen'    27     1  1998  5705.  -8.2   3.4  0.42   0.6   0.0 -99.9
'Wageningen'    28     1  1998  1281.  -0.5   2.7  0.61   1.4   0.0 -99.9
'Wageningen'    29     1  1998  2364.   0.4   3.0  0.64   1.3   1.1 -99.9
'Wageningen'    30     1  1998  1491.   1.0   4.2  0.71   2.8   0.4 -99.9
'Wageningen'    31     1  1998  6720.  -4.4   3.9  0.39   3.8   1.0 -99.9
'Wageningen'     1     2  1998  5763.  -9.7  -2.0  0.27   2.6   0.0 -99.9
'Wageningen'     2     2  1998  3457. -10.9   2.1  0.46   2.9   2.8 -99.9
'Wageningen'     3     2  1998  6170.  -2.4   4.9  0.55   1.8   0.0 -99.9
'Wageningen'     4     2  1998  6342.  -3.1   5.1  0.58   2.4   0.0 -99.9
'Wageningen'     5     2  1998  4774.   0.6   7.3  0.71   2.4   0.0 -99.9
'Wageningen'     6     2  1998  2147.   1.2   6.7  0.70   2.1   0.0 -99.9
'Wageningen'     7     2  1998  3242.   0.4   7.4  0.65   3.8   2.6 -99.9
'Wageningen'     8     2  1998  3534.  -0.8   6.8  0.71   3.2   0.0 -99.9
'Wageningen'     9     2  1998  7439.   1.7  11.2  0.60   2.8   0.0 -99.9
'Wageningen'    10     2  1998  6882.   0.7  10.7  0.73   2.4   0.0 -99.9
'Wageningen'    11     2  1998  5025.   4.1  10.5  0.87   4.0   0.0 -99.9
'Wageningen'    12     2  1998  5281.   6.5  13.6  1.03   4.6   0.0 -99.9
'Wageningen'    13     2  1998  5048.   6.9  15.2  1.07   2.7   0.0 -99.9
'Wageningen'    14     2  1998  7348.   3.3  14.9  0.95   2.1   0.0 -99.9
'Wageningen'    15     2  1998  5636.   5.8  15.2  0.93   2.5   0.0 -99.9
'Wageningen'    16     2  1998  3969.   6.6  11.9  1.00   6.4   0.3 -99.9
'Wageningen'    17     2  1998  3402.   1.3   7.9  0.76   2.2   0.0 -99.9
'Wageningen'    18     2  1998  8687.   0.7  11.6  0.72   2.1   0.0 -99.9
'Wageningen'    19     2  1998  5551.   2.8  11.4  0.91   3.2   0.0 -99.9
'Wageningen'    20     2  1998  7753.   8.0  13.7  1.00   3.3   0.0 -99.9
'Wageningen'    21     2  1998  2488.   6.6  12.3  1.01   3.7   2.0 -99.9
'Wageningen'    22     2  1998  3430.   3.5   9.5  0.88   1.9   1.9 -99.9
'Wageningen'    23     2  1998  7764.   0.6  10.6  0.81   3.4   0.2 -99.9
'Wageningen'    24     2  1998  3054.   7.3  11.9  1.04   2.6   0.0 -99.9
'Wageningen'    25     2  1998  3694.   2.4  11.2  0.96   1.0   0.0 -99.9
'Wageningen'    26     2  1998  1468.   6.2   8.7  0.97   3.6   0.0 -99.9
'Wageningen'    27     2  1998  2236.   6.5  10.0  0.81   7.7   0.0 -99.9
'Wageningen'    28     2  1998  8424.  -0.1   8.5  0.64   6.2   4.5 -99.9
'Wageningen'     1     3  1998  2729.   0.2   4.2  0.66   4.1   4.3 -99.9
'Wageningen'     2     3  1998  8095.   3.9  11.0  0.87   6.7   2.0 -99.9
'Wageningen'     3     3  1998  1070.   7.4  13.7  1.14   7.5  16.7 -99.9
'Wageningen'     4     3  1998  1749.   4.1  15.5  0.96   7.0   6.3 -99.9
'Wageningen'     5     3  1998  6502.   2.4   7.7  0.76   6.9  12.7 -99.9
'Wageningen'     6     3  1998  1385.   4.0  10.1  0.96   4.8  30.3 -99.9
'Wageningen'     7     3  1998  4387.   7.3  12.3  1.04   7.4  15.8 -99.9
'Wageningen'     8     3  1998  4226.  -2.9   8.4  0.71   3.4   5.5 -99.9
'Wageningen'     9     3  1998 12624.  -3.2   7.9  0.57   1.8   0.0 -99.9
'Wageningen'    10     3  1998 11686.  -0.9   8.7  0.53   3.2   0.0 -99.9
'Wageningen'    11     3  1998  2189.   0.5   5.7  0.68   4.3   5.8 -99.9
'Wageningen'    12     3  1998  9180.  -1.2   7.5  0.63   2.4   0.9 -99.9
'Wageningen'    13     3  1998  2903.  -1.1   7.2  0.75   3.1   0.5 -99.9
'Wageningen'    14     3  1998  5393.   6.3   9.8  0.93   3.4   1.0 -99.9
'Wageningen'    15     3  1998  4285.   5.7  11.4  0.99   2.8   0.5 -99.9
'Wageningen'    16     3  1998  4596.   7.4  11.4  1.00   2.6   0.0 -99.9
'Wageningen'    17     3  1998  5837.   7.5  12.1  1.00   3.3   0.0 -99.9
'Wageningen'    18     3  1998  5803.   1.9  11.4  0.88   3.1   0.0 -99.9
'Wageningen'    19     3  1998 13958.   0.0  10.1  0.66   2.0   0.0 -99.9
'Wageningen'    20     3  1998  4258.   1.7   8.9  0.87   3.1   0.3 -99.9
'Wageningen'    21     3  1998 12940.   0.2  10.1  0.66   1.5   0.0 -99.9
'Wageningen'    22     3  1998  4708.   2.8   9.1  0.83   2.1   1.1 -99.9
'Wageningen'    23     3  1998  7285.   0.1   6.7  0.58   3.6   0.2 -99.9
'Wageningen'    24     3  1998 15429.  -6.0   8.8  0.43   1.9   0.0 -99.9
'Wageningen'    25     3  1998 14835.   1.2  11.4  0.47   3.0   0.0 -99.9
'Wageningen'    26     3  1998  7916.   1.4  11.3  0.66   4.4   2.2 -99.9
'Wageningen'    27     3  1998  2057.   7.5  10.9  1.13   3.3   0.5 -99.9
'Wageningen'    28     3  1998  7477.  10.1  14.6  1.19   2.7   0.0 -99.9
'Wageningen'    29     3  1998 10542.  10.1  20.1  1.12   2.6   0.0 -99.9
'Wageningen'    30     3  1998 13932.  10.7  20.2  1.27   2.9   0.0 -99.9
'Wageningen'    31     3  1998 11926.   4.7  15.9  1.17   1.9   0.0 -99.9
'Wageningen'     1     4  1998  4003.   3.5  12.6  1.10   1.3   3.6 -99.9
'Wageningen'     2     4  1998  6148.   8.6  15.2  1.20   2.2   2.2 -99.9
'Wageningen'     3     4  1998  4448.   6.7  14.0  1.10   5.0  10.0 -99.9
'Wageningen'     4     4  1998  5132.   7.7  12.9  1.00   5.7   5.1 -99.9
'Wageningen'     5     4  1998 10679.   7.4  12.3  0.97   4.9   4.2 -99.9
'Wageningen'     6     4  1998 11479.   5.5  13.5  0.95   3.3   3.3 -99.9
'Wageningen'     7     4  1998  9400.   3.6  11.5  0.92   2.5   7.2 -99.9
'Wageningen'     8     4  1998  9603.   5.6  11.6  0.91   2.3   0.1 -99.9
'Wageningen'     9     4  1998 13305.   3.4  13.0  0.89   2.3   1.0 -99.9
'Wageningen'    10     4  1998  5936.   4.6  10.3  0.90   1.7   0.2 -99.9
'Wageningen'    11     4  1998 12781.   2.0  10.8  0.82   2.4   0.2 -99.9
'Wageningen'    12     4  1998 17112.   0.3   9.6  0.62   3.7   0.0 -99.9
'Wageningen'    13     4  1998  8410.  -0.1   6.7  0.67   4.4   6.0 -99.9
'Wageningen'    14     4  1998 12900.   0.1   8.1  0.62   3.9   0.0 -99.9
'Wageningen'    15     4  1998  5385.   3.0   9.4  0.82   4.1  12.1 -99.9
'Wageningen'    16     4  1998 15023.   1.6  10.2  0.69   4.6   1.1 -99.9
'Wageningen'    17     4  1998  9582.   4.6  13.6  0.76   2.8   0.8 -99.9
'Wageningen'    18     4  1998  9417.   5.8  12.1  0.90   1.1   0.1 -99.9
'Wageningen'    19     4  1998  7606.   6.5  12.5  0.90   1.8   0.2 -99.9
'Wageningen'    20     4  1998  4466.   6.7  13.0  1.00   3.0   6.6 -99.9
'Wageningen'    21     4  1998 15278.   5.3  15.4  0.90   2.3   0.0 -99.9
'Wageningen'    22     4  1998 20222.   9.6  20.4  0.99   3.9   0.0 -99.9
'Wageningen'    23     4  1998 19734.  10.1  22.2  1.15   3.3   0.0 -99.9
'Wageningen'    24     4  1998  7277.  10.4  15.0  1.17   4.2   1.5 -99.9
'Wageningen'    25     4  1998  6243.  10.6  15.0  1.33   3.3   9.6 -99.9
'Wageningen'    26     4  1998 10764.   8.5  13.5  1.03   2.0   0.2 -99.9
'Wageningen'    27     4  1998  7866.   7.7  14.3  1.02   1.3   8.4 -99.9
'Wageningen'    28     4  1998 16805.   6.9  15.2  1.00   1.7   0.0 -99.9
'Wageningen'    29     4  1998 20626.   2.7  17.8  0.99   2.4   0.0 -99.9
'Wageningen'    30     4  1998  6839.   8.0  15.3  1.20   1.4   0.0 -99.9
'Wageningen'     1     5  1998  7048.   9.1  14.0  1.20   1.8   0.0 -99.9
'Wageningen'     2     5  1998  9251.   6.3  14.3  1.18   2.8   2.1 -99.9
'Wageningen'     3     5  1998 14221.   5.7  14.2  0.93   2.5   0.0 -99.9
'Wageningen'     4     5  1998 24316.   1.2  12.8  0.76   1.7   0.0 -99.9
'Wageningen'     5     5  1998 10593.   4.9  14.4  0.99   2.9   0.8 -99.9
'Wageningen'     6     5  1998  6640.   9.1  13.2  1.18   5.6   4.2 -99.9
'Wageningen'     7     5  1998  8380.   9.4  15.4  1.10   4.4   0.0 -99.9
'Wageningen'     8     5  1998 23885.   7.9  22.7  1.11   2.7   0.0 -99.9
'Wageningen'     9     5  1998 22983.  11.2  25.4  1.42   2.4   0.0 -99.9
'Wageningen'    10     5  1998 24675.   8.7  27.8  1.31   2.1   0.0 -99.9
'Wageningen'    11     5  1998 23738.  17.7  30.5  1.38   2.8   0.0 -99.9
'Wageningen'    12     5  1998 23954.  18.1  31.0  1.55   2.1   0.0 -99.9
'Wageningen'    13     5  1998 24702.  17.1  29.5  1.63   4.2   0.0 -99.9
'Wageningen'    14     5  1998 26625.  14.6  25.2  1.10   4.4   0.0 -99.9
'Wageningen'    15     5  1998 27639.  11.9  25.2  0.94   3.5  10.0 -99.9
'Wageningen'    16     5  1998 27541.  11.4  21.8  0.95   3.4   0.0 -99.9
'Wageningen'    17     5  1998 27560.   6.7  23.3  1.02   2.3   0.0 -99.9
'Wageningen'    18     5  1998 15222.   7.9  24.0  1.17   1.2   0.0 -99.9
'Wageningen'    19     5  1998 26474.   8.4  22.4  1.06   1.9   0.0 -99.9
'Wageningen'    20     5  1998 17946.   7.2  19.1  1.13   1.6   0.0 -99.9
'Wageningen'    21     5  1998 13621.   6.7  15.2  1.02   1.9   0.1 -99.9
'Wageningen'    22     5  1998 10953.   6.1  12.9  0.86   1.9   0.2 -99.9
'Wageningen'    23     5  1998 12549.   3.0  15.2  1.00   2.1   0.1 -99.9
'Wageningen'    24     5  1998  6831.   9.9  15.0  1.19   2.2   1.2 -99.9
'Wageningen'    25     5  1998 17371.   9.3  19.0  1.24   2.7   0.1 -99.9
'Wageningen'    26     5  1998 10359.  10.1  17.2  1.28   2.0   5.8 -99.9
'Wageningen'    27     5  1998 11034.   9.1  16.7  1.30   1.5  18.0 -99.9
'Wageningen'    28     5  1998 16470.   7.7  21.9  1.42   2.4   0.6 -99.9
'Wageningen'    29     5  1998 15444.  13.5  20.3  1.52   1.7  27.3 -99.9
'Wageningen'    30     5  1998 11520.  10.7  18.8  1.28   1.1   0.0 -99.9
'Wageningen'    31     5  1998 18808.   7.8  21.5  1.37   2.1   0.0 -99.9
'Wageningen'     1     6  1998 23647.  12.8  22.4  1.19   2.1   0.0 -99.9
'Wageningen'     2     6  1998 17675.  12.1  21.7  1.51   3.2   3.7 -99.9
'Wageningen'     3     6  1998 16761.  12.1  20.5  1.36   3.7   1.5 -99.9
'Wageningen'     4     6  1998 17951.  10.1  17.8  1.31   2.8   0.0 -99.9
'Wageningen'     5     6  1998 11479.   8.8  17.7  1.38   3.0   4.2 -99.9
'Wageningen'     6     6  1998 14962.  14.4  26.5  1.79   2.1  21.5 -99.9
'Wageningen'     7     6  1998 10368.  12.6  19.0  1.50   2.6  18.3 -99.9
'Wageningen'     8     6  1998 14974.  12.8  18.4  1.27   4.2   0.0 -99.9
'Wageningen'     9     6  1998  5061.  14.3  18.4  1.65   4.1   6.3 -99.9
'Wageningen'    10     6  1998 20992.  10.4  19.1  1.31   3.7   3.1 -99.9
'Wageningen'    11     6  1998 19720.  10.6  18.8  1.32   2.7   0.7 -99.9
'Wageningen'    12     6  1998 12707.   5.5  14.0  1.02   2.9  16.6 -99.9
'Wageningen'    13     6  1998 23601.   4.8  17.4  0.91   2.5   0.0 -99.9
'Wageningen'    14     6  1998  9586.  10.9  16.6  1.32   3.1  24.0 -99.9
'Wageningen'    15     6  1998 16242.  10.7  19.3  1.36   1.8   0.7 -99.9
'Wageningen'    16     6  1998 12563.   9.9  16.7  1.31   3.2   2.6 -99.9
'Wageningen'    17     6  1998 20201.  10.5  17.5  1.10   3.4   2.0 -99.9
'Wageningen'    18     6  1998  7237.  11.7  15.4  1.41   3.0   6.3 -99.9
'Wageningen'    19     6  1998 13071.  13.5  22.1  1.68   2.2   0.0 -99.9
'Wageningen'    20     6  1998 25541.  12.5  28.1  1.64   1.5   0.0 -99.9
'Wageningen'    21     6  1998 23773.  17.1  29.0  2.00   3.0   1.8 -99.9
'Wageningen'    22     6  1998 25249.  12.0  19.9  1.36   4.3   0.0 -99.9
'Wageningen'    23     6  1998 10026.  12.5  18.2  1.48   3.7   1.3 -99.9
'Wageningen'    24     6  1998 13898.  15.6  23.1  1.75   2.5   0.1 -99.9
'Wageningen'    25     6  1998 16376.  11.5  24.8  1.62   4.0   2.5 -99.9
'Wageningen'    26     6  1998 18371.  10.0  23.0  1.31   1.9   0.0 -99.9
'Wageningen'    27     6  1998 15579.  13.2  21.9  1.42   3.6   3.0 -99.9
'Wageningen'    28     6  1998 19092.  12.5  20.1  1.29   4.7   0.0 -99.9
'Wageningen'    29     6  1998 10631.  12.3  18.4  1.39   3.5   0.3 -99.9
'Wageningen'    30     6  1998  8500.  12.4  17.7  1.42   2.9   5.1 -99.9
'Wageningen'     1     7  1998 19263.   9.1  19.7  1.32   2.4   7.7 -99.9
'Wageningen'     2     7  1998 19453.   7.8  19.6  1.29   1.5   0.0 -99.9
'Wageningen'     3     7  1998 14029.  12.7  17.2  1.23   1.9   0.0 -99.9
'Wageningen'     4     7  1998 14054.  10.8  19.9  1.45   3.1   0.3 -99.9
'Wageningen'     5     7  1998 10446.  14.0  19.6  1.59   4.1   1.1 -99.9
'Wageningen'     6     7  1998 14338.   9.4  20.3  1.41   2.6   0.0 -99.9
'Wageningen'     7     7  1998 17623.   9.3  16.3  1.11   2.7   1.5 -99.9
'Wageningen'     8     7  1998 15810.   9.2  17.8  1.20   3.1   1.0 -99.9
'Wageningen'     9     7  1998  4854.  14.1  16.9  1.58   3.2   1.3 -99.9
'Wageningen'    10     7  1998  8158.  11.6  18.2  1.59   2.0   0.9 -99.9
'Wageningen'    11     7  1998 19798.  13.2  19.5  1.34   5.0   0.7 -99.9
'Wageningen'    12     7  1998  4795.  13.1  18.4  1.70   4.8  14.6 -99.9
'Wageningen'    13     7  1998 19536.  10.9  18.8  1.26   5.1   3.4 -99.9
'Wageningen'    14     7  1998 10545.  11.7  16.3  1.25   4.6   0.1 -99.9
'Wageningen'    15     7  1998 11812.  12.0  18.3  1.40   3.3   5.6 -99.9
'Wageningen'    16     7  1998 12591.   9.1  18.5  1.43   2.5   0.0 -99.9
'Wageningen'    17     7  1998 12584.   7.9  19.3  1.45   3.2   1.5 -99.9
'Wageningen'    18     7  1998 11065.  11.3  19.4  1.35   4.0   0.0 -99.9
'Wageningen'    19     7  1998 22629.  11.2  23.6  1.38   2.3   0.0 -99.9
'Wageningen'    20     7  1998 23460.  15.7  30.3  1.91   2.5   0.0 -99.9
'Wageningen'    21     7  1998 15193.  13.0  24.7  1.84   3.8   5.2 -99.9
'Wageningen'    22     7  1998 25732.  11.6  23.2  1.33   2.8   0.0 -99.9
'Wageningen'    23     7  1998 15194.  15.1  22.8  1.62   3.3   0.2 -99.9
'Wageningen'    24     7  1998 18505.   9.9  21.1  1.42   1.5   0.0 -99.9
'Wageningen'    25     7  1998 19615.   7.2  20.9  1.15   1.2   0.0 -99.9
'Wageningen'    26     7  1998 22003.   6.5  23.2  1.17   1.0   0.0 -99.9
'Wageningen'    27     7  1998 17681.  10.1  24.9  1.41   1.3   0.4 -99.9
'Wageningen'    28     7  1998 12737.  12.9  20.5  1.61   2.5   1.1 -99.9
'Wageningen'    29     7  1998  5480.  13.7  18.1  1.61   3.5   2.1 -99.9
'Wageningen'    30     7  1998 14618.  14.1  19.7  1.48   4.9   4.4 -99.9
'Wageningen'    31     7  1998 18076.  12.0  20.6  1.48   4.1   2.3 -99.9
'Wageningen'     1     8  1998 15958.   9.3  21.5  1.43   1.2   0.1 -99.9
'Wageningen'     2     8  1998 15233.  10.1  20.6  1.40   1.4   0.0 -99.9
'Wageningen'     3     8  1998 17567.   7.5  22.3  1.37   2.9   0.1 -99.9
'Wageningen'     4     8  1998 15446.  12.7  19.8  1.44   3.6   1.0 -99.9
'Wageningen'     5     8  1998 13553.   9.3  20.2  1.48   2.7   0.0 -99.9
'Wageningen'     6     8  1998 24283.   8.7  24.6  1.27   2.6   0.0 -99.9
'Wageningen'     7     8  1998 21744.  13.5  25.7  1.79   1.2   0.0 -99.9
'Wageningen'     8     8  1998 24166.  12.6  28.2  1.60   1.9   0.0 -99.9
'Wageningen'     9     8  1998 22400.  12.6  24.6  1.40   2.5   0.0 -99.9
'Wageningen'    10     8  1998 23124.  13.3  30.9  1.56   2.2   0.0 -99.9
'Wageningen'    11     8  1998 21409.  16.0  30.1  1.96   1.6   0.0 -99.9
'Wageningen'    12     8  1998 18779.  12.7  27.9  1.69   2.3   0.0 -99.9
'Wageningen'    13     8  1998 18398.  11.3  20.4  1.21   3.2   0.0 -99.9
'Wageningen'    14     8  1998 11375.  13.1  23.6  1.59   2.2   0.0 -99.9
'Wageningen'    15     8  1998 17622.  10.5  24.4  1.60   2.4   0.0 -99.9
'Wageningen'    16     8  1998 19839.   6.4  22.2  1.20   0.8   0.0 -99.9
'Wageningen'    17     8  1998 18605.  10.4  23.9  1.37   2.4   0.0 -99.9
'Wageningen'    18     8  1998 12544.  10.0  22.5  1.55   1.4   7.7 -99.9
'Wageningen'    19     8  1998 19571.   5.5  22.0  1.18   0.7   0.0 -99.9
'Wageningen'    20     8  1998 17468.   9.4  23.2  1.39   3.5   0.0 -99.9
'Wageningen'    21     8  1998  8136.  11.6  19.1  1.48   5.0   6.2 -99.9
'Wageningen'    22     8  1998 13068.   9.7  17.8  1.29   3.7   3.9 -99.9
'Wageningen'    23     8  1998  8536.   9.5  17.8  1.32   3.8  11.7 -99.9
'Wageningen'    24     8  1998  9173.   9.3  16.6  1.31   3.5   7.1 -99.9
'Wageningen'    25     8  1998 11371.   7.9  18.5  1.22   2.5  20.1 -99.9
'Wageningen'    26     8  1998  4506.   8.5  13.9  1.28   2.0  16.3 -99.9
'Wageningen'    27     8  1998 15858.   7.7  15.6  1.10   2.3   1.0 -99.9
'Wageningen'    28     8  1998  9810.   9.7  15.6  1.07   2.3   0.0 -99.9
'Wageningen'    29     8  1998  9656.  10.1  17.5  1.17   1.0   0.0 -99.9
'Wageningen'    30     8  1998  6004.   6.8  18.3  1.38   1.3   1.2 -99.9
'Wageningen'    31     8  1998 14111.   6.1  19.2  1.21   1.9   0.0 -99.9
'Wageningen'     1     9  1998  7626.  12.2  19.3  1.34   3.4   4.1 -99.9
'Wageningen'     2     9  1998  7279.  13.4  19.9  1.70   2.7  18.0 -99.9
'Wageningen'     3     9  1998  3731.  15.6  20.6  1.88   2.8  36.3 -99.9
'Wageningen'     4     9  1998  9457.  14.0  20.5  1.66   2.1   1.5 -99.9
'Wageningen'     5     9  1998  8395.  13.6  20.4  1.62   2.9   4.0 -99.9
'Wageningen'     6     9  1998  9195.  12.1  19.8  1.63   2.1   0.0 -99.9
'Wageningen'     7     9  1998  9241.  14.3  21.7  1.69   2.6   3.1 -99.9
'Wageningen'     8     9  1998  8918.  14.0  20.1  1.66   3.5   1.9 -99.9
'Wageningen'     9     9  1998  5385.  14.3  21.2  1.74   4.3   8.5 -99.9
'Wageningen'    10     9  1998 11659.  13.6  21.1  1.57   4.8   3.5 -99.9
'Wageningen'    11     9  1998 13467.  11.1  18.0  1.31   3.4   0.2 -99.9
'Wageningen'    12     9  1998  6614.   6.8  15.3  1.17   1.4   6.5 -99.9
'Wageningen'    13     9  1998  5911.   4.6  11.8  1.00   3.3   7.9 -99.9
'Wageningen'    14     9  1998  3657.   2.7  13.2  1.15   4.7  24.2 -99.9
'Wageningen'    15     9  1998 10012.  11.4  16.4  1.29   5.3   4.7 -99.9
'Wageningen'    16     9  1998  8479.  10.9  15.5  1.23   5.5   7.9 -99.9
'Wageningen'    17     9  1998  5905.  10.8  15.5  1.28   3.9   5.5 -99.9
'Wageningen'    18     9  1998 10721.   7.5  18.4  1.29   1.5   0.0 -99.9
'Wageningen'    19     9  1998  5031.  12.5  21.4  1.60   1.2   2.0 -99.9
'Wageningen'    20     9  1998 10717.  13.0  20.9  1.55   1.7   0.0 -99.9
'Wageningen'    21     9  1998 14417.   8.3  20.1  1.26   2.0   0.0 -99.9
'Wageningen'    22     9  1998 15151.   8.9  18.6  1.23   3.1   0.0 -99.9
'Wageningen'    23     9  1998 14264.   5.1  19.1  1.24   2.6   0.0 -99.9
'Wageningen'    24     9  1998 15151.   8.9  18.6  1.23   3.1   0.0 -99.9
'Wageningen'    25     9  1998 14264.   5.1  19.1  1.24   2.6   0.0 -99.9
'Wageningen'    26     9  1998 11184.  13.6  22.8  1.61   3.3   1.0 -99.9
'Wageningen'    27     9  1998 11226.  10.5  21.1  1.48   1.9   0.0 -99.9
'Wageningen'    28     9  1998  8704.  10.4  19.7  1.47   0.7   0.0 -99.9
'Wageningen'    29     9  1998  7654.  11.8  18.7  1.50   1.8   0.0 -99.9
'Wageningen'    30     9  1998  3341.  12.5  15.7  1.45   3.7   2.2 -99.9
'Wageningen'     1    10  1998  2415.   9.1  13.8  1.29   3.2   0.0 -99.9
'Wageningen'     2    10  1998  3476.   3.5   9.1  0.80   3.3   0.2 -99.9
'Wageningen'     3    10  1998  1946.   3.5   6.4  0.80   1.5   0.0 -99.9
'Wageningen'     4    10  1998  3545.   5.7   8.2  0.89   1.8   0.0 -99.9
'Wageningen'     5    10  1998  2271.   6.0   9.1  0.96   3.4   1.9 -99.9
'Wageningen'     6    10  1998  4761.   6.6  10.4  0.83   4.3   2.4 -99.9
'Wageningen'     7    10  1998  2204.   6.5   9.7  0.98   1.6   2.4 -99.9
'Wageningen'     8    10  1998  2334.   5.5  10.1  1.00   1.5  15.4 -99.9
'Wageningen'     9    10  1998  8033.   2.6  12.5  0.96   2.6   0.0 -99.9
'Wageningen'    10    10  1998  4296.   8.7  14.3  1.17   4.5   3.0 -99.9
'Wageningen'    11    10  1998  2224.   8.3  13.6  1.17   3.6   3.8 -99.9
'Wageningen'    12    10  1998  5862.   6.7  12.3  0.99   3.9   9.6 -99.9
'Wageningen'    13    10  1998  5788.   5.6  13.2  1.11   3.7   1.8 -99.9
'Wageningen'    14    10  1998  1289.   8.8  16.0  1.43   4.0   8.8 -99.9
'Wageningen'    15    10  1998  7220.   7.7  14.7  1.07   2.2   0.1 -99.9
'Wageningen'    16    10  1998  6849.   7.3  15.4  1.19   3.4   0.0 -99.9
'Wageningen'    17    10  1998  2264.   9.9  15.8  1.24   5.4   2.1 -99.9
'Wageningen'    18    10  1998  7954.   2.2  11.7  0.81   1.8   0.2 -99.9
'Wageningen'    19    10  1998  6877.  -0.4  11.3  0.80   2.1   0.6 -99.9
'Wageningen'    20    10  1998  5985.   4.9  10.7  0.87   2.7   4.2 -99.9
'Wageningen'    21    10  1998  1618.   8.1  14.3  1.18   5.4   2.8 -99.9
'Wageningen'    22    10  1998  3583.  13.3  16.5  1.47   5.4   0.1 -99.9
'Wageningen'    23    10  1998   935.   9.4  15.6  1.42   4.8   9.7 -99.9
'Wageningen'    24    10  1998  3072.   9.2  13.6  1.16   5.4  16.8 -99.9
'Wageningen'    25    10  1998  3827.   7.3  12.6  0.98   7.6   3.7 -99.9
'Wageningen'    26    10  1998  2504.   4.7   9.5  0.88   3.6   5.5 -99.9
'Wageningen'    27    10  1998  1184.   4.2  14.2  1.17   7.3  11.9 -99.9
'Wageningen'    28    10  1998  2796.   9.6  14.8  1.11   8.5  17.8 -99.9
'Wageningen'    29    10  1998  4878.   6.5  11.2  0.93   6.5   7.9 -99.9
'Wageningen'    30    10  1998  3173.   4.0   8.5  0.85   3.9  11.3 -99.9
'Wageningen'    31    10  1998  2449.   4.2   7.9  0.89   4.0  11.2 -99.9
'Wageningen'     1    11  1998  5677.   4.8   9.9  0.85   3.7  12.3 -99.9
'Wageningen'     2    11  1998  3742.   4.6   8.2  0.87   3.4   8.6 -99.9
'Wageningen'     3    11  1998  2468.   5.7   9.7  0.92   5.4  11.5 -99.9
'Wageningen'     4    11  1998  3089.   2.1   8.5  0.83   2.7   1.8 -99.9
'Wageningen'     5    11  1998  3806.   2.9   9.5  0.84   5.8  25.2 -99.9
'Wageningen'     6    11  1998  5016.   2.2  11.2  0.88   3.4   0.4 -99.9
'Wageningen'     7    11  1998  3984.   1.4  10.1  0.85   2.1   0.0 -99.9
'Wageningen'     8    11  1998  1425.   3.4  10.9  0.91   3.8   8.5 -99.9
'Wageningen'     9    11  1998  1797.   8.3  15.3  1.27   3.4   8.2 -99.9
'Wageningen'    10    11  1998  1901.   3.7  11.4  1.02   2.5   1.6 -99.9
'Wageningen'    11    11  1998  5730.   2.1  10.6  0.77   1.6   0.0 -99.9
'Wageningen'    12    11  1998  4469.   2.1   7.7  0.74   3.1   0.0 -99.9
'Wageningen'    13    11  1998  1751.   5.2   8.0  0.89   3.3   4.0 -99.9
'Wageningen'    14    11  1998  1055.   3.6   6.2  0.83   1.5   6.2 -99.9
'Wageningen'    15    11  1998  2578.   3.8   8.1  0.84   0.8   1.6 -99.9
'Wageningen'    16    11  1998  4924.  -0.6   6.4  0.66   1.6   0.0 -99.9
'Wageningen'    17    11  1998  3684.  -1.4   6.3  0.65   0.7   0.0 -99.9
'Wageningen'    18    11  1998  1420.  -2.0   4.1  0.64   1.5   2.0 -99.9
'Wageningen'    19    11  1998  3411.  -5.0   3.8  0.52   1.1   0.0 -99.9
'Wageningen'    20    11  1998  5257.  -6.6   2.6  0.45   1.4   0.0 -99.9
'Wageningen'    21    11  1998  5286.  -4.1   1.8  0.46   2.1   0.0 -99.9
'Wageningen'    22    11  1998  4873.  -5.2  -1.0  0.36   3.0   0.0 -99.9
'Wageningen'    23    11  1998  4096.  -7.9  -0.2  0.37   1.1   0.0 -99.9
'Wageningen'    24    11  1998  3403.  -7.7  -0.8  0.42   1.8   0.0 -99.9
'Wageningen'    25    11  1998  2035.  -1.3   1.4  0.56   1.7   0.4 -99.9
'Wageningen'    26    11  1998  1166.  -0.3   5.9  0.70   2.8   5.0 -99.9
'Wageningen'    27    11  1998  2261.   2.7   7.8  0.82   1.5   1.1 -99.9
'Wageningen'    28    11  1998  3155.   2.6   6.4  0.73   3.1   3.6 -99.9
'Wageningen'    29    11  1998   712.   1.1   3.1  0.67   2.6   4.5 -99.9
'Wageningen'    30    11  1998   303.   0.1   1.9  0.58   2.6   0.5 -99.9
'Wageningen'     1    12  1998  2779.  -2.7   1.5  0.51   3.3   0.0 -99.9
'Wageningen'     2    12  1998  1374.  -3.3  -1.0  0.42   3.5   0.0 -99.9
'Wageningen'     3    12  1998  1154.  -2.4  -0.7  0.47   1.2   0.0 -99.9
'Wageningen'     4    12  1998  1961.  -1.6   3.3  0.56   2.3   1.4 -99.9
'Wageningen'     5    12  1998  3445.  -4.2   3.8  0.56   2.8   2.4 -99.9
'Wageningen'     6    12  1998  3353.  -1.9   4.0  0.50   2.4   0.0 -99.9
'Wageningen'     7    12  1998  2626.  -8.6   4.3  0.51   0.8   0.0 -99.9
'Wageningen'     8    12  1998  2121.  -8.1   0.9  0.51   2.8   0.0 -99.9
'Wageningen'     9    12  1998   495.   0.4   3.3  0.67   2.7   1.8 -99.9
'Wageningen'    10    12  1998   808.   1.4   3.2  0.69   2.3   0.0 -99.9
'Wageningen'    11    12  1998   412.   0.9   7.0  0.76   3.1   0.1 -99.9
'Wageningen'    12    12  1998   445.   6.1  13.1  1.06   4.0   6.8 -99.9
'Wageningen'    13    12  1998  1588.   6.2  13.4  0.87   6.7   0.1 -99.9
'Wageningen'    14    12  1998   933.   7.5  12.9  1.16   4.6   1.7 -99.9
'Wageningen'    15    12  1998   498.   6.6  12.0  1.16   4.4   8.5 -99.9
'Wageningen'    16    12  1998  2689.   4.6   9.2  0.87   2.5   0.0 -99.9
'Wageningen'    17    12  1998  3050.   2.4   9.1  0.70   2.4   0.0 -99.9
'Wageningen'    18    12  1998   415.   4.1   7.7  0.86   3.9   1.4 -99.9
'Wageningen'    19    12  1998  1429.   3.5   8.1  0.84   5.9   7.3 -99.9
'Wageningen'    20    12  1998  3277.  -0.2   5.7  0.65   1.3   0.9 -99.9
'Wageningen'    21    12  1998  3489.  -1.5   4.8  0.61   1.9   0.0 -99.9
'Wageningen'    22    12  1998  1525.  -1.2   5.6  0.72   2.8   0.8 -99.9
'Wageningen'    23    12  1998  1071.   2.1   5.5  0.72   3.7   0.3 -99.9
'Wageningen'    24    12  1998  2236.   0.3   6.0  0.67   3.3   1.4 -99.9
'Wageningen'    25    12  1998   408.   4.2   9.5  0.92   6.6   3.3 -99.9
'Wageningen'    26    12  1998  1764.   5.5  11.5  0.91   7.1   3.0 -99.9
'Wageningen'    27    12  1998   885.   6.1  11.5  0.94   6.2   4.3 -99.9
'Wageningen'    28    12  1998   534.   3.4   9.5  0.90   3.8   5.2 -99.9
'Wageningen'    29    12  1998  3151.   1.8   6.1  0.73   3.4   0.0 -99.9
'Wageningen'    30    12  1998  3341.   3.7  10.2  0.78   3.5   0.0 -99.9
'Wageningen'    31    12  1998  2001.   3.1   9.0  0.72   4.2   0.0 -99.9
