***************************************************************************
* File name: Wageni.974
* Contents: SWAP  3.0 - Meteo data of Wageningen weather station                
***************************************************************************     
* Comment area:                                                                 
*                                                                               
*                                                                               
***************************************************************************     
    Station   DD MM YYYY     RAD   Tmin   Tmax    HUM   WIND   RAIN   ETref     
*             nr nr   nr   kJ/m2      C      C    kPa    m/s     mm      mm     
 'Wageningen'  1  1 1974   1060.   -2.5   -0.2   0.50    2.1    0.0   -99.9
 'Wageningen'  2  1 1974   1780.   -3.1    0.4   0.45    2.6    0.0   -99.9
 'Wageningen'  3  1 1974   2290.   -0.6    3.5   0.53    3.6    0.3   -99.9
 'Wageningen'  4  1 1974   1820.   -0.3    5.2   0.56    3.4    0.5   -99.9
 'Wageningen'  5  1 1974   2290.    2.3    7.0   0.59    3.9    1.0   -99.9
 'Wageningen'  6  1 1974   2950.    3.4   10.0   0.74    2.8    0.0   -99.9
 'Wageningen'  7  1 1974    540.    3.6    7.1   0.75    3.7   10.4   -99.9
 'Wageningen'  8  1 1974   3150.    1.6    6.3   0.63    3.9    1.8   -99.9
 'Wageningen'  9  1 1974   2890.    0.8    6.5   0.59    2.9    5.2   -99.9
 'Wageningen' 10  1 1974    730.    3.1    4.9   0.71    2.8    3.8   -99.9
 'Wageningen' 11  1 1974   2280.    4.9   10.6   0.79    5.4    4.3   -99.9
 'Wageningen' 12  1 1974   2220.    4.9   11.9   0.81    3.5    0.0   -99.9
 'Wageningen' 13  1 1974   2230.    6.4   11.6   0.85    4.0    1.2   -99.9
 'Wageningen' 14  1 1974   1280.    4.9   10.4   0.89    3.7    0.7   -99.9
 'Wageningen' 15  1 1974    530.    5.6   12.3   0.86    6.1    2.3   -99.9
 'Wageningen' 16  1 1974    840.    4.1   11.7   0.78    5.2    8.1   -99.9
 'Wageningen' 17  1 1974   2460.    4.3    8.1   0.72    8.3    3.6   -99.9
 'Wageningen' 18  1 1974    910.    7.9    9.9   0.97    5.4    0.2   -99.9
 'Wageningen' 19  1 1974   1460.    7.0    9.1   0.86    4.8    0.0   -99.9
 'Wageningen' 20  1 1974   1870.    5.1    7.3   0.69    1.8    0.0   -99.9
 'Wageningen' 21  1 1974   1610.    0.0    5.1   0.61    1.4    0.0   -99.9
 'Wageningen' 22  1 1974    580.    1.0    4.3   0.64    2.4    1.0   -99.9
 'Wageningen' 23  1 1974   1860.    4.5    9.4   0.83    3.2    3.6   -99.9
 'Wageningen' 24  1 1974   1390.    4.6    7.9   0.82    3.6    0.1   -99.9
 'Wageningen' 25  1 1974   2420.    3.9    8.2   0.82    2.2    0.0   -99.9
 'Wageningen' 26  1 1974   4880.    1.8    6.6   0.64    3.4    0.4   -99.9
 'Wageningen' 27  1 1974   3190.    1.7    7.8   0.65    3.8    0.2   -99.9
 'Wageningen' 28  1 1974   1440.    2.8    8.3   0.69    4.6    8.3   -99.9
 'Wageningen' 29  1 1974   2650.    1.6    8.4   0.69    3.1    1.4   -99.9
 'Wageningen' 30  1 1974   4930.    1.4    8.1   0.63    4.5    0.9   -99.9
 'Wageningen' 31  1 1974   2550.    3.5    9.5   0.79    2.9    0.6   -99.9
 'Wageningen'  1  2 1974   2470.    3.1   10.0   0.75    3.8    0.0   -99.9
 'Wageningen'  2  2 1974   5850.    3.0    9.3   0.68    4.3    0.0   -99.9
 'Wageningen'  3  2 1974   6960.   -0.3    9.3   0.66    1.2    0.0   -99.9
 'Wageningen'  4  2 1974   5860.   -1.4    7.0   0.57    3.0    0.3   -99.9
 'Wageningen'  5  2 1974   2360.    2.5    5.9   0.74    3.5    4.6   -99.9
 'Wageningen'  6  2 1974   2070.    1.0    4.6   0.66    3.0    2.8   -99.9
 'Wageningen'  7  2 1974   5930.    0.8    6.3   0.63    2.3    0.3   -99.9
 'Wageningen'  8  2 1974   4160.    0.9   10.1   0.73    4.4   12.5   -99.9
 'Wageningen'  9  2 1974   1420.    7.7   11.6   0.96    8.1    4.8   -99.9
 'Wageningen' 10  2 1974   4740.    7.6   13.3   0.90    6.2    0.2   -99.9
 'Wageningen' 11  2 1974   1880.   10.0   13.4   0.88    7.8    0.9   -99.9
 'Wageningen' 12  2 1974   5720.    3.1   10.4   0.71    0.0    0.8   -99.9
 'Wageningen' 13  2 1974   7740.    2.1   10.9   0.76    2.7    0.0   -99.9
 'Wageningen' 14  2 1974   2380.    2.5    6.8   0.71    3.3    0.2   -99.9
 'Wageningen' 15  2 1974   3730.    3.0    8.7   0.62    4.8    0.0   -99.9
 'Wageningen' 16  2 1974   7510.    3.5   11.9   0.82    2.8    0.0   -99.9
 'Wageningen' 17  2 1974   8740.    0.2   11.9   0.77    1.4    0.0   -99.9
 'Wageningen' 18  2 1974   3700.    4.0    8.0   0.73    2.2    0.0   -99.9
 'Wageningen' 19  2 1974   1480.    2.5    4.5   0.64    3.7    0.0   -99.9
 'Wageningen' 20  2 1974   9800.   -2.9    5.8   0.50    1.3    0.0   -99.9
 'Wageningen' 21  2 1974   1310.    0.4    4.7   0.68    2.5    0.2   -99.9
 'Wageningen' 22  2 1974   1470.    3.0    7.7   0.82    2.7    3.5   -99.9
 'Wageningen' 23  2 1974   8450.   -1.3    8.5   0.66    2.6    0.0   -99.9
 'Wageningen' 24  2 1974  11300.   -3.8    8.6   0.56    1.2    0.0   -99.9
 'Wageningen' 25  2 1974  11210.   -5.6    6.3   0.49    1.3    0.0   -99.9
 'Wageningen' 26  2 1974   7040.   -1.9    6.4   0.47    2.4    0.0   -99.9
 'Wageningen' 27  2 1974   5830.   -1.1    4.1   0.41    3.2    0.0   -99.9
 'Wageningen' 28  2 1974   8910.   -0.9    6.5   0.55    2.0    0.0   -99.9
 'Wageningen'  1  3 1974   6630.   -1.1    5.0   0.54    3.6    5.1   -99.9
 'Wageningen'  2  3 1974   2810.    0.0    3.4   0.65    2.6    8.7   -99.9
 'Wageningen'  3  3 1974   8880.   -3.6    7.4   0.56    1.1    0.0   -99.9
 'Wageningen'  4  3 1974   3480.   -4.4    3.9   0.51    1.8    0.0   -99.9
 'Wageningen'  5  3 1974   1020.   -0.1    2.1   0.62    1.4    4.5   -99.9
 'Wageningen'  6  3 1974   9220.   -2.1    8.4   0.70    1.0    0.1   -99.9
 'Wageningen'  7  3 1974   2590.    0.9    3.8   0.58    1.7    0.0   -99.9
 'Wageningen'  8  3 1974   6760.   -1.1    3.3   0.49    3.2    0.0   -99.9
 'Wageningen'  9  3 1974   5650.    0.3    4.1   0.45    4.7    0.0   -99.9
 'Wageningen' 10  3 1974  10890.    1.0    8.0   0.51    5.0    0.0   -99.9
 'Wageningen' 11  3 1974   6740.    1.2    8.7   0.63    3.6    1.8   -99.9
 'Wageningen' 12  3 1974   3420.    0.9    7.5   0.74    1.9    1.8   -99.9
 'Wageningen' 13  3 1974   8920.   -1.3    8.6   0.71    0.6    0.9   -99.9
 'Wageningen' 14  3 1974   2850.    0.2    5.2   0.68    1.2    6.4   -99.9
 'Wageningen' 15  3 1974   7520.   -1.1    7.8   0.63    3.8    7.4   -99.9
 'Wageningen' 16  3 1974   3710.    4.6    9.8   0.83    5.9    2.4   -99.9
 'Wageningen' 17  3 1974   9600.    5.6   10.3   0.83    4.7    4.8   -99.9
 'Wageningen' 18  3 1974   5060.    4.3   12.3   0.91    4.6    3.6   -99.9
 'Wageningen' 19  3 1974   9540.    2.5   11.3   0.80    2.7    0.0   -99.9
 'Wageningen' 20  3 1974   4070.    5.2   10.0   0.92    1.7    6.8   -99.9
 'Wageningen' 21  3 1974  14360.   -0.3   12.9   0.86    1.0    0.0   -99.9
 'Wageningen' 22  3 1974   7570.   -0.9   10.2   0.67    3.0    0.0   -99.9
 'Wageningen' 23  3 1974  11300.    5.6   12.1   0.81    4.1    0.0   -99.9
 'Wageningen' 24  3 1974   7490.    5.7   11.8   0.83    3.0    0.8   -99.9
 'Wageningen' 25  3 1974  14340.    4.9   18.0   1.04    1.9    0.0   -99.9
 'Wageningen' 26  3 1974  13690.    1.6   17.1   0.97    1.5    0.0   -99.9
 'Wageningen' 27  3 1974   9520.    1.4   16.3   1.06    0.7    0.0   -99.9
 'Wageningen' 28  3 1974  11230.    2.9   17.6   1.07    0.7    0.0   -99.9
 'Wageningen' 29  3 1974   6590.    3.9   13.9   1.06    0.7    0.3   -99.9
 'Wageningen' 30  3 1974  13150.    0.4   15.8   1.01    1.5    0.0   -99.9
 'Wageningen' 31  3 1974  16090.   -1.6   15.8   0.81    1.9    0.1   -99.9
 'Wageningen'  1  4 1974  13950.    0.8   16.2   0.97    2.0    0.0   -99.9
 'Wageningen'  2  4 1974  14390.    5.7   18.9   1.06    2.3    0.0   -99.9
 'Wageningen'  3  4 1974  14320.    9.6   19.5   0.92    2.7    0.0   -99.9
 'Wageningen'  4  4 1974  16030.    7.5   18.6   0.91    3.1    0.0   -99.9
 'Wageningen'  5  4 1974  18210.    5.3   16.1   0.73    3.4    0.0   -99.9
 'Wageningen'  6  4 1974  18370.    6.3   17.3   0.77    3.7    0.0   -99.9
 'Wageningen'  7  4 1974  19400.    6.2   19.1   0.97    2.8    0.0   -99.9
 'Wageningen'  8  4 1974  20680.    5.1   19.0   0.86    2.3    0.0   -99.9
 'Wageningen'  9  4 1974  20380.   -1.0   19.4   0.87    1.3    0.0   -99.9
 'Wageningen' 10  4 1974  18570.    1.0   21.8   0.95    1.3    0.0   -99.9
 'Wageningen' 11  4 1974  16380.    4.5   20.3   1.16    1.2    0.0   -99.9
 'Wageningen' 12  4 1974  12510.    3.5   12.4   0.89    2.6    0.0   -99.9
 'Wageningen' 13  4 1974  21080.    1.0   12.1   0.55    3.6    0.0   -99.9
 'Wageningen' 14  4 1974  22350.   -2.3   12.0   0.57    2.8    0.0   -99.9
 'Wageningen' 15  4 1974  17460.   -1.4   13.3   0.79    3.5    0.0   -99.9
 'Wageningen' 16  4 1974  19900.   -1.0   13.6   0.73    2.5    0.0   -99.9
 'Wageningen' 17  4 1974  16920.   -0.1   13.6   0.72    2.0    0.0   -99.9
 'Wageningen' 18  4 1974  18260.    0.3   13.4   0.77    2.5    0.0   -99.9
 'Wageningen' 19  4 1974  22120.   -3.0   15.4   0.65    1.4    0.0   -99.9
 'Wageningen' 20  4 1974  14730.   -0.9   10.5   0.65    2.6    0.0   -99.9
 'Wageningen' 21  4 1974   6420.    2.9    9.1   0.71    1.6    0.0   -99.9
 'Wageningen' 22  4 1974  21950.   -2.1   13.1   0.83    2.0    0.0   -99.9
 'Wageningen' 23  4 1974  14350.   -3.0   10.3   0.73    2.4    1.8   -99.9
 'Wageningen' 24  4 1974  15190.    0.8   13.0   0.80    2.4    2.7   -99.9
 'Wageningen' 25  4 1974  16620.   -0.4   12.4   0.61    2.8    0.0   -99.9
 'Wageningen' 26  4 1974  21630.    1.7   11.3   0.51    3.2    0.0   -99.9
 'Wageningen' 27  4 1974  13510.    0.8   11.1   0.59    3.5    1.1   -99.9
 'Wageningen' 28  4 1974  15150.    4.9   14.1   0.99    2.2    0.0   -99.9
 'Wageningen' 29  4 1974   4860.    2.0   12.5   1.01    1.2    3.8   -99.9
 'Wageningen' 30  4 1974   2800.    7.6   10.4   1.05    2.9    0.1   -99.9
 'Wageningen'  1  5 1974  19050.    5.9   15.3   0.90    2.9    0.0   -99.9
 'Wageningen'  2  5 1974  17390.    1.9   13.4   0.80    2.2    0.0   -99.9
 'Wageningen'  3  5 1974  15640.    5.2   16.4   0.93    2.7    0.5   -99.9
 'Wageningen'  4  5 1974   8920.    9.2   17.1   0.91    2.2    0.0   -99.9
 'Wageningen'  5  5 1974   3820.    3.7    7.9   0.70    3.1    0.1   -99.9
 'Wageningen'  6  5 1974  11170.    0.8    8.4   0.66    2.5    0.3   -99.9
 'Wageningen'  7  5 1974   8200.    1.5    8.2   0.67    0.7    0.0   -99.9
 'Wageningen'  8  5 1974   8750.    6.0   11.4   0.82    0.8    0.0   -99.9
 'Wageningen'  9  5 1974  17730.    3.6   15.5   0.80    2.0    0.0   -99.9
 'Wageningen' 10  5 1974   6280.    8.2   13.7   1.13    2.6    3.1   -99.9
 'Wageningen' 11  5 1974  19540.    6.0   16.9   1.08    2.3    0.5   -99.9
 'Wageningen' 12  5 1974  22180.    5.5   20.0   0.94    2.4    0.0   -99.9
 'Wageningen' 13  5 1974  15790.   11.0   20.6   1.26    3.0   29.5   -99.9
 'Wageningen' 14  5 1974   9670.    9.1   14.4   1.11    4.7    0.0   -99.9
 'Wageningen' 15  5 1974  14230.    5.6   15.5   1.16    2.1    0.0   -99.9
 'Wageningen' 16  5 1974  27470.    6.7   19.1   0.80    3.2    0.0   -99.9
 'Wageningen' 17  5 1974  27730.   10.4   20.6   0.73    3.1    0.0   -99.9
 'Wageningen' 18  5 1974  24420.   12.0   23.4   1.22    3.0    0.0   -99.9
 'Wageningen' 19  5 1974  23730.   10.6   24.3   1.59    2.6    0.0   -99.9
 'Wageningen' 20  5 1974  15740.    9.4   21.0   1.37    1.2    0.0   -99.9
 'Wageningen' 21  5 1974  14590.    9.0   19.6   1.23    2.0    3.8   -99.9
 'Wageningen' 22  5 1974  19490.    6.8   15.6   0.98    4.6    0.0   -99.9
 'Wageningen' 23  5 1974  12840.    8.1   12.9   1.06    1.4    0.1   -99.9
 'Wageningen' 24  5 1974  20960.    6.2   17.9   0.89    2.7    1.6   -99.9
 'Wageningen' 25  5 1974  12410.    8.4   14.1   1.03    2.5    0.0   -99.9
 'Wageningen' 26  5 1974  16630.    6.7   15.8   1.00    1.8    0.0   -99.9
 'Wageningen' 27  5 1974  23890.    4.4   20.0   1.19    1.8    0.0   -99.9
 'Wageningen' 28  5 1974  20680.    9.1   18.8   1.20    3.8    5.0   -99.9
 'Wageningen' 29  5 1974  25000.    2.2   15.6   0.87    3.3    0.0   -99.9
 'Wageningen' 30  5 1974  28350.   -0.6   16.5   0.70    2.3    6.5   -99.9
 'Wageningen' 31  5 1974   7440.    7.1   13.0   1.03    2.2    0.1   -99.9
 'Wageningen'  1  6 1974  22900.    6.9   17.8   1.04    2.5    0.0   -99.9
 'Wageningen'  2  6 1974  18680.    9.5   23.3   1.51    3.6    2.8   -99.9
 'Wageningen'  3  6 1974  10570.    6.4   17.6   1.31    1.9    3.2   -99.9
 'Wageningen'  4  6 1974  24200.    4.4   18.5   1.09    1.8    0.0   -99.9
 'Wageningen'  5  6 1974  26050.    0.7   22.4   0.98    1.9    0.0   -99.9
 'Wageningen'  6  6 1974  14390.    8.5   16.0   1.11    4.9    1.4   -99.9
 'Wageningen'  7  6 1974  24860.    8.1   16.6   0.96    4.8    0.0   -99.9
 'Wageningen'  8  6 1974   6150.    8.0   12.0   1.15    2.7   28.7   -99.9
 'Wageningen'  9  6 1974  22970.    5.9   15.9   1.07    2.2    3.2   -99.9
 'Wageningen' 10  6 1974  15930.    5.1   13.8   0.98    1.4    9.8   -99.9
 'Wageningen' 11  6 1974  15700.    5.7   15.3   1.02    4.2    0.5   -99.9
 'Wageningen' 12  6 1974  20330.    7.3   16.5   1.11    3.2    0.0   -99.9
 'Wageningen' 13  6 1974  25740.    4.5   21.1   1.28    2.8    0.0   -99.9
 'Wageningen' 14  6 1974  24130.   11.7   25.9   1.67    2.0    0.0   -99.9
 'Wageningen' 15  6 1974  22750.   13.7   24.3   2.05    2.4    0.0   -99.9
 'Wageningen' 16  6 1974  24370.   14.3   25.5   1.88    1.1    0.0   -99.9
 'Wageningen' 17  6 1974  19410.   14.9   25.6   1.81    1.7    0.8   -99.9
 'Wageningen' 18  6 1974  22190.   10.5   19.7   1.31    3.7    0.0   -99.9
 'Wageningen' 19  6 1974  22790.    9.7   19.3   1.25    2.6    0.0   -99.9
 'Wageningen' 20  6 1974  16120.    9.3   21.8   1.52    1.1    0.0   -99.9
 'Wageningen' 21  6 1974  28100.    7.1   20.7   1.27    2.0    0.0   -99.9
 'Wageningen' 22  6 1974  19160.   11.6   20.6   1.56    2.0    0.0   -99.9
 'Wageningen' 23  6 1974  19900.   10.4   24.3   1.81    1.7    8.6   -99.9
 'Wageningen' 24  6 1974  24670.   10.8   24.6   1.47    1.9    0.0   -99.9
 'Wageningen' 25  6 1974  26850.   10.3   26.0   1.59    1.5    0.0   -99.9
 'Wageningen' 26  6 1974  10520.   12.0   20.3   1.71    1.1    0.9   -99.9
 'Wageningen' 27  6 1974   5360.   11.7   15.0   1.49    1.6    5.2   -99.9
 'Wageningen' 28  6 1974  16050.   10.7   18.8   1.28    1.5    0.0   -99.9
 'Wageningen' 29  6 1974  16110.   12.3   21.2   1.73    1.3    4.2   -99.9
 'Wageningen' 30  6 1974  11980.   10.7   18.3   1.58    1.6    2.4   -99.9
 'Wageningen'  1  7 1974   9430.   12.8   18.0   1.44    5.6    0.7   -99.9
 'Wageningen'  2  7 1974  25350.   10.2   20.6   1.26    2.6   14.9   -99.9
 'Wageningen'  3  7 1974  10330.    9.1   17.7   1.43    4.9    2.4   -99.9
 'Wageningen'  4  7 1974  11840.    9.0   16.5   1.38    4.2   17.1   -99.9
 'Wageningen'  5  7 1974   5220.   13.5   18.3   1.70    4.3    0.7   -99.9
 'Wageningen'  6  7 1974  19560.   10.6   17.7   1.26    4.8    0.0   -99.9
 'Wageningen'  7  7 1974  21400.   10.1   18.5   1.28    2.5    0.0   -99.9
 'Wageningen'  8  7 1974  17140.   11.8   21.5   1.76    2.0    0.0   -99.9
 'Wageningen'  9  7 1974  18590.   12.2   20.5   1.56    3.7    0.0   -99.9
 'Wageningen' 10  7 1974  19870.   11.8   20.5   1.44    3.7    0.2   -99.9
 'Wageningen' 11  7 1974  18030.   13.0   19.5   1.40    4.3    0.0   -99.9
 'Wageningen' 12  7 1974  18060.   10.7   20.1   1.38    3.0    2.4   -99.9
 'Wageningen' 13  7 1974   5980.   12.6   18.6   1.64    1.5    5.4   -99.9
 'Wageningen' 14  7 1974  15070.   11.3   18.7   1.45    3.3    1.7   -99.9
 'Wageningen' 15  7 1974  14430.   10.6   19.4   1.25    3.7    0.3   -99.9
 'Wageningen' 16  7 1974  10930.   12.0   18.7   1.44    3.2    0.6   -99.9
 'Wageningen' 17  7 1974   9250.    8.6   16.6   1.30    2.3    4.7   -99.9
 'Wageningen' 18  7 1974  19070.    4.6   18.0   1.14    1.5    0.0   -99.9
 'Wageningen' 19  7 1974  16540.    4.6   19.5   1.21    1.7    0.9   -99.9
 'Wageningen' 20  7 1974  11710.   12.6   20.9   1.68    3.2    0.0   -99.9
 'Wageningen' 21  7 1974  22850.    9.4   20.2   1.31    2.3    0.0   -99.9
 'Wageningen' 22  7 1974  23780.   10.6   22.3   1.49    3.5    7.7   -99.9
 'Wageningen' 23  7 1974  13170.   10.1   20.1   1.49    2.9    1.8   -99.9
 'Wageningen' 24  7 1974   4150.    8.1   15.4   1.30    2.0    0.1   -99.9
 'Wageningen' 25  7 1974  19280.    8.0   18.7   1.17    2.9    0.1   -99.9
 'Wageningen' 26  7 1974   6960.   10.1   17.0   1.43    2.7    1.3   -99.9
 'Wageningen' 27  7 1974  12480.   13.1   20.2   1.60    3.2    0.0   -99.9
 'Wageningen' 28  7 1974  11670.   11.9   21.1   1.56    3.4    0.0   -99.9
 'Wageningen' 29  7 1974  22220.   12.5   21.1   1.35    3.3    0.0   -99.9
 'Wageningen' 30  7 1974  11520.   12.9   19.9   1.59    2.7    0.0   -99.9
 'Wageningen' 31  7 1974  15470.   15.7   22.0   1.73    4.1    0.0   -99.9
 'Wageningen'  1  8 1974  12230.   11.7   21.6   1.64    3.1    0.1   -99.9
 'Wageningen'  2  8 1974  11900.    8.4   20.2   1.44    1.1    0.1   -99.9
 'Wageningen'  3  8 1974  15880.    4.8   20.4   1.13    1.8    3.9   -99.9
 'Wageningen'  4  8 1974  10520.   13.2   23.4   2.00    2.0    4.8   -99.9
 'Wageningen'  5  8 1974   9630.    6.5   19.1   1.38    1.9    0.1   -99.9
 'Wageningen'  6  8 1974  21130.    4.1   20.1   1.20    0.5    0.0   -99.9
 'Wageningen'  7  8 1974  23600.    5.6   23.1   1.06    3.0    0.0   -99.9
 'Wageningen'  8  8 1974  12950.   12.9   21.0   1.57    3.4    7.6   -99.9
 'Wageningen'  9  8 1974  10710.   14.2   19.5   1.66    2.8   16.2   -99.9
 'Wageningen' 10  8 1974  12260.   11.1   19.6   1.56    3.6    6.0   -99.9
 'Wageningen' 11  8 1974   7120.   10.2   16.5   1.48    3.0   11.0   -99.9
 'Wageningen' 12  8 1974   4920.   10.2   16.5   1.49    2.9   14.2   -99.9
 'Wageningen' 13  8 1974  12810.   14.0   20.6   1.65    1.8    0.5   -99.9
 'Wageningen' 14  8 1974  21160.   13.7   27.3   1.86    1.1    0.0   -99.9
 'Wageningen' 15  8 1974  21880.   14.8   27.0   2.20    1.9    0.0   -99.9
 'Wageningen' 16  8 1974  16950.   15.0   26.5   1.98    1.6    1.7   -99.9
 'Wageningen' 17  8 1974  19590.    9.4   21.8   1.48    2.4    0.0   -99.9
 'Wageningen' 18  8 1974  16380.    9.9   22.0   1.52    1.0    2.3   -99.9
 'Wageningen' 19  8 1974  22550.   11.2   20.4   1.21    2.5    0.0   -99.9
 'Wageningen' 20  8 1974  21910.   10.0   20.8   1.21    2.0    0.0   -99.9
 'Wageningen' 21  8 1974  22720.    5.4   21.5   1.22    1.5    0.0   -99.9
 'Wageningen' 22  8 1974  15140.    6.4   22.2   1.37    0.9    0.0   -99.9
 'Wageningen' 23  8 1974  18810.    6.5   23.5   1.59    0.6    0.0   -99.9
 'Wageningen' 24  8 1974  18510.   11.6   22.4   1.83    1.4    0.0   -99.9
 'Wageningen' 25  8 1974  18040.   10.1   24.0   1.62    1.7    0.0   -99.9
 'Wageningen' 26  8 1974  15840.   13.0   26.3   1.90    2.3    9.6   -99.9
 'Wageningen' 27  8 1974  16830.    8.4   17.8   1.33    3.0    0.0   -99.9
 'Wageningen' 28  8 1974  19630.    6.5   21.1   1.36    0.7    0.0   -99.9
 'Wageningen' 29  8 1974  13070.    6.7   21.9   1.49    1.3    0.0   -99.9
 'Wageningen' 30  8 1974  18050.   10.3   26.9   1.86    1.8    0.0   -99.9
 'Wageningen' 31  8 1974   9130.   10.0   21.1   1.66    2.2    1.6   -99.9
 'Wageningen'  1  9 1974   8560.   10.7   18.9   1.51    3.5    4.4   -99.9
 'Wageningen'  2  9 1974  12670.    9.4   21.1   1.57    3.8    6.1   -99.9
 'Wageningen'  3  9 1974  14690.   11.5   18.8   1.27    5.1    0.0   -99.9
 'Wageningen'  4  9 1974   9180.   10.5   17.1   1.46    4.9   20.3   -99.9
 'Wageningen'  5  9 1974   5020.   13.2   20.2   1.68    5.2   16.5   -99.9
 'Wageningen'  6  9 1974  11920.   12.0   17.8   1.42    4.4    2.1   -99.9
 'Wageningen'  7  9 1974   7410.   10.2   16.3   1.22    6.2    1.5   -99.9
 'Wageningen'  8  9 1974  13980.   11.6   17.3   1.26    5.2    0.7   -99.9
 'Wageningen'  9  9 1974   3950.   10.7   13.5   1.29    1.7   10.6   -99.9
 'Wageningen' 10  9 1974  15490.    8.0   18.5   1.37    1.7    0.0   -99.9
 'Wageningen' 11  9 1974  15590.    4.6   20.6   1.11    2.4    0.0   -99.9
 'Wageningen' 12  9 1974  11670.   12.0   23.8   1.72    1.3    2.5   -99.9
 'Wageningen' 13  9 1974   7750.   13.6   20.5   1.76    2.5    1.2   -99.9
 'Wageningen' 14  9 1974   8310.    7.9   19.5   1.46    1.3    0.0   -99.9
 'Wageningen' 15  9 1974   8700.    7.5   23.0   1.65    0.9    0.7   -99.9
 'Wageningen' 16  9 1974   9970.   11.7   23.0   1.83    0.7    0.1   -99.9
 'Wageningen' 17  9 1974   8710.   14.5   19.8   1.76    0.8    4.3   -99.9
 'Wageningen' 18  9 1974  13130.    4.4   17.3   1.05    1.5    0.0   -99.9
 'Wageningen' 19  9 1974  13830.    2.4    7.0   0.68    0.5    0.0   -99.9
 'Wageningen' 20  9 1974  10980.    6.6   16.9   1.14    1.4    0.0   -99.9
 'Wageningen' 21  9 1974   7160.    5.4   14.8   1.05    2.9    6.6   -99.9
 'Wageningen' 22  9 1974  11570.    8.9   14.5   1.11    3.9    4.0   -99.9
 'Wageningen' 23  9 1974   3390.    8.7   11.7   1.09    5.1   10.9   -99.9
 'Wageningen' 24  9 1974   6120.    7.0   13.8   1.11    5.0    7.6   -99.9
 'Wageningen' 25  9 1974   2510.    5.9   10.0   0.99    3.8    8.2   -99.9
 'Wageningen' 26  9 1974  10140.    5.9   13.7   1.07    2.7    4.7   -99.9
 'Wageningen' 27  9 1974   1960.    6.5   15.2   1.20    4.8    9.4   -99.9
 'Wageningen' 28  9 1974   6700.    4.9   12.8   0.90    4.3    0.6   -99.9
 'Wageningen' 29  9 1974   9770.    4.1   12.4   0.95    2.2    1.9   -99.9
 'Wageningen' 30  9 1974   9570.    2.4   12.7   0.92    1.4    3.3   -99.9
 'Wageningen'  1 10 1974   9660.    1.1   11.5   0.85    1.0    0.4   -99.9
 'Wageningen'  2 10 1974  10830.   -1.0   11.9   0.79    0.9    0.1   -99.9
 'Wageningen'  3 10 1974  12070.   -2.5   12.2   0.75    1.3    5.6   -99.9
 'Wageningen'  4 10 1974   1900.    6.1    9.6   0.96    5.4    1.4   -99.9
 'Wageningen'  5 10 1974   5500.    7.9   12.4   1.08    3.5    3.8   -99.9
 'Wageningen'  6 10 1974   7830.    7.2   12.7   0.99    3.9    8.3   -99.9
 'Wageningen'  7 10 1974   5950.    6.3   10.5   0.94    2.4    4.9   -99.9
 'Wageningen'  8 10 1974   3300.    3.6    8.4   0.85    1.8    0.0   -99.9
 'Wageningen'  9 10 1974   7850.    3.0   13.1   0.96    1.7    2.6   -99.9
 'Wageningen' 10 10 1974   9700.    3.1   12.2   0.90    2.1    0.1   -99.9
 'Wageningen' 11 10 1974   8260.    1.4   11.8   0.87    0.7    0.3   -99.9
 'Wageningen' 12 10 1974   7220.    4.3   11.6   0.89    1.6    2.9   -99.9
 'Wageningen' 13 10 1974   6270.    1.8   10.6   0.82    0.9    0.5   -99.9
 'Wageningen' 14 10 1974   6090.   -1.6   10.3   0.73    1.0    0.3   -99.9
 'Wageningen' 15 10 1974   4200.    3.7    9.9   0.90    0.4    0.0   -99.9
 'Wageningen' 16 10 1974   5640.    1.1    9.3   0.80    1.2    0.4   -99.9
 'Wageningen' 17 10 1974   7900.    0.1   10.5   0.77    0.7    0.0   -99.9
 'Wageningen' 18 10 1974   6960.    1.5   10.4   0.78    3.2   13.8   -99.9
 'Wageningen' 19 10 1974   7990.    5.5   11.6   0.85    4.2    0.3   -99.9
 'Wageningen' 20 10 1974   4530.    2.1    9.3   0.81    0.8    1.7   -99.9
 'Wageningen' 21 10 1974   6200.    2.1   10.6   0.86    1.4    0.5   -99.9
 'Wageningen' 22 10 1974   2580.    2.6    9.8   0.85    3.5   21.5   -99.9
 'Wageningen' 23 10 1974   2990.    9.1   11.9   1.05    2.8    0.0   -99.9
 'Wageningen' 24 10 1974   3200.    8.3   10.7   0.98    2.5    1.1   -99.9
 'Wageningen' 25 10 1974   2750.    7.1   10.8   0.91    4.1    4.6   -99.9
 'Wageningen' 26 10 1974   6050.    6.3    9.2   0.82    3.2    3.5   -99.9
 'Wageningen' 27 10 1974   3600.    6.3   10.7   0.80    6.4   24.5   -99.9
 'Wageningen' 28 10 1974   3740.    3.4    8.8   0.78    4.7   10.5   -99.9
 'Wageningen' 29 10 1974   6690.    2.5    8.3   0.74    2.6    0.2   -99.9
 'Wageningen' 30 10 1974   4520.   -1.5    7.4   0.66    1.3    0.5   -99.9
 'Wageningen' 31 10 1974   4150.   -2.7    4.0   0.60    0.8    0.1   -99.9
 'Wageningen'  1 11 1974   4100.    0.0    7.2   0.71    1.5    0.1   -99.9
 'Wageningen'  2 11 1974   3240.    0.6    9.9   0.71    1.6    0.8   -99.9
 'Wageningen'  3 11 1974   1830.    1.2    7.5   0.73    2.2    8.7   -99.9
 'Wageningen'  4 11 1974   1530.    0.7    7.3   0.68    1.7    0.3   -99.9
 'Wageningen'  5 11 1974   4350.   -1.5    7.1   0.55    1.0    0.0   -99.9
 'Wageningen'  6 11 1974   6430.   -1.0    7.5   0.58    1.1    0.0   -99.9
 'Wageningen'  7 11 1974   4630.    0.7    7.6   0.64    1.4    0.0   -99.9
 'Wageningen'  8 11 1974   2780.   -0.4    6.3   0.60    3.3    2.4   -99.9
 'Wageningen'  9 11 1974   1090.    5.4   11.8   0.97    4.4    2.8   -99.9
 'Wageningen' 10 11 1974   3680.    5.1   11.7   0.83    4.0    0.0   -99.9
 'Wageningen' 11 11 1974   2650.    6.6   10.4   0.77    6.3    6.1   -99.9
 'Wageningen' 12 11 1974   3000.    4.2    8.3   0.76    4.4    2.5   -99.9
 'Wageningen' 13 11 1974   4780.    3.4    9.5   0.70    4.5    0.0   -99.9
 'Wageningen' 14 11 1974   1010.    9.4   14.3   0.83    5.9    1.5   -99.9
 'Wageningen' 15 11 1974   1390.   10.0   13.6   1.11    4.2   14.7   -99.9
 'Wageningen' 16 11 1974   1580.    5.4   12.0   0.91    4.2    4.5   -99.9
 'Wageningen' 17 11 1974   2210.    6.0   10.5   0.89    2.4    0.0   -99.9
 'Wageningen' 18 11 1974   1610.    6.6   11.0   0.83    3.5    1.5   -99.9
 'Wageningen' 19 11 1974   1620.    3.5    7.0   0.71    3.8    0.6   -99.9
 'Wageningen' 20 11 1974   2580.    1.8    7.3   0.69    1.9    1.2   -99.9
 'Wageningen' 21 11 1974   2100.    5.5    9.0   0.83    2.7    2.1   -99.9
 'Wageningen' 22 11 1974    700.    7.2   11.5   0.98    4.8   12.6   -99.9
 'Wageningen' 23 11 1974   1670.    8.1   11.0   0.97    2.4    2.5   -99.9
 'Wageningen' 24 11 1974   4080.    6.6    9.3   0.87    3.6    2.8   -99.9
 'Wageningen' 25 11 1974    670.    4.6    8.0   0.69    6.5    4.2   -99.9
 'Wageningen' 26 11 1974   3280.    3.4    7.5   0.69    4.4    0.0   -99.9
 'Wageningen' 27 11 1974   1360.    2.1    8.9   0.71    4.9    5.2   -99.9
 'Wageningen' 28 11 1974   1490.    2.5    7.6   0.67    7.0   10.2   -99.9
 'Wageningen' 29 11 1974   4000.    3.1    8.4   0.72    4.3    3.6   -99.9
 'Wageningen' 30 11 1974   1030.    2.8    8.4   0.77    3.3    2.5   -99.9
 'Wageningen'  1 12 1974   1210.    5.0   10.4   0.85    4.1    0.3   -99.9
 'Wageningen'  2 12 1974    770.    9.7   11.3   1.09    5.3    5.4   -99.9
 'Wageningen'  3 12 1974    570.    9.5   11.0   1.14    3.2    0.5   -99.9
 'Wageningen'  4 12 1974    630.    6.3    9.6   0.81    4.3    2.5   -99.9
 'Wageningen'  5 12 1974   2100.    3.5    7.4   0.61    6.1    5.2   -99.9
 'Wageningen'  6 12 1974    620.    6.6    8.4   0.89    4.0    2.8   -99.9
 'Wageningen'  7 12 1974    710.    7.5   10.3   0.96    4.9    2.5   -99.9
 'Wageningen'  8 12 1974    460.    9.1   10.3   1.08    4.1    0.9   -99.9
 'Wageningen'  9 12 1974   1130.    4.2    9.8   0.72    3.6    0.9   -99.9
 'Wageningen' 10 12 1974   2180.    2.6    6.4   0.62    4.8   12.4   -99.9
 'Wageningen' 11 12 1974    830.    0.5    6.3   0.57    6.4    7.8   -99.9
 'Wageningen' 12 12 1974    600.    0.4    5.1   0.62    3.7    6.6   -99.9
 'Wageningen' 13 12 1974   2770.   -1.0    4.5   0.56    1.3    0.1   -99.9
 'Wageningen' 14 12 1974    730.    2.4    7.5   0.71    3.9    3.2   -99.9
 'Wageningen' 15 12 1974   2170.    3.7    7.0   0.75    2.9    0.0   -99.9
 'Wageningen' 16 12 1974   1220.    1.8    8.7   0.69    5.1    9.6   -99.9
 'Wageningen' 17 12 1974   2000.    3.5    7.6   0.57    7.6    2.6   -99.9
 'Wageningen' 18 12 1974   1190.    1.9    6.4   0.59    6.6    3.0   -99.9
 'Wageningen' 19 12 1974    980.    1.8    8.1   0.69    3.2    1.3   -99.9
 'Wageningen' 20 12 1974   1010.    7.2    9.1   0.77    5.8    0.0   -99.9
 'Wageningen' 21 12 1974   2050.    5.5    9.5   0.73    4.5    0.0   -99.9
 'Wageningen' 22 12 1974   2960.    4.1    9.0   0.69    4.6    0.1   -99.9
 'Wageningen' 23 12 1974   3210.    5.4   11.1   0.81    3.5    0.5   -99.9
 'Wageningen' 24 12 1974    690.    4.8    8.2   0.81    4.1    6.7   -99.9
 'Wageningen' 25 12 1974   1310.    3.8   11.9   0.85    4.9   19.8   -99.9
 'Wageningen' 26 12 1974   1120.    9.1   12.7   0.98    8.3    7.7   -99.9
 'Wageningen' 27 12 1974    920.    7.9   10.1   0.91    5.5    1.5   -99.9
 'Wageningen' 28 12 1974   1490.    7.6   13.6   0.99    7.0    0.1   -99.9
 'Wageningen' 29 12 1974   1640.    4.2   12.4   0.72    8.9    6.8   -99.9
 'Wageningen' 30 12 1974   2970.    3.2    7.0   0.66    3.9    1.5   -99.9
 'Wageningen' 31 12 1974   1200.    3.6    8.7   0.79    4.1    0.8   -99.9
