***************************************************************************
* File name: Wageni.963
* Contents: SWAP  3.0 - Meteo data of Wageningen weather station                
***************************************************************************     
* Comment area:                                                                 
*                                                                               
*                                                                               
***************************************************************************     
    Station   DD MM YYYY     RAD   Tmin   Tmax    HUM   WIND   RAIN   ETref     
*             nr nr   nr   kJ/m2      C      C    kPa    m/s     mm      mm     
 'Wageningen'  1  1 1963   2638.   -8.5   -7.6   0.30    3.2    0.0   -99.9
 'Wageningen'  2  1 1963   1172.   -9.6   -6.6   0.29    3.1    0.0   -99.9
 'Wageningen'  3  1 1963   1172.   -8.9   -1.0   0.47    3.1    0.2   -99.9
 'Wageningen'  4  1 1963   1298.   -6.6    2.6   0.63    2.7    6.5   -99.9
 'Wageningen'  5  1 1963   1089.   -3.1    2.2   0.70    0.7    0.5   -99.9
 'Wageningen'  6  1 1963    837.    0.1    0.6   0.58    2.4    0.0   -99.9
 'Wageningen'  7  1 1963   2386.   -6.0   -2.0   0.37    3.9    0.0   -99.9
 'Wageningen'  8  1 1963   1130.   -4.0   -2.5   0.40    2.9    0.0   -99.9
 'Wageningen'  9  1 1963   4438.   -9.0   -3.5   0.44    3.8    0.0   -99.9
 'Wageningen' 10  1 1963   2261.  -15.0   -7.7   0.30    2.2    0.0   -99.9
 'Wageningen' 11  1 1963   5443.  -15.0   -6.0   0.34    1.6    0.0   -99.9
 'Wageningen' 12  1 1963   4145.  -13.0   -6.5   0.29    1.1    0.0   -99.9
 'Wageningen' 13  1 1963   2805.  -16.6    2.2   0.32    1.1    0.2   -99.9
 'Wageningen' 14  1 1963   3768.  -12.8    3.0   0.55    3.1    0.0   -99.9
 'Wageningen' 15  1 1963   3475.  -11.2    0.5   0.49    0.9    9.2   -99.9
 'Wageningen' 16  1 1963    628.   -9.9   -7.0   0.30    3.3    0.0   -99.9
 'Wageningen' 17  1 1963   5150.  -14.6   -6.8   0.29    1.5    0.0   -99.9
 'Wageningen' 18  1 1963   2721.  -20.9   -7.8   0.26    3.0    0.0   -99.9
 'Wageningen' 19  1 1963   3308.  -21.9   -6.3   0.29    3.4    0.0   -99.9
 'Wageningen' 20  1 1963   8290.  -11.3   -2.0   0.41    3.3    0.0   -99.9
 'Wageningen' 21  1 1963   5234.  -10.0   -5.0   0.34    3.0    0.0   -99.9
 'Wageningen' 22  1 1963   5192.  -15.0   -3.9   0.34    0.9    0.0   -99.9
 'Wageningen' 23  1 1963   2847.  -15.0   -2.0   0.47    0.3    0.0   -99.9
 'Wageningen' 24  1 1963   5275.   -6.6   -0.5   0.48    0.7    0.0   -99.9
 'Wageningen' 25  1 1963   2052.   -6.5   -0.6   0.48    1.1    0.0   -99.9
 'Wageningen' 26  1 1963   1968.   -3.0    3.2   0.52    5.0    1.1   -99.9
 'Wageningen' 27  1 1963   5694.   -5.5    1.8   0.63    1.5    1.0   -99.9
 'Wageningen' 28  1 1963   3433.   -6.1    1.5   0.62    1.9    0.0   -99.9
 'Wageningen' 29  1 1963   3475.   -3.3    0.1   0.50    1.5    0.0   -99.9
 'Wageningen' 30  1 1963   3684.   -5.0   -2.0   0.42    1.3    0.0   -99.9
 'Wageningen' 31  1 1963   6113.  -10.9   -4.0   0.28    1.0    0.8   -99.9
 'Wageningen'  1  2 1963   3726.  -11.2   -4.0   0.42    3.0    0.3   -99.9
 'Wageningen'  2  2 1963   5987.   -8.5   -5.0   0.32    3.0    0.3   -99.9
 'Wageningen'  3  2 1963   3014.   -8.5   -2.8   0.40    1.0    0.2   -99.9
 'Wageningen'  4  2 1963   2303.   -7.0   -2.5   0.45    0.0    0.1   -99.9
 'Wageningen'  5  2 1963   4480.   -8.2   -2.5   0.47    0.0    0.0   -99.9
 'Wageningen'  6  2 1963   5401.  -14.0   -2.5   0.34    4.0    0.0   -99.9
 'Wageningen'  7  2 1963   3726.   -9.5    1.5   0.41    6.0    4.7   -99.9
 'Wageningen'  8  2 1963   2261.   -6.4    5.0   0.83    1.0    0.2   -99.9
 'Wageningen'  9  2 1963   2805.    1.1    3.5   0.63    1.0    0.0   -99.9
 'Wageningen' 10  2 1963   2889.   -3.5    0.8   0.53    2.0    0.0   -99.9
 'Wageningen' 11  2 1963   3684.   -4.2    3.5   0.58    0.0    3.0   -99.9
 'Wageningen' 12  2 1963   1130.   -0.6    0.5   0.57    1.0    4.9   -99.9
 'Wageningen' 13  2 1963   3768.   -2.1   -0.4   0.52    0.0    0.4   -99.9
 'Wageningen' 14  2 1963   6448.   -5.5   -1.8   0.42    1.0    0.0   -99.9
 'Wageningen' 15  2 1963   4480.   -3.5   -0.5   0.42    3.0    0.9   -99.9
 'Wageningen' 16  2 1963   2428.   -3.6   -0.4   0.56    2.0    1.1   -99.9
 'Wageningen' 17  2 1963   2638.   -3.0   -0.6   0.57    2.0    0.7   -99.9
 'Wageningen' 18  2 1963   4145.   -2.1    1.0   0.56    1.0    0.2   -99.9
 'Wageningen' 19  2 1963   4522.   -5.1   -0.6   0.52    1.0    0.0   -99.9
 'Wageningen' 20  2 1963   3601.   -6.0   -2.1   0.50    3.0    0.2   -99.9
 'Wageningen' 21  2 1963   7662.   -5.5   -2.8   0.49    1.0    0.1   -99.9
 'Wageningen' 22  2 1963   9002.  -16.2    1.5   0.56    0.0    0.0   -99.9
 'Wageningen' 23  2 1963   7411.  -14.6    0.4   0.40    1.0    0.0   -99.9
 'Wageningen' 24  2 1963  10551.  -16.5    2.3   0.49    1.0    0.0   -99.9
 'Wageningen' 25  2 1963   9504.  -18.1    1.0   0.41    1.0    0.0   -99.9
 'Wageningen' 26  2 1963  10383.  -14.5    1.6   0.56    2.0    0.0   -99.9
 'Wageningen' 27  2 1963   9253.  -11.5    3.3   0.42    3.0    0.0   -99.9
 'Wageningen' 28  2 1963   9295.   -6.0    2.6   0.57    2.0    0.0   -99.9
 'Wageningen'  1  3 1963   9630.   -7.9    4.3   0.73    2.0    0.0   -99.9
 'Wageningen'  2  3 1963  10006.  -10.5    4.5   0.79    2.2    0.0   -99.9
 'Wageningen'  3  3 1963  11262.   -6.5    4.6   0.83    1.2    0.0   -99.9
 'Wageningen'  4  3 1963  10090.   -6.5    6.5   0.84    1.6    0.0   -99.9
 'Wageningen'  5  3 1963   8457.   -4.5    9.2   0.77    3.6    0.0   -99.9
 'Wageningen'  6  3 1963   7578.    0.6   12.0   1.04    2.4    0.0   -99.9
 'Wageningen'  7  3 1963   6364.    2.5   11.5   0.96    3.5    0.0   -99.9
 'Wageningen'  8  3 1963   7704.    2.0   14.4   1.34    2.2    0.0   -99.9
 'Wageningen'  9  3 1963   7285.    2.9   11.8   0.79    3.7    2.9   -99.9
 'Wageningen' 10  3 1963   4438.    5.5   11.1   0.92    3.9    0.4   -99.9
 'Wageningen' 11  3 1963   3768.    1.3    8.9   0.77    3.7   18.0   -99.9
 'Wageningen' 12  3 1963   1549.    1.9    4.9   0.79    6.6    3.9   -99.9
 'Wageningen' 13  3 1963   4522.    1.1    8.6   0.91    2.9    8.6   -99.9
 'Wageningen' 14  3 1963   3056.    2.9   10.5   1.06    2.8    1.1   -99.9
 'Wageningen' 15  3 1963   7704.    5.0   15.0   1.22    2.8    0.0   -99.9
 'Wageningen' 16  3 1963   3475.    3.9   11.5   1.10    2.3    4.2   -99.9
 'Wageningen' 17  3 1963   5652.    3.7   11.7   1.03    2.0    5.8   -99.9
 'Wageningen' 18  3 1963   3726.    5.6   13.1   1.07    1.8    5.5   -99.9
 'Wageningen' 19  3 1963   7704.    4.7   10.8   0.95    2.8    0.1   -99.9
 'Wageningen' 20  3 1963   9923.    0.7   13.1   0.81    2.4    0.0   -99.9
 'Wageningen' 21  3 1963   3308.    0.5    3.1   0.68    3.6    0.3   -99.9
 'Wageningen' 22  3 1963  10760.   -0.4    5.0   0.72    4.2    0.2   -99.9
 'Wageningen' 23  3 1963   5945.   -4.1    8.2   0.80    1.4    0.6   -99.9
 'Wageningen' 24  3 1963   7411.   -2.1    7.0   0.81    2.4    0.0   -99.9
 'Wageningen' 25  3 1963   2680.    1.3    8.3   0.80    5.6    0.0   -99.9
 'Wageningen' 26  3 1963   4019.    2.5    8.6   0.96    1.9    1.7   -99.9
 'Wageningen' 27  3 1963   9043.    1.1   11.3   0.84    1.4    0.8   -99.9
 'Wageningen' 28  3 1963  10676.    2.3   11.5   0.92    1.7    0.0   -99.9
 'Wageningen' 29  3 1963   8750.    1.7   11.5   0.75    4.0    2.6   -99.9
 'Wageningen' 30  3 1963   9295.    2.5   11.0   0.75    1.2    2.5   -99.9
 'Wageningen' 31  3 1963   2596.    2.1   15.2   0.73    3.0    0.4   -99.9
 'Wageningen'  1  4 1963   1424.    7.9   17.6   0.76    1.2    0.0   -99.9
 'Wageningen'  2  4 1963  12309.    7.7   13.5   0.95    1.5    0.1   -99.9
 'Wageningen'  3  4 1963   4899.   -1.0   12.0   0.95    1.6    0.3   -99.9
 'Wageningen'  4  4 1963  10383.    1.0   12.5   0.72    2.2    1.2   -99.9
 'Wageningen'  5  4 1963   7118.    5.6   10.5   0.88    3.3    0.0   -99.9
 'Wageningen'  6  4 1963  15114.    8.0   12.7   1.34    5.6    0.0   -99.9
 'Wageningen'  7  4 1963  16580.    6.8   18.5   1.37    4.1    0.0   -99.9
 'Wageningen'  8  4 1963  16412.    6.0   14.3   1.23    2.9    0.0   -99.9
 'Wageningen'  9  4 1963  12393.    1.0   18.7   0.90    3.0    2.4   -99.9
 'Wageningen' 10  4 1963   7034.    4.0    5.7   1.32    3.4    4.6   -99.9
 'Wageningen' 11  4 1963  14989.    1.9    3.5   0.87    2.7    0.0   -99.9
 'Wageningen' 12  4 1963  12519.    1.7   11.6   0.91    2.9    0.0   -99.9
 'Wageningen' 13  4 1963  14403.    3.0   10.5   0.83    1.9    0.0   -99.9
 'Wageningen' 14  4 1963   9504.    4.0   12.6   0.84    3.5    2.3   -99.9
 'Wageningen' 15  4 1963   3349.   -1.4    9.1   1.11    3.6    5.4   -99.9
 'Wageningen' 16  4 1963   3726.    3.0   14.3   1.19    3.1    0.4   -99.9
 'Wageningen' 17  4 1963  13314.    2.9   15.2   1.30    3.0    4.2   -99.9
 'Wageningen' 18  4 1963  12937.    4.0   19.4   1.32    1.9    0.0   -99.9
 'Wageningen' 19  4 1963  14612.    6.0   18.5   1.27    0.6    0.0   -99.9
 'Wageningen' 20  4 1963  15994.    8.0   20.7   1.53    2.4    4.4   -99.9
 'Wageningen' 21  4 1963  11556.   10.5   17.0   1.27    1.7    0.2   -99.9
 'Wageningen' 22  4 1963  11932.    2.5   15.7   0.99    1.7    0.0   -99.9
 'Wageningen' 23  4 1963  19971.    1.0   18.7   1.72    2.3    0.0   -99.9
 'Wageningen' 24  4 1963  18924.    6.4   16.8   0.96    2.9    0.0   -99.9
 'Wageningen' 25  4 1963   4647.    4.6    8.5   0.88    2.7    0.0   -99.9
 'Wageningen' 26  4 1963  16705.    3.3   15.0   1.18    1.9    0.0   -99.9
 'Wageningen' 27  4 1963  17794.   -2.3   16.5   1.77    0.6    7.0   -99.9
 'Wageningen' 28  4 1963   3349.    6.4   14.4   1.42    2.1    3.6   -99.9
 'Wageningen' 29  4 1963   1926.    9.2   13.0   1.39    2.1    5.1   -99.9
 'Wageningen' 30  4 1963  14403.    7.6   13.9   0.96    2.6    0.0   -99.9
 'Wageningen'  1  5 1963   5652.    5.5   10.2   1.02    4.1    9.9   -99.9
 'Wageningen'  2  5 1963  21688.    3.8   11.5   0.71    3.3    0.1   -99.9
 'Wageningen'  3  5 1963   7536.    2.5    8.9   0.95    3.2    4.7   -99.9
 'Wageningen'  4  5 1963  10551.    1.4   12.1   0.76    1.4    0.0   -99.9
 'Wageningen'  5  5 1963  16287.    3.5   15.4   0.88    2.7    0.3   -99.9
 'Wageningen'  6  5 1963  12853.    4.6   13.0   0.63    2.9    0.0   -99.9
 'Wageningen'  7  5 1963  19636.    3.2   18.6   0.84    1.3    0.0   -99.9
 'Wageningen'  8  5 1963  22651.    3.5   23.9   0.90    1.3    0.0   -99.9
 'Wageningen'  9  5 1963   9295.    8.9   15.0   1.11    1.6    0.0   -99.9
 'Wageningen' 10  5 1963  14863.    2.8   16.0   0.88    2.4    1.7   -99.9
 'Wageningen' 11  5 1963   4564.    8.1   10.2   1.00    3.7    2.9   -99.9
 'Wageningen' 12  5 1963  21688.    6.4   16.2   0.91    2.0    0.0   -99.9
 'Wageningen' 13  5 1963   7913.    8.2   16.3   1.07    2.5    5.4   -99.9
 'Wageningen' 14  5 1963  12644.    9.2   14.3   0.94    3.4    4.6   -99.9
 'Wageningen' 15  5 1963  11765.    7.2   13.0   0.95    1.8    0.0   -99.9
 'Wageningen' 16  5 1963  22902.    7.0   15.6   1.10    2.5    0.0   -99.9
 'Wageningen' 17  5 1963   6824.    2.6   12.5   1.26    1.9    0.4   -99.9
 'Wageningen' 18  5 1963  17961.    2.5   15.7   0.73    3.1    0.1   -99.9
 'Wageningen' 19  5 1963  14528.    5.8   12.1   0.81    3.7    0.9   -99.9
 'Wageningen' 20  5 1963  20515.    1.5   15.3   0.79    2.1    0.3   -99.9
 'Wageningen' 21  5 1963   5652.    9.5   15.6   1.20    2.8    6.2   -99.9
 'Wageningen' 22  5 1963   7536.    3.5   13.2   1.15    0.4   11.0   -99.9
 'Wageningen' 23  5 1963   6238.    8.5   13.8   1.26    1.2    0.1   -99.9
 'Wageningen' 24  5 1963   8918.    9.0   13.4   0.96    1.4    0.0   -99.9
 'Wageningen' 25  5 1963  17752.    1.7   17.8   1.03    0.9    0.2   -99.9
 'Wageningen' 26  5 1963  21185.    6.0   19.5   1.00    2.2    0.0   -99.9
 'Wageningen' 27  5 1963  10969.   12.5   19.0   1.56    1.5    0.0   -99.9
 'Wageningen' 28  5 1963   8122.   10.9   17.4   1.49    2.5    0.0   -99.9
 'Wageningen' 29  5 1963   8750.   10.5   21.4   1.62    1.8    0.0   -99.9
 'Wageningen' 30  5 1963  23069.   10.5   25.0   0.88    2.8    0.0   -99.9
 'Wageningen' 31  5 1963  26126.   11.3   25.8   1.22    2.6    0.0   -99.9
 'Wageningen'  1  6 1963  25037.   12.7   22.5   1.10    3.5    0.0   -99.9
 'Wageningen'  2  6 1963  28554.    9.1   20.4   0.84    3.9    0.0   -99.9
 'Wageningen'  3  6 1963  28052.    9.1   20.7   0.71    4.1    0.0   -99.9
 'Wageningen'  4  6 1963  26209.   10.7   24.0   0.88    2.7    0.0   -99.9
 'Wageningen'  5  6 1963  13733.   14.3   23.3   1.29    1.9    4.9   -99.9
 'Wageningen'  6  6 1963  12309.   13.2   23.6   1.52    0.7    0.2   -99.9
 'Wageningen'  7  6 1963  21688.    9.3   23.8   1.89    1.9    4.0   -99.9
 'Wageningen'  8  6 1963  19971.   15.3   26.0   1.82    1.2    0.0   -99.9
 'Wageningen'  9  6 1963  25456.   14.4   26.4   1.40    1.5    0.0   -99.9
 'Wageningen' 10  6 1963  22609.    9.0   26.9   1.32    0.9    4.5   -99.9
 'Wageningen' 11  6 1963  24911.   10.0   23.4   1.74    2.3    0.0   -99.9
 'Wageningen' 12  6 1963  25079.    8.6   23.6   1.30    0.8    0.0   -99.9
 'Wageningen' 13  6 1963  16957.    8.0   25.1   1.19    1.3   13.1   -99.9
 'Wageningen' 14  6 1963   3977.   13.3   15.7   1.57    2.2   10.2   -99.9
 'Wageningen' 15  6 1963  19092.    9.1   16.5   1.13    2.9    0.1   -99.9
 'Wageningen' 16  6 1963  15994.    5.5   19.0   1.45    1.8    3.2   -99.9
 'Wageningen' 17  6 1963   5610.   10.5   17.0   1.61    1.9    3.0   -99.9
 'Wageningen' 18  6 1963   6113.   14.2   18.5   1.57    3.5   12.3   -99.9
 'Wageningen' 19  6 1963  18296.    8.8   16.5   0.95    5.4    2.3   -99.9
 'Wageningen' 20  6 1963   4480.   10.0   16.0   1.58    3.3    7.8   -99.9
 'Wageningen' 21  6 1963  13272.   12.5   19.2   1.50    4.4    0.5   -99.9
 'Wageningen' 22  6 1963  10383.   13.0   17.3   1.43    2.5    1.9   -99.9
 'Wageningen' 23  6 1963  20515.   11.5   18.2   0.99    2.8    0.0   -99.9
 'Wageningen' 24  6 1963  21604.    8.5   19.1   0.95    1.6    0.0   -99.9
 'Wageningen' 25  6 1963  18129.    8.3   21.0   1.23    2.1    3.3   -99.9
 'Wageningen' 26  6 1963  14403.   11.7   18.3   1.06    3.7    0.0   -99.9
 'Wageningen' 27  6 1963  16412.    9.5   19.0   1.23    1.4    8.3   -99.9
 'Wageningen' 28  6 1963   5862.   13.8   19.3   1.45    3.0    0.2   -99.9
 'Wageningen' 29  6 1963  13733.   10.1   19.6   1.22    2.1    0.0   -99.9
 'Wageningen' 30  6 1963  20767.   11.4   22.2   1.16    1.6    3.7   -99.9
 'Wageningen'  1  7 1963   8374.   13.0   19.6   1.57    0.5    0.6   -99.9
 'Wageningen'  2  7 1963  19427.   10.0   22.8   1.50    1.1    0.0   -99.9
 'Wageningen'  3  7 1963  24660.    8.0   23.8   1.29    0.9    0.2   -99.9
 'Wageningen'  4  7 1963  18422.   15.6   23.0   1.56    1.0    0.0   -99.9
 'Wageningen'  5  7 1963  19343.   14.2   22.4   1.27    1.2    0.0   -99.9
 'Wageningen'  6  7 1963  14319.   11.4   22.3   1.39    0.9   12.2   -99.9
 'Wageningen'  7  7 1963  12728.   14.5   17.3   1.35    3.3    0.0   -99.9
 'Wageningen'  8  7 1963  11346.    9.1   18.5   1.32    1.7    0.0   -99.9
 'Wageningen'  9  7 1963  13733.   12.5   18.0   1.19    2.5    0.0   -99.9
 'Wageningen' 10  7 1963  10844.   12.2   17.7   1.32    2.9    1.3   -99.9
 'Wageningen' 11  7 1963  13607.   12.4   18.0   1.19    2.4    0.0   -99.9
 'Wageningen' 12  7 1963  12477.    8.6   19.0   1.27    1.1    1.0   -99.9
 'Wageningen' 13  7 1963  12100.    9.4   21.0   1.58    2.1    1.3   -99.9
 'Wageningen' 14  7 1963  22944.    9.5   20.6   1.35    1.7    0.0   -99.9
 'Wageningen' 15  7 1963  15659.   12.6   23.3   1.62    2.0    0.0   -99.9
 'Wageningen' 16  7 1963  15868.   14.2   21.1   1.54    2.5    0.0   -99.9
 'Wageningen' 17  7 1963  15784.   12.0   20.4   1.56    1.3    0.0   -99.9
 'Wageningen' 18  7 1963  11514.   11.0   18.2   1.38    1.0    0.0   -99.9
 'Wageningen' 19  7 1963  13105.   13.5   22.7   1.65    1.4    0.0   -99.9
 'Wageningen' 20  7 1963  11932.   14.8   22.0   1.88    1.7    0.0   -99.9
 'Wageningen' 21  7 1963  28052.    8.4   24.3   1.57    2.0    0.0   -99.9
 'Wageningen' 22  7 1963  22651.   15.0   29.2   1.71    1.4    0.0   -99.9
 'Wageningen' 23  7 1963  12477.   15.3   26.3   2.20    0.6    0.0   -99.9
 'Wageningen' 24  7 1963  14193.   15.2   25.6   2.03    2.3    3.0   -99.9
 'Wageningen' 25  7 1963   4605.   15.0   15.9   1.43    2.2    4.3   -99.9
 'Wageningen' 26  7 1963  21813.    8.1   19.0   1.08    1.9    0.0   -99.9
 'Wageningen' 27  7 1963  20139.    4.5   20.2   1.00    1.4    0.0   -99.9
 'Wageningen' 28  7 1963  26754.    7.2   22.0   1.27    1.9    0.0   -99.9
 'Wageningen' 29  7 1963  25498.    7.7   24.8   1.11    2.1    0.0   -99.9
 'Wageningen' 30  7 1963  26126.    9.7   24.9   1.00    1.8    0.0   -99.9
 'Wageningen' 31  7 1963  16915.    8.8   23.0   1.23    1.7    0.0   -99.9
 'Wageningen'  1  8 1963  23237.    6.5   25.0   1.23    0.5    0.0   -99.9
 'Wageningen'  2  8 1963  16747.    8.0   30.0   1.71    0.9    0.0   -99.9
 'Wageningen'  3  8 1963  12728.   14.4   28.4   1.91    0.7    0.0   -99.9
 'Wageningen'  4  8 1963   7369.   18.1   21.0   1.81    1.4   22.1   -99.9
 'Wageningen'  5  8 1963  11430.   13.3   22.8   1.67    2.1    0.0   -99.9
 'Wageningen'  6  8 1963  22441.   15.0   26.2   1.61    1.3    0.0   -99.9
 'Wageningen'  7  8 1963  19804.   14.7   22.0   1.71    2.0    0.0   -99.9
 'Wageningen'  8  8 1963   6322.   10.5   18.7   1.84    1.4    6.9   -99.9
 'Wageningen'  9  8 1963   9043.   11.1   16.5   1.42    3.0    1.2   -99.9
 'Wageningen' 10  8 1963   7411.   12.3   18.3   1.35    3.6    1.7   -99.9
 'Wageningen' 11  8 1963  12058.   12.5   20.5   1.43    4.5    0.5   -99.9
 'Wageningen' 12  8 1963  10132.   12.0   19.6   1.35    2.8    0.3   -99.9
 'Wageningen' 13  8 1963   8667.   12.2   20.1   1.49    2.4    0.1   -99.9
 'Wageningen' 14  8 1963  11514.    9.5   20.5   1.49    0.9    2.4   -99.9
 'Wageningen' 15  8 1963   8834.   13.0   18.7   1.50    1.7    2.1   -99.9
 'Wageningen' 16  8 1963  17459.   10.3   20.5   1.06    2.4    6.0   -99.9
 'Wageningen' 17  8 1963   5108.   13.2   16.7   1.61    2.1    8.9   -99.9
 'Wageningen' 18  8 1963  11765.    8.9   18.5   1.27    1.1   14.0   -99.9
 'Wageningen' 19  8 1963   9672.   11.4   17.4   1.15    6.4    2.9   -99.9
 'Wageningen' 20  8 1963   4689.   12.1   16.0   1.52    3.0    7.6   -99.9
 'Wageningen' 21  8 1963   8834.   10.5   17.2   1.23    3.5    6.1   -99.9
 'Wageningen' 22  8 1963   6908.   11.7   16.0   1.40    2.7    0.9   -99.9
 'Wageningen' 23  8 1963   9504.   13.5   18.0   1.15    2.8    0.0   -99.9
 'Wageningen' 24  8 1963   7704.   12.0   17.0   1.52    4.2   10.1   -99.9
 'Wageningen' 25  8 1963   9002.   13.2   19.4   1.39    3.7    7.5   -99.9
 'Wageningen' 26  8 1963  10383.   14.5   21.5   1.58    3.8    6.7   -99.9
 'Wageningen' 27  8 1963  11262.   11.6   17.5   1.27    2.8    1.5   -99.9
 'Wageningen' 28  8 1963   6490.    9.3   14.2   1.38    2.2    1.6   -99.9
 'Wageningen' 29  8 1963  12225.    8.0   18.1   1.25    0.4    0.1   -99.9
 'Wageningen' 30  8 1963  15198.    3.5   19.1   1.23    0.8    1.8   -99.9
 'Wageningen' 31  8 1963   4187.   10.5   16.9   1.47    2.4    9.2   -99.9
 'Wageningen'  1  9 1963  17459.   11.5   21.2   1.29    2.6    0.0   -99.9
 'Wageningen'  2  9 1963   1130.   13.9   19.2   1.32    2.2    0.8   -99.9
 'Wageningen'  3  9 1963   3266.   12.6   15.2   1.50    3.1    3.4   -99.9
 'Wageningen'  4  9 1963   6071.   12.0   16.0   1.32    2.3    3.4   -99.9
 'Wageningen'  5  9 1963   7787.   11.0   17.2   1.38    1.1   19.1   -99.9
 'Wageningen'  6  9 1963   9504.   10.9   16.7   1.43    1.1   13.4   -99.9
 'Wageningen'  7  9 1963  13523.    8.2   17.3   1.25    0.7    0.0   -99.9
 'Wageningen'  8  9 1963  12560.    8.4   16.5   1.57    1.6    0.4   -99.9
 'Wageningen'  9  9 1963  11932.   11.5   17.0   1.19    2.1    0.8   -99.9
 'Wageningen' 10  9 1963  15282.    7.9   20.2   1.11    0.8    0.0   -99.9
 'Wageningen' 11  9 1963   9002.    9.9   19.2   1.46    0.7    0.0   -99.9
 'Wageningen' 12  9 1963  14654.   12.0   20.7   1.52    1.7    0.0   -99.9
 'Wageningen' 13  9 1963  14235.    9.0   21.2   1.40    1.3    0.0   -99.9
 'Wageningen' 14  9 1963  16957.    6.5   20.8   1.22    0.8    0.0   -99.9
 'Wageningen' 15  9 1963  17166.    4.5   20.9   1.06    0.5    0.0   -99.9
 'Wageningen' 16  9 1963  14821.    5.6   23.9   1.65    0.5    0.0   -99.9
 'Wageningen' 17  9 1963  13230.    9.9   26.1   1.81    0.9    2.4   -99.9
 'Wageningen' 18  9 1963   4815.   13.5   21.8   1.91    1.0    3.0   -99.9
 'Wageningen' 19  9 1963  14151.   10.5   18.5   1.37    2.4    0.0   -99.9
 'Wageningen' 20  9 1963   5694.   11.6   18.0   1.50    2.3    0.0   -99.9
 'Wageningen' 21  9 1963   4396.   10.4   17.1   1.54    0.7    0.0   -99.9
 'Wageningen' 22  9 1963   9002.   12.7   21.5   1.59    0.5    0.0   -99.9
 'Wageningen' 23  9 1963   9797.   13.1   21.0   1.80    1.8    0.0   -99.9
 'Wageningen' 24  9 1963   4815.   14.9   19.5   1.58    3.1    3.7   -99.9
 'Wageningen' 25  9 1963   8834.    9.8   13.0   1.07    3.3    8.3   -99.9
 'Wageningen' 26  9 1963    586.    7.5   16.9   1.59    5.0    8.7   -99.9
 'Wageningen' 27  9 1963  11430.    9.0   14.5   0.83    5.8    1.0   -99.9
 'Wageningen' 28  9 1963   6908.    7.9   13.0   0.91    3.0    4.2   -99.9
 'Wageningen' 29  9 1963   2052.    5.1   14.6   1.37    4.7    7.3   -99.9
 'Wageningen' 30  9 1963   3349.   10.7   13.5   1.31    3.8    4.0   -99.9
 'Wageningen'  1 10 1963   2638.    7.7   12.5   1.15    3.1    2.4   -99.9
 'Wageningen'  2 10 1963   5694.    9.8   13.5   1.15    2.7    3.3   -99.9
 'Wageningen'  3 10 1963   7369.    5.1   13.4   1.04    3.7   14.0   -99.9
 'Wageningen'  4 10 1963   8206.    7.5   15.1   1.03    3.6    2.4   -99.9
 'Wageningen'  5 10 1963   9002.    6.0   13.0   0.91    3.3    5.3   -99.9
 'Wageningen'  6 10 1963   9211.    6.5   13.9   1.02    2.7    7.5   -99.9
 'Wageningen'  7 10 1963   8374.    7.9   14.1   1.06    1.5    0.1   -99.9
 'Wageningen'  8 10 1963   6615.    2.5   14.5   1.13    2.0    4.8   -99.9
 'Wageningen'  9 10 1963   9420.    4.2   14.8   0.94    1.6    0.0   -99.9
 'Wageningen' 10 10 1963   2135.    5.6   13.0   1.29    2.7    0.0   -99.9
 'Wageningen' 11 10 1963   2135.    7.4   13.4   1.35    3.0    0.0   -99.9
 'Wageningen' 12 10 1963   8499.   10.6   17.2   1.31    2.5    0.0   -99.9
 'Wageningen' 13 10 1963   3559.    9.5   14.9   1.18    4.3    0.5   -99.9
 'Wageningen' 14 10 1963   5903.    6.9   12.8   0.91    3.1    0.1   -99.9
 'Wageningen' 15 10 1963   9420.    2.0   13.0   0.76    1.1    0.0   -99.9
 'Wageningen' 16 10 1963   5401.    3.2   16.0   1.06    2.0    2.2   -99.9
 'Wageningen' 17 10 1963   2847.    8.0   13.5   1.00    2.4   11.2   -99.9
 'Wageningen' 18 10 1963   5652.    8.7   15.0   1.13    1.8    0.0   -99.9
 'Wageningen' 19 10 1963   6615.    7.8   15.9   1.02    0.9    0.0   -99.9
 'Wageningen' 20 10 1963   4940.    8.1   17.0   1.47    2.1    4.0   -99.9
 'Wageningen' 21 10 1963   7076.   10.0   17.0   1.34    1.3    1.1   -99.9
 'Wageningen' 22 10 1963   6531.    9.9   14.6   1.00    2.6    0.1   -99.9
 'Wageningen' 23 10 1963   4857.    0.9   12.9   1.03    1.8    0.1   -99.9
 'Wageningen' 24 10 1963   1382.    4.2   14.5   1.57    0.7    0.0   -99.9
 'Wageningen' 25 10 1963   3056.   10.7   14.7   1.31    0.3    0.1   -99.9
 'Wageningen' 26 10 1963   6783.    0.6   13.5   0.99    0.4    0.1   -99.9
 'Wageningen' 27 10 1963   1842.    2.6    5.5   0.87    1.3    0.0   -99.9
 'Wageningen' 28 10 1963   2261.    1.7    8.5   0.88    0.8    0.0   -99.9
 'Wageningen' 29 10 1963   1130.    0.1    4.6   0.83    0.7    0.1   -99.9
 'Wageningen' 30 10 1963   5108.    1.4    9.9   0.81    3.9    0.4   -99.9
 'Wageningen' 31 10 1963   3894.    1.4    9.5   0.87    3.8    2.6   -99.9
 'Wageningen'  1 11 1963   1382.    3.0   10.0   1.13    1.7    3.0   -99.9
 'Wageningen'  2 11 1963   4480.    6.0   13.4   1.11    2.4    0.0   -99.9
 'Wageningen'  3 11 1963   5275.    7.5   13.5   1.08    1.8    0.0   -99.9
 'Wageningen'  4 11 1963   3014.    0.2   11.7   1.15    2.4    0.0   -99.9
 'Wageningen'  5 11 1963   5778.    4.3   16.5   1.31    3.2    0.0   -99.9
 'Wageningen'  6 11 1963   4187.    9.0   13.2   1.11    2.2    0.0   -99.9
 'Wageningen'  7 11 1963   2093.    6.5   10.4   1.00    3.1   11.0   -99.9
 'Wageningen'  8 11 1963   4899.    6.8   13.0   0.92    5.6    0.1   -99.9
 'Wageningen'  9 11 1963   3266.    6.1   12.5   1.15    1.8    0.1   -99.9
 'Wageningen' 10 11 1963    837.    6.6   14.5   1.26    2.6    2.1   -99.9
 'Wageningen' 11 11 1963   2596.    8.6   14.0   1.11    4.2    5.6   -99.9
 'Wageningen' 12 11 1963   4564.   10.0   13.0   0.94    5.7    0.0   -99.9
 'Wageningen' 13 11 1963   3433.    6.5   10.0   0.92    4.1    2.6   -99.9
 'Wageningen' 14 11 1963   5275.    3.0    9.0   0.73    3.2    0.0   -99.9
 'Wageningen' 15 11 1963    544.    1.1    7.9   0.96    2.9   15.5   -99.9
 'Wageningen' 16 11 1963   2931.    4.2   10.1   0.91    2.8    4.6   -99.9
 'Wageningen' 17 11 1963   2554.    2.8   11.0   0.85    4.0   11.8   -99.9
 'Wageningen' 18 11 1963    628.    3.2   14.9   1.15    8.2   23.6   -99.9
 'Wageningen' 19 11 1963    921.   10.8   15.0   1.31    7.1   14.8   -99.9
 'Wageningen' 20 11 1963   3643.    9.5    9.8   0.73    5.1    0.3   -99.9
 'Wageningen' 21 11 1963   2261.    2.0   12.0   0.71    4.9    3.6   -99.9
 'Wageningen' 22 11 1963   3391.    3.7   10.7   0.72    6.7    0.1   -99.9
 'Wageningen' 23 11 1963   1675.    3.9   12.4   1.22    2.9    0.0   -99.9
 'Wageningen' 24 11 1963   3810.    5.0   11.5   0.88    3.3    0.0   -99.9
 'Wageningen' 25 11 1963   1047.    7.6   11.7   1.03    3.9    1.2   -99.9
 'Wageningen' 26 11 1963   3936.    5.0    9.9   0.85    2.7    0.0   -99.9
 'Wageningen' 27 11 1963   2554.   -2.2    7.0   0.85    0.3    0.1   -99.9
 'Wageningen' 28 11 1963   1298.   -2.0    6.6   0.88    0.0    0.0   -99.9
 'Wageningen' 29 11 1963    670.   -1.0    6.0   0.87    0.3    0.0   -99.9
 'Wageningen' 30 11 1963    921.    0.6    7.0   0.83    1.4    0.0   -99.9
 'Wageningen'  1 12 1963   3433.    3.3    7.8   0.77    2.9    0.0   -99.9
 'Wageningen'  2 12 1963   2010.    2.2    5.5   0.68    2.9    0.0   -99.9
 'Wageningen'  3 12 1963   2805.    0.2    3.5   0.56    2.6    0.0   -99.9
 'Wageningen'  4 12 1963   3140.   -2.3    9.0   0.49    2.3    0.0   -99.9
 'Wageningen'  5 12 1963   3308.   -2.4    2.7   0.49    3.1    0.0   -99.9
 'Wageningen'  6 12 1963   3391.   -2.6    2.2   0.48    1.8    0.0   -99.9
 'Wageningen'  7 12 1963   3517.   -6.1    1.0   0.52    0.3    0.0   -99.9
 'Wageningen'  8 12 1963   3936.   -6.2    4.0   0.55    1.1    0.0   -99.9
 'Wageningen'  9 12 1963   2638.   -3.5    0.5   0.52    0.6    0.0   -99.9
 'Wageningen' 10 12 1963    461.   -8.5   -3.0   0.42    0.9    0.0   -99.9
 'Wageningen' 11 12 1963    544.   -4.7   -0.5   0.50    2.5    0.0   -99.9
 'Wageningen' 12 12 1963    879.   -4.7    0.5   0.49    2.5    0.0   -99.9
 'Wageningen' 13 12 1963   1800.   -4.8    0.7   0.53    3.5    0.2   -99.9
 'Wageningen' 14 12 1963   1172.   -3.4   -1.6   0.44    2.7    0.0   -99.9
 'Wageningen' 15 12 1963   3810.  -12.9   -1.6   0.38    0.6    0.0   -99.9
 'Wageningen' 16 12 1963    879.  -12.2   -1.5   0.48    1.2    0.1   -99.9
 'Wageningen' 17 12 1963   1047.   -5.5   -0.5   0.53    1.2    0.3   -99.9
 'Wageningen' 18 12 1963    628.   -4.9    0.1   0.57    1.5    0.2   -99.9
 'Wageningen' 19 12 1963   3684.   -3.5    2.5   0.53    1.6    0.2   -99.9
 'Wageningen' 20 12 1963   1507.   -7.8   -1.9   0.44    0.2    0.2   -99.9
 'Wageningen' 21 12 1963    795.   -7.0   -0.5   0.60    0.4    0.1   -99.9
 'Wageningen' 22 12 1963   1507.   -2.0    0.0   0.60    1.5    0.0   -99.9
 'Wageningen' 23 12 1963   3098.  -10.0   -4.6   0.38    2.0    0.0   -99.9
 'Wageningen' 24 12 1963   3266.  -11.5   -3.0   0.42    1.6    0.0   -99.9
 'Wageningen' 25 12 1963   2680.   -8.5    3.0   0.57    3.4    1.5   -99.9
 'Wageningen' 26 12 1963    461.   -8.2    4.2   0.81    1.9    8.0   -99.9
 'Wageningen' 27 12 1963    795.    0.6    2.5   0.67    1.5    0.3   -99.9
 'Wageningen' 28 12 1963    795.    0.5    4.0   0.80    1.9    0.2   -99.9
 'Wageningen' 29 12 1963   2805.   -0.5    4.3   0.80    2.1    0.0   -99.9
 'Wageningen' 30 12 1963   1005.   -0.5    4.5   0.79    3.9    0.0   -99.9
 'Wageningen' 31 12 1963    670.    0.9    5.0   0.58    3.6    0.0   -99.9
