***************************************************************************
* File name: Wageni.958
* Contents: SWAP 3.0 - Meteo data of Wageningen weather station                
***************************************************************************     
* Comment area:                                                                 
*                                                                               
*                                                                               
***************************************************************************     
    Station   DD MM YYYY     RAD   Tmin   Tmax    HUM   WIND   RAIN   ETref     
*             nr nr   nr   kJ/m2      C      C    kPa    m/s     mm      mm     
 'Wageningen'  1  1 1958    335.    0.7    2.5   0.70    1.2   16.9   -99.9
 'Wageningen'  2  1 1958   2386.   -0.2   -0.2   0.60    1.2    0.0   -99.9
 'Wageningen'  3  1 1958   2721.   -4.6    0.3   0.48    2.5    0.0   -99.9
 'Wageningen'  4  1 1958   1130.   -4.3    8.0   0.52    4.3    0.8   -99.9
 'Wageningen'  5  1 1958    544.    0.1   10.5   0.94    6.3   11.9   -99.9
 'Wageningen'  6  1 1958    963.    2.0   10.4   0.80    4.3   10.9   -99.9
 'Wageningen'  7  1 1958    879.    2.0    6.0   0.72    6.3    4.0   -99.9
 'Wageningen'  8  1 1958   2010.    0.3    7.9   0.82    4.3    8.3   -99.9
 'Wageningen'  9  1 1958   2052.    4.9    7.0   0.90    8.6    2.1   -99.9
 'Wageningen' 10  1 1958   2554.    3.0    6.9   0.44    4.3    7.2   -99.9
 'Wageningen' 11  1 1958    544.    4.4    5.7   0.90    2.5    6.8   -99.9
 'Wageningen' 12  1 1958   3098.    1.5    7.2   0.73    2.5    0.0   -99.9
 'Wageningen' 13  1 1958   2428.    0.6    2.2   0.81    1.2    0.2   -99.9
 'Wageningen' 14  1 1958    586.   -0.3    2.4   0.60    2.5    0.0   -99.9
 'Wageningen' 15  1 1958   1758.   -1.0    5.3   0.63    1.2    0.3   -99.9
 'Wageningen' 16  1 1958    628.    2.1    7.2   0.82    2.5    0.3   -99.9
 'Wageningen' 17  1 1958    628.    4.7    6.0   0.98    2.5    0.6   -99.9
 'Wageningen' 18  1 1958   1758.    0.8    6.5   0.67    6.3   12.1   -99.9
 'Wageningen' 19  1 1958   1926.    0.0    1.5   0.56    8.6    0.6   -99.9
 'Wageningen' 20  1 1958   2847.   -2.3    1.9   0.57    2.5    0.0   -99.9
 'Wageningen' 21  1 1958   2219.    0.0    1.2   0.55    2.5    6.8   -99.9
 'Wageningen' 22  1 1958    921.   -1.3    0.0   0.52   16.7   21.0   -99.9
 'Wageningen' 23  1 1958   5862.   -4.5   -0.2   0.59    1.2    1.0   -99.9
 'Wageningen' 24  1 1958   2596.   -4.5   -0.3   0.55    1.2    0.2   -99.9
 'Wageningen' 25  1 1958   3643.   -8.8    2.3   0.47    1.2    0.0   -99.9
 'Wageningen' 26  1 1958   1884.   -2.9    4.1   0.69    1.2    6.8   -99.9
 'Wageningen' 27  1 1958   1591.    1.8    5.6   0.78    2.5    0.2   -99.9
 'Wageningen' 28  1 1958   5694.    0.9    8.1   0.59    2.5    0.0   -99.9
 'Wageningen' 29  1 1958   5401.   -1.6    3.1   0.68    1.2    0.0   -99.9
 'Wageningen' 30  1 1958   1214.   -0.3    3.4   0.74    1.2    0.1   -99.9
 'Wageningen' 31  1 1958   1633.   -1.2    2.9   0.73    1.2    0.2   -99.9
 'Wageningen'  1  2 1958   1424.   -0.7    2.7   0.61    2.5    0.1   -99.9
 'Wageningen'  2  2 1958   1130.   -0.2    6.4   0.68    2.5    0.8   -99.9
 'Wageningen'  3  2 1958   5485.    1.5    4.2   0.60    4.3    0.0   -99.9
 'Wageningen'  4  2 1958   2554.    0.8    8.9   0.72    4.3    6.9   -99.9
 'Wageningen'  5  2 1958    795.    3.6    5.2   1.02   13.8    5.8   -99.9
 'Wageningen'  6  2 1958   5443.    0.2    1.6   0.48    6.3    2.4   -99.9
 'Wageningen'  7  2 1958   5443.   -3.2    8.0   0.51    2.5    0.0   -99.9
 'Wageningen'  8  2 1958   1758.   -1.7    8.4   0.92    2.5    0.4   -99.9
 'Wageningen'  9  2 1958   4103.    1.3   13.8   0.68    2.5    0.0   -99.9
 'Wageningen' 10  2 1958   5275.    6.8   13.7   1.04    2.5    1.1   -99.9
 'Wageningen' 11  2 1958   5275.    8.2   11.5   1.20    8.6    0.9   -99.9
 'Wageningen' 12  2 1958   2303.    8.4    9.4   1.04    4.3   10.6   -99.9
 'Wageningen' 13  2 1958   3224.    3.4   14.3   0.96    1.2    3.4   -99.9
 'Wageningen' 14  2 1958   3308.    8.2   12.5   1.13    6.3    0.4   -99.9
 'Wageningen' 15  2 1958   2512.   11.1   13.3   1.17    6.3    2.6   -99.9
 'Wageningen' 16  2 1958   5234.    4.8    5.7   0.73    6.3    0.5   -99.9
 'Wageningen' 17  2 1958   7829.    1.1    4.3   0.53    6.3    0.7   -99.9
 'Wageningen' 18  2 1958   7201.   -0.8    3.8   0.56    6.3    2.6   -99.9
 'Wageningen' 19  2 1958   5987.   -3.3    6.8   0.72    6.3    5.9   -99.9
 'Wageningen' 20  2 1958   3894.    2.8    7.4   0.81    4.3    3.1   -99.9
 'Wageningen' 21  2 1958   4480.    2.6    6.6   0.68    4.3    4.6   -99.9
 'Wageningen' 22  2 1958   8792.   -1.2    1.9   0.61    4.3    0.0   -99.9
 'Wageningen' 23  2 1958   1884.   -0.4    0.9   0.59    4.3    9.5   -99.9
 'Wageningen' 24  2 1958   3391.   -2.4    9.6   0.55    2.5   12.6   -99.9
 'Wageningen' 25  2 1958   1591.   -2.5   -0.2   0.64    4.3   13.1   -99.9
 'Wageningen' 26  2 1958   6029.   -2.7    2.8   0.45    4.3    1.5   -99.9
 'Wageningen' 27  2 1958   8332.   -6.4    2.7   0.55    4.3    0.2   -99.9
 'Wageningen' 28  2 1958   4815.   -2.2    7.1   0.53    4.3    0.1   -99.9
 'Wageningen'  1  3 1958   6531.    0.8    5.7   0.76    1.2    0.3   -99.9
 'Wageningen'  2  3 1958   4103.    0.7    4.3   0.80    4.3    0.4   -99.9
 'Wageningen'  3  3 1958   3643.    1.8    5.4   0.72    1.2    0.0   -99.9
 'Wageningen'  4  3 1958   2219.    1.2    9.5   0.78    2.5    0.2   -99.9
 'Wageningen'  5  3 1958   3726.    5.1    8.6   0.86    4.3    3.8   -99.9
 'Wageningen'  6  3 1958   9002.    2.0    4.2   0.52    6.3    5.4   -99.9
 'Wageningen'  7  3 1958   8750.   -0.7    3.0   0.49    2.5    3.3   -99.9
 'Wageningen'  8  3 1958  11137.   -1.8    0.9   0.60    2.5    0.6   -99.9
 'Wageningen'  9  3 1958   7034.   -3.4    1.2   0.57    2.5    0.4   -99.9
 'Wageningen' 10  3 1958   6866.   -4.3    3.2   0.49    1.2    0.0   -99.9
 'Wageningen' 11  3 1958  11137.   -4.2    3.8   0.57    2.5    0.2   -99.9
 'Wageningen' 12  3 1958   9462.   -5.6    1.2   0.43    1.2    0.5   -99.9
 'Wageningen' 13  3 1958   3768.   -1.7    4.2   0.64    2.5    2.3   -99.9
 'Wageningen' 14  3 1958  15072.   -4.0    5.4   0.72    1.2    0.1   -99.9
 'Wageningen' 15  3 1958  15240.   -2.0    4.2   0.48    2.5    0.0   -99.9
 'Wageningen' 16  3 1958  10048.   -2.9    3.9   0.44    1.2    0.0   -99.9
 'Wageningen' 17  3 1958  13942.   -1.7    1.0   0.53    6.3    0.0   -99.9
 'Wageningen' 18  3 1958   5652.   -3.5    3.1   0.51    2.5    0.0   -99.9
 'Wageningen' 19  3 1958   8918.   -1.9    3.2   0.47    4.3    0.0   -99.9
 'Wageningen' 20  3 1958   8248.   -3.7    2.2   0.44    4.3    0.2   -99.9
 'Wageningen' 21  3 1958   9923.   -5.3    2.0   0.60    2.5    0.4   -99.9
 'Wageningen' 22  3 1958  15031.   -6.2    2.0   0.45    2.5    0.0   -99.9
 'Wageningen' 23  3 1958  15198.   -6.0    7.0   0.48    2.5    0.0   -99.9
 'Wageningen' 24  3 1958  14068.   -3.2   12.2   0.47    4.3    0.0   -99.9
 'Wageningen' 25  3 1958  11556.    0.3   13.3   0.64    2.5    0.0   -99.9
 'Wageningen' 26  3 1958   6490.    5.5   18.0   1.05    4.3    0.2   -99.9
 'Wageningen' 27  3 1958  11556.    8.8   16.8   1.09    2.5    2.7   -99.9
 'Wageningen' 28  3 1958   8248.    8.7   16.7   1.20    1.2    4.8   -99.9
 'Wageningen' 29  3 1958  12686.    7.6   13.1   1.09    1.2    0.0   -99.9
 'Wageningen' 30  3 1958  11514.    4.8    7.8   0.89    2.5    0.0   -99.9
 'Wageningen' 31  3 1958  11137.    3.6    8.0   0.65    6.3    0.0   -99.9
 'Wageningen'  1  4 1958  17501.   -2.2    5.6   0.44    4.3    0.0   -99.9
 'Wageningen'  2  4 1958   8918.   -2.3   12.6   0.72    1.2    0.0   -99.9
 'Wageningen'  3  4 1958  13858.   -1.3   11.1   0.56    6.3    3.9   -99.9
 'Wageningen'  4  4 1958   9420.    6.2   14.3   1.16    4.3    0.1   -99.9
 'Wageningen'  5  4 1958   9043.    4.8    6.4   1.05    2.5    2.0   -99.9
 'Wageningen'  6  4 1958   2889.    4.3    7.5   0.76    2.5    0.0   -99.9
 'Wageningen'  7  4 1958  12100.    2.8    8.1   0.73    2.5    0.8   -99.9
 'Wageningen'  8  4 1958   7787.    0.9    6.0   0.80    2.5    1.3   -99.9
 'Wageningen'  9  4 1958   9295.   -1.7    5.2   0.72    4.3    3.6   -99.9
 'Wageningen' 10  4 1958  14612.   -1.0    7.2   0.59    8.6    0.7   -99.9
 'Wageningen' 11  4 1958  13440.    0.3    9.8   0.55    4.3    0.0   -99.9
 'Wageningen' 12  4 1958  20473.   -0.9   11.9   0.53    4.3    0.0   -99.9
 'Wageningen' 13  4 1958  23153.   -2.2   14.9   0.53    2.5    0.0   -99.9
 'Wageningen' 14  4 1958  20767.    0.1   11.5   0.89    4.3    0.0   -99.9
 'Wageningen' 15  4 1958  20264.    0.9    8.5   0.89    4.3    0.0   -99.9
 'Wageningen' 16  4 1958  12853.    2.9    8.0   0.60    6.3    3.5   -99.9
 'Wageningen' 17  4 1958  14193.    0.0    9.0   0.63    2.5    1.3   -99.9
 'Wageningen' 18  4 1958   2303.    4.1   14.8   0.93    4.3    2.6   -99.9
 'Wageningen' 19  4 1958  11262.    5.7   16.0   1.17    6.3    0.1   -99.9
 'Wageningen' 20  4 1958  19887.    8.2   14.1   0.88    6.3    0.0   -99.9
 'Wageningen' 21  4 1958  16329.    6.6   12.1   0.77    4.3    0.0   -99.9
 'Wageningen' 22  4 1958  13565.    5.8   14.1   0.88    6.3    0.0   -99.9
 'Wageningen' 23  4 1958  21813.    2.7   18.3   0.68    2.5    0.0   -99.9
 'Wageningen' 24  4 1958  18380.    4.8   15.4   0.81    2.5    0.1   -99.9
 'Wageningen' 25  4 1958   6908.    8.7   11.0   1.05    4.3   13.5   -99.9
 'Wageningen' 26  4 1958   6322.    5.8    9.4   1.00    2.5   17.0   -99.9
 'Wageningen' 27  4 1958  10928.    2.6   11.4   0.78    8.6    4.4   -99.9
 'Wageningen' 28  4 1958  10006.    3.0   16.7   1.05    6.3    2.2   -99.9
 'Wageningen' 29  4 1958  16915.    5.6   19.1   1.02    4.3    0.0   -99.9
 'Wageningen' 30  4 1958  18087.    6.4   20.7   1.18    2.5    0.0   -99.9
 'Wageningen'  1  5 1958  19678.    6.5   22.0   1.36    4.3    0.0   -99.9
 'Wageningen'  2  5 1958  18296.    5.0   16.4   1.25    2.5    0.0   -99.9
 'Wageningen'  3  5 1958  24242.    5.1   14.9   0.77    4.3    0.0   -99.9
 'Wageningen'  4  5 1958  24911.    3.3   22.7   0.70    2.5    0.0   -99.9
 'Wageningen'  5  5 1958  15994.    6.7   16.6   1.02    2.5    0.2   -99.9
 'Wageningen'  6  5 1958   7285.   12.8   16.7   1.41    8.6    4.0   -99.9
 'Wageningen'  7  5 1958  16454.    7.2   19.0   1.08    1.2    1.9   -99.9
 'Wageningen'  8  5 1958  11723.   13.6   20.9   1.73    2.5    0.4   -99.9
 'Wageningen'  9  5 1958  13733.   12.8   18.3   1.58    2.5    2.0   -99.9
 'Wageningen' 10  5 1958  11681.   13.4   15.7   1.40    1.2    5.6   -99.9
 'Wageningen' 11  5 1958  13733.   11.2   15.9   1.00    6.3    0.1   -99.9
 'Wageningen' 12  5 1958  12770.    6.6   16.6   1.18    4.3    0.5   -99.9
 'Wageningen' 13  5 1958  21018.    6.0   19.9   0.90    2.5    0.0   -99.9
 'Wageningen' 14  5 1958  16329.   10.2   15.4   1.16    2.5    0.0   -99.9
 'Wageningen' 15  5 1958  11891.    9.9   11.3   1.14    4.3    4.8   -99.9
 'Wageningen' 16  5 1958   4103.    7.1   13.5   1.16    2.5   10.8   -99.9
 'Wageningen' 17  5 1958  13942.    3.9   15.4   0.89    4.3    0.9   -99.9
 'Wageningen' 18  5 1958   7787.    9.6   17.8   1.29    6.3    2.0   -99.9
 'Wageningen' 19  5 1958  11262.   11.2   19.2   1.48    2.5    0.1   -99.9
 'Wageningen' 20  5 1958  16119.    9.6   14.7   1.46    2.5    0.0   -99.9
 'Wageningen' 21  5 1958  11891.    9.0   17.7   1.08    6.3    0.3   -99.9
 'Wageningen' 22  5 1958  21018.    5.4   20.7   1.04    2.5    0.4   -99.9
 'Wageningen' 23  5 1958  17375.   10.2   17.4   1.12    4.3    1.3   -99.9
 'Wageningen' 24  5 1958   9504.   10.1   16.3   1.34    2.5    3.1   -99.9
 'Wageningen' 25  5 1958  10760.   10.1   16.8   1.24    2.5   11.9   -99.9
 'Wageningen' 26  5 1958  14821.   11.4   16.1   1.05    6.3    0.0   -99.9
 'Wageningen' 27  5 1958  10593.    7.1   17.0   1.28    1.2    0.4   -99.9
 'Wageningen' 28  5 1958  24577.    7.8   21.1   0.76    4.3    0.0   -99.9
 'Wageningen' 29  5 1958  23739.    8.1   20.2   1.02    1.2    0.0   -99.9
 'Wageningen' 30  5 1958  13105.   12.3   21.7   1.32    6.3    1.3   -99.9
 'Wageningen' 31  5 1958  23948.    7.8   25.7   1.53    2.5    0.0   -99.9
 'Wageningen'  1  6 1958  25833.   12.8   29.2   1.22    2.5    0.0   -99.9
 'Wageningen'  2  6 1958  22399.   13.4   22.4   1.32    1.2    0.0   -99.9
 'Wageningen'  3  6 1958  19176.   13.6   18.0   1.21    1.2    0.0   -99.9
 'Wageningen'  4  6 1958  11723.   10.6   20.7   1.30    0.1    0.8   -99.9
 'Wageningen'  5  6 1958  17291.   11.3   20.1   1.28    4.3    0.0   -99.9
 'Wageningen'  6  6 1958  20180.   10.1   22.4   1.38    2.5    0.0   -99.9
 'Wageningen'  7  6 1958  10258.   11.6   19.8   1.56    2.5    0.9   -99.9
 'Wageningen'  8  6 1958  11137.   12.8   18.3   1.32    6.3    0.4   -99.9
 'Wageningen'  9  6 1958  15156.   12.8   17.2   1.38    1.2    0.0   -99.9
 'Wageningen' 10  6 1958  26042.    8.5   16.8   1.00    4.3    0.0   -99.9
 'Wageningen' 11  6 1958  23446.    4.0   14.4   1.04    4.3    0.0   -99.9
 'Wageningen' 12  6 1958  13733.    9.4   16.8   1.08    1.2    0.0   -99.9
 'Wageningen' 13  6 1958  21520.    5.5   21.5   0.86    1.2    0.0   -99.9
 'Wageningen' 14  6 1958  25874.    7.6   24.8   1.28    0.1    0.0   -99.9
 'Wageningen' 15  6 1958  21520.   12.0   27.2   1.04    1.2    0.0   -99.9
 'Wageningen' 16  6 1958  23697.   10.2   25.3   1.17    1.2    0.0   -99.9
 'Wageningen' 17  6 1958  18882.   14.2   18.3   1.68    0.1    0.7   -99.9
 'Wageningen' 18  6 1958  18422.   12.7   19.7   1.08    2.5    0.0   -99.9
 'Wageningen' 19  6 1958  15282.    6.4   16.9   1.09    2.5    5.0   -99.9
 'Wageningen' 20  6 1958   4689.   12.0   15.8   1.62    2.5    6.9   -99.9
 'Wageningen' 21  6 1958   7201.   12.5   18.2   1.38    1.2    3.3   -99.9
 'Wageningen' 22  6 1958  16035.   10.1   16.3   1.70    1.2    4.8   -99.9
 'Wageningen' 23  6 1958   9797.   10.1   18.7   1.42    4.3    5.8   -99.9
 'Wageningen' 24  6 1958  19134.    8.7   19.6   1.24    4.3    0.0   -99.9
 'Wageningen' 25  6 1958  16161.    9.1   21.2   1.26    1.2    7.3   -99.9
 'Wageningen' 26  6 1958  13356.   12.9   19.2   1.76    1.2    4.7   -99.9
 'Wageningen' 27  6 1958   6908.   12.0   19.9   1.36    2.5    1.1   -99.9
 'Wageningen' 28  6 1958  14696.   10.0   20.8   1.88    2.5    0.0   -99.9
 'Wageningen' 29  6 1958  10006.   13.0   24.3   1.58    1.2    0.0   -99.9
 'Wageningen' 30  6 1958  20348.   11.3   26.9   1.73    1.2    0.0   -99.9
 'Wageningen'  1  7 1958  20641.   17.2   22.4   1.82    2.5    4.0   -99.9
 'Wageningen'  2  7 1958   5192.   15.6   22.5   1.84    1.2    9.9   -99.9
 'Wageningen'  3  7 1958  15366.   14.6   21.1   1.97    2.5   19.1   -99.9
 'Wageningen'  4  7 1958  16161.   13.5   22.4   1.62    1.2    0.0   -99.9
 'Wageningen'  5  7 1958  15952.   14.6   19.0   1.73    1.2    0.3   -99.9
 'Wageningen'  6  7 1958   9923.   14.0   18.0   1.46    2.5    0.0   -99.9
 'Wageningen'  7  7 1958  11430.   12.6   22.9   1.54    2.5    0.0   -99.9
 'Wageningen'  8  7 1958  17291.   12.8   25.8   1.77    1.2    0.0   -99.9
 'Wageningen'  9  7 1958  21143.   11.1   24.3   1.90    1.2    0.0   -99.9
 'Wageningen' 10  7 1958  22734.   14.8   24.7   1.94    2.5    0.0   -99.9
 'Wageningen' 11  7 1958  25246.   10.2   27.5   1.29    2.5    1.3   -99.9
 'Wageningen' 12  7 1958  22567.   14.6   24.4   1.73    2.5    1.1   -99.9
 'Wageningen' 13  7 1958  12770.   16.9   21.9   1.62    6.3    0.0   -99.9
 'Wageningen' 14  7 1958  23530.   12.9   23.9   1.28    6.3    0.0   -99.9
 'Wageningen' 15  7 1958  19008.   10.6   21.1   1.36    2.5    5.3   -99.9
 'Wageningen' 16  7 1958   4731.   13.9   20.0   1.81    1.2   12.8   -99.9
 'Wageningen' 17  7 1958  15072.   11.4   21.9   1.56    2.5    2.2   -99.9
 'Wageningen' 18  7 1958  18254.   10.7   25.7   1.41    0.1    0.0   -99.9
 'Wageningen' 19  7 1958  22609.   13.9   26.0   1.58    1.2    0.0   -99.9
 'Wageningen' 20  7 1958  15575.   15.7   20.7   1.80    2.5   16.1   -99.9
 'Wageningen' 21  7 1958  14821.   14.8   17.8   1.53    6.3    3.0   -99.9
 'Wageningen' 22  7 1958  12686.   12.0   17.0   1.57    2.5    8.2   -99.9
 'Wageningen' 23  7 1958  14110.   12.1   17.0   1.20    6.3    1.6   -99.9
 'Wageningen' 24  7 1958  14612.    9.8   20.7   1.30    6.3    0.3   -99.9
 'Wageningen' 25  7 1958  22986.   10.1   20.9   1.30    2.5   12.0   -99.9
 'Wageningen' 26  7 1958   7411.   13.8   21.9   1.93    2.5    8.0   -99.9
 'Wageningen' 27  7 1958  16454.   13.9   24.2   1.49    6.3    0.8   -99.9
 'Wageningen' 28  7 1958  11137.   16.2   21.4   2.09    4.3    3.3   -99.9
 'Wageningen' 29  7 1958  13649.   15.5   21.1   1.70    4.3    1.7   -99.9
 'Wageningen' 30  7 1958  11430.   12.2   22.7   1.68    4.3    0.2   -99.9
 'Wageningen' 31  7 1958  18087.   11.7   24.9   1.58    2.5    0.0   -99.9
 'Wageningen'  1  8 1958  15156.   13.7   19.9   1.69    1.2    6.3   -99.9
 'Wageningen'  2  8 1958  18924.   12.9   20.1   1.28    4.3    0.2   -99.9
 'Wageningen'  3  8 1958  18757.   11.6   19.1   1.41    1.2    0.0   -99.9
 'Wageningen'  4  8 1958   6699.   11.7   20.5   1.21    2.5    0.2   -99.9
 'Wageningen'  5  8 1958   8164.   15.1   20.0   1.74    2.5    0.7   -99.9
 'Wageningen'  6  8 1958  13188.   15.3   17.5   1.41    4.3    0.0   -99.9
 'Wageningen'  7  8 1958   9420.    9.0   19.7   1.38    2.5    4.8   -99.9
 'Wageningen'  8  8 1958  13356.    9.5   24.7   1.46    2.5    2.1   -99.9
 'Wageningen'  9  8 1958  17375.   15.4   27.2   2.03    2.5    0.0   -99.9
 'Wageningen' 10  8 1958  18757.   14.2   25.2   2.19    1.2    0.9   -99.9
 'Wageningen' 11  8 1958  16622.   18.0   21.3   1.88    2.5    3.4   -99.9
 'Wageningen' 12  8 1958  13147.   15.0   20.8   1.66    4.3    0.9   -99.9
 'Wageningen' 13  8 1958   9881.   14.0   22.1   1.66    4.3    5.6   -99.9
 'Wageningen' 14  8 1958   9127.   14.8   20.7   1.97    4.3    0.2   -99.9
 'Wageningen' 15  8 1958   5192.   17.5   21.5   1.97    1.2    7.1   -99.9
 'Wageningen' 16  8 1958  16705.   15.6   22.4   1.56    6.3    0.0   -99.9
 'Wageningen' 17  8 1958  13440.   12.5   25.8   1.58    1.2    0.0   -99.9
 'Wageningen' 18  8 1958  15575.   14.3   25.9   1.72    2.5    3.7   -99.9
 'Wageningen' 19  8 1958  14026.   17.8   22.2   2.14    2.5    5.6   -99.9
 'Wageningen' 20  8 1958   8960.   15.8   20.2   1.74    4.3   20.0   -99.9
 'Wageningen' 21  8 1958  14319.   12.8   21.2   1.53    2.5    0.6   -99.9
 'Wageningen' 22  8 1958  10006.   14.5   20.9   1.80    1.2    2.0   -99.9
 'Wageningen' 23  8 1958  11221.   14.7   19.6   1.74    2.5   10.1   -99.9
 'Wageningen' 24  8 1958  14151.   12.0   20.1   1.54    4.3    8.0   -99.9
 'Wageningen' 25  8 1958  12100.   12.2   20.9   1.53    6.3    3.3   -99.9
 'Wageningen' 26  8 1958  14026.   11.7   23.8   1.54    4.3    0.0   -99.9
 'Wageningen' 27  8 1958  18171.   12.8   27.1   1.46    4.3    0.0   -99.9
 'Wageningen' 28  8 1958  16119.   13.4   27.8   1.94    6.3    0.0   -99.9
 'Wageningen' 29  8 1958  13272.   16.8   25.3   2.62    1.2    0.0   -99.9
 'Wageningen' 30  8 1958  11639.   17.2   28.3   2.41    2.5    0.0   -99.9
 'Wageningen' 31  8 1958  13440.   19.2   25.2   1.96    2.5    0.0   -99.9
 'Wageningen'  1  9 1958  16915.   16.1   25.6   1.70    4.3    0.0   -99.9
 'Wageningen'  2  9 1958  16915.   16.3   23.2   1.80    4.3    0.0   -99.9
 'Wageningen'  3  9 1958  17375.   14.7   23.9   1.37    4.3    0.0   -99.9
 'Wageningen'  4  9 1958  14821.   13.2   26.6   1.49    4.3    0.0   -99.9
 'Wageningen'  5  9 1958  16245.   12.7   30.1   1.52    2.5    0.0   -99.9
 'Wageningen'  6  9 1958  15114.   15.3   23.1   1.90    1.2   21.9   -99.9
 'Wageningen'  7  9 1958  10467.   16.6   21.1   1.93    2.5    0.9   -99.9
 'Wageningen'  8  9 1958  10174.   14.7   19.0   1.68    4.3    0.8   -99.9
 'Wageningen'  9  9 1958   6615.   14.2   20.0   1.60    4.3    1.9   -99.9
 'Wageningen' 10  9 1958  13942.   13.0   18.0   1.58    2.5    0.0   -99.9
 'Wageningen' 11  9 1958   8918.   12.7   18.6   1.60    1.2    0.5   -99.9
 'Wageningen' 12  9 1958   8164.    9.6   23.2   1.48    1.2    0.0   -99.9
 'Wageningen' 13  9 1958  14779.    7.5   25.4   1.37    1.2    0.0   -99.9
 'Wageningen' 14  9 1958  14319.   10.0   22.8   1.73    2.5    0.0   -99.9
 'Wageningen' 15  9 1958   6531.   13.8   18.0   2.38    2.5    0.2   -99.9
 'Wageningen' 16  9 1958   1340.   14.9   18.9   1.73    4.3    2.1   -99.9
 'Wageningen' 17  9 1958   7871.   10.9   18.8   1.85    1.2    1.4   -99.9
 'Wageningen' 18  9 1958   8541.   12.0   21.7   1.70    1.2    0.1   -99.9
 'Wageningen' 19  9 1958  10383.    8.8   20.6   1.57    1.2    5.8   -99.9
 'Wageningen' 20  9 1958  10258.   13.7   19.8   1.54    4.3    0.0   -99.9
 'Wageningen' 21  9 1958   8625.   10.6   16.5   1.68    1.2    5.3   -99.9
 'Wageningen' 22  9 1958   6364.   10.1   19.9   1.42    4.3    3.6   -99.9
 'Wageningen' 23  9 1958  12393.   10.5   18.9   1.60    4.3   25.8   -99.9
 'Wageningen' 24  9 1958   8709.   12.6   16.2   1.41    6.3    0.0   -99.9
 'Wageningen' 25  9 1958   6238.   11.0   14.6   1.21   11.1    4.3   -99.9
 'Wageningen' 26  9 1958   5820.    9.8   16.3   1.38    8.6    1.8   -99.9
 'Wageningen' 27  9 1958   6615.   11.0   19.1   1.30    1.2    0.0   -99.9
 'Wageningen' 28  9 1958  13440.    6.7   22.8   1.40    4.3    0.0   -99.9
 'Wageningen' 29  9 1958   7997.   11.7   18.9   1.92    4.3    6.4   -99.9
 'Wageningen' 30  9 1958   1800.   13.7   16.8   1.82    2.5    7.9   -99.9
 'Wageningen'  1 10 1958   4061.   13.3   17.0   1.66    2.5    1.0   -99.9
 'Wageningen'  2 10 1958   4354.    9.7   18.0   1.37    4.3    1.3   -99.9
 'Wageningen'  3 10 1958  10048.    8.6   18.5   1.73    1.2    0.0   -99.9
 'Wageningen'  4 10 1958   5862.   12.1   17.8   1.49    6.3    0.2   -99.9
 'Wageningen'  5 10 1958   8541.   12.0   15.9   1.38    1.2    1.8   -99.9
 'Wageningen'  6 10 1958  10886.    9.1   16.7   0.92    4.3    1.1   -99.9
 'Wageningen'  7 10 1958   8834.    4.8   16.6   1.10    6.3    0.3   -99.9
 'Wageningen'  8 10 1958   7243.    9.4   16.8   1.30    8.6    2.4   -99.9
 'Wageningen'  9 10 1958   1758.   13.7   18.8   1.84    4.3    8.6   -99.9
 'Wageningen' 10 10 1958   5862.   13.5   16.3   1.73    4.3    4.2   -99.9
 'Wageningen' 11 10 1958   8332.    9.6   15.0   1.21    0.1   10.0   -99.9
 'Wageningen' 12 10 1958   6029.    9.2   11.7   1.33    1.2    0.7   -99.9
 'Wageningen' 13 10 1958   3726.    5.8   14.2   1.14    6.3    6.1   -99.9
 'Wageningen' 14 10 1958   4522.   10.1   14.8   1.25    4.3    0.1   -99.9
 'Wageningen' 15 10 1958   5694.   10.0   11.5   1.08    8.6    3.4   -99.9
 'Wageningen' 16 10 1958   6364.    6.8   12.9   0.88   11.1    8.0   -99.9
 'Wageningen' 17 10 1958   6992.    7.4   13.0   0.84    4.3    4.7   -99.9
 'Wageningen' 18 10 1958   8625.    4.6   12.1   0.74    4.3    0.6   -99.9
 'Wageningen' 19 10 1958   4145.    4.7   13.5   0.76    4.3    2.5   -99.9
 'Wageningen' 20 10 1958   8709.    9.0   13.6   0.97    6.3    2.2   -99.9
 'Wageningen' 21 10 1958   3684.    9.3   13.9   1.20    4.3    0.7   -99.9
 'Wageningen' 22 10 1958   2052.    9.8   14.6   1.42    2.5    0.8   -99.9
 'Wageningen' 23 10 1958   5778.    8.8   13.8   1.16    2.5    0.4   -99.9
 'Wageningen' 24 10 1958   3140.    6.3   13.2   1.40    1.2    0.1   -99.9
 'Wageningen' 25 10 1958   1926.   10.9   13.2   1.21    1.2    0.0   -99.9
 'Wageningen' 26 10 1958   2052.   10.5   11.8   1.22    1.2    0.1   -99.9
 'Wageningen' 27 10 1958   2721.    5.8   10.0   1.05    1.2    0.1   -99.9
 'Wageningen' 28 10 1958   1926.    7.4    7.7   1.12    1.2    0.1   -99.9
 'Wageningen' 29 10 1958   1382.    4.5    6.7   0.96    2.5    0.2   -99.9
 'Wageningen' 30 10 1958   1005.    5.0    8.9   0.90    2.5    0.2   -99.9
 'Wageningen' 31 10 1958   1130.    4.0   11.9   1.08    1.2    8.3   -99.9
 'Wageningen'  1 11 1958   6531.    4.0    8.7   0.93    1.2    0.0   -99.9
 'Wageningen'  2 11 1958   1884.    3.7   10.8   0.84    6.3    3.9   -99.9
 'Wageningen'  3 11 1958   1130.    5.0   12.2   1.08    1.2    0.7   -99.9
 'Wageningen'  4 11 1958   3810.    8.0   10.6   1.17    1.2    0.8   -99.9
 'Wageningen'  5 11 1958   2680.    5.6   11.6   1.12    1.2    0.0   -99.9
 'Wageningen'  6 11 1958   3810.    5.9   10.0   1.10    1.2    0.0   -99.9
 'Wageningen'  7 11 1958   1968.    3.7   10.6   1.14    2.5   11.1   -99.9
 'Wageningen'  8 11 1958    544.    9.1    9.9   1.22    2.5    6.0   -99.9
 'Wageningen'  9 11 1958   4773.    4.2    7.6   0.82    2.5    2.0   -99.9
 'Wageningen' 10 11 1958   3140.    2.6    4.0   0.93    1.2    0.2   -99.9
 'Wageningen' 11 11 1958   2680.   -1.1    2.7   0.76    1.2    0.5   -99.9
 'Wageningen' 12 11 1958   1382.    0.8    5.5   0.72    1.2    0.2   -99.9
 'Wageningen' 13 11 1958   1800.   -0.3   10.0   0.76    2.5    0.2   -99.9
 'Wageningen' 14 11 1958   1758.    5.2   10.1   1.00    2.5    0.4   -99.9
 'Wageningen' 15 11 1958   5317.    0.6    8.1   0.92    2.5    0.1   -99.9
 'Wageningen' 16 11 1958   2135.   -2.2    9.3   1.04    1.2    0.1   -99.9
 'Wageningen' 17 11 1958   4522.    4.8   10.1   0.93    2.5    0.0   -99.9
 'Wageningen' 18 11 1958   2680.    4.0    9.9   0.97    1.2    0.0   -99.9
 'Wageningen' 19 11 1958   2554.    3.9    6.8   0.86    1.2    0.0   -99.9
 'Wageningen' 20 11 1958   1172.   -1.3    6.4   0.92    1.2    0.1   -99.9
 'Wageningen' 21 11 1958   1926.    4.2    5.0   0.76    2.5    0.0   -99.9
 'Wageningen' 22 11 1958    963.    2.3    5.0   0.77    4.3    0.0   -99.9
 'Wageningen' 23 11 1958   1130.    3.7    3.9   0.74    4.3    0.0   -99.9
 'Wageningen' 24 11 1958    628.    2.7    4.4   0.76    1.2    0.0   -99.9
 'Wageningen' 25 11 1958   1424.    2.6    6.9   0.70    0.1    0.0   -99.9
 'Wageningen' 26 11 1958   1758.    3.3    8.2   0.88    1.2    0.2   -99.9
 'Wageningen' 27 11 1958    628.    5.9    7.0   1.06    0.1    1.0   -99.9
 'Wageningen' 28 11 1958    921.    1.9    3.8   0.78    1.2    0.0   -99.9
 'Wageningen' 29 11 1958    963.    2.2    2.9   0.64    1.2    0.0   -99.9
 'Wageningen' 30 11 1958   1130.    0.7    9.1   0.67    1.2    0.2   -99.9
 'Wageningen'  1 12 1958   3977.    0.3    2.8   0.85    0.1    0.1   -99.9
 'Wageningen'  2 12 1958   1005.   -2.8    8.8   0.65    1.2    0.1   -99.9
 'Wageningen'  3 12 1958   2596.    2.3    4.5   0.96    1.2    0.0   -99.9
 'Wageningen'  4 12 1958    712.    2.7    7.4   0.78    1.2    0.0   -99.9
 'Wageningen'  5 12 1958   1884.    2.3    7.0   0.70    2.5    0.7   -99.9
 'Wageningen'  6 12 1958   3726.    1.0    4.7   0.80    1.2    0.0   -99.9
 'Wageningen'  7 12 1958   1717.   -0.9    0.7   0.72    0.1    0.1   -99.9
 'Wageningen'  8 12 1958   2470.   -2.1    6.4   0.56    2.5    6.2   -99.9
 'Wageningen'  9 12 1958   1591.    0.2    5.3   0.78    6.3    9.5   -99.9
 'Wageningen' 10 12 1958   2177.    0.5    7.6   0.73    2.5    5.9   -99.9
 'Wageningen' 11 12 1958   1591.    2.5    4.9   0.84    4.3    2.2   -99.9
 'Wageningen' 12 12 1958    377.    1.6    7.5   0.81    1.2    7.0   -99.9
 'Wageningen' 13 12 1958   3098.    2.8    7.0   0.88    1.2    0.6   -99.9
 'Wageningen' 14 12 1958    586.    3.6    6.2   0.74    6.3    2.2   -99.9
 'Wageningen' 15 12 1958    586.    1.9    7.8   0.88    1.2    6.9   -99.9
 'Wageningen' 16 12 1958    712.    3.8    7.8   1.01    4.3    1.3   -99.9
 'Wageningen' 17 12 1958   1089.    4.8    7.6   1.02    1.2    0.3   -99.9
 'Wageningen' 18 12 1958   1382.    3.5   10.1   0.92    2.5    1.8   -99.9
 'Wageningen' 19 12 1958    586.    4.3   12.1   1.12    4.3    1.7   -99.9
 'Wageningen' 20 12 1958   2093.    7.2    8.7   1.10    2.5    6.0   -99.9
 'Wageningen' 21 12 1958    963.    5.6    7.9   1.02    2.5    0.8   -99.9
 'Wageningen' 22 12 1958   3098.    2.3    5.1   0.89    2.5    0.2   -99.9
 'Wageningen' 23 12 1958   2805.   -2.1    5.7   0.77    2.5    0.1   -99.9
 'Wageningen' 24 12 1958    586.    3.8    5.3   0.80    4.3    0.0   -99.9
 'Wageningen' 25 12 1958    712.    2.2    4.3   0.74    1.2    0.0   -99.9
 'Wageningen' 26 12 1958   1633.    1.1   10.1   0.70    1.2    5.5   -99.9
 'Wageningen' 27 12 1958    209.    3.6    9.8   0.89    1.2    9.5   -99.9
 'Wageningen' 28 12 1958    544.    4.5   10.6   0.89    1.2    1.4   -99.9
 'Wageningen' 29 12 1958   2010.    5.0    7.7   0.90    2.5    6.5   -99.9
 'Wageningen' 30 12 1958   2428.    4.6    9.2   0.93    6.3    0.2   -99.9
 'Wageningen' 31 12 1958   1298.    5.7    8.9   1.00    8.6    2.9   -99.9
