***************************************************************************
* File name: Wageni.965
* Contents: SWAP 3.0 - Meteo data of Wageningen weather station                
***************************************************************************     
* Comment area:                                                                 
*                                                                               
*                                                                               
***************************************************************************     
    Station   DD MM YYYY     RAD   Tmin   Tmax    HUM   WIND   RAIN   ETref     
*             nr nr   nr   kJ/m2      C      C    kPa    m/s     mm      mm     
 'Wageningen'  1  1 1965   1549.    1.7    5.8   0.77    3.0    0.1   -99.9
 'Wageningen'  2  1 1965   2763.    0.2    4.7   0.70    0.7    1.6   -99.9
 'Wageningen'  3  1 1965   3391.   -3.4    3.8   0.62    1.8    0.0   -99.9
 'Wageningen'  4  1 1965   4689.   -5.9    2.7   0.58    0.5    0.0   -99.9
 'Wageningen'  5  1 1965   1633.   -6.0    3.8   0.70    3.3    1.0   -99.9
 'Wageningen'  6  1 1965    502.    1.8    5.8   0.87    3.4    7.3   -99.9
 'Wageningen'  7  1 1965    502.    3.8    8.8   0.96    3.0   11.1   -99.9
 'Wageningen'  8  1 1965    502.    4.3    8.8   1.06    4.3    9.3   -99.9
 'Wageningen'  9  1 1965   2596.    2.8    7.6   0.72    4.9    9.1   -99.9
 'Wageningen' 10  1 1965    628.    1.9    8.0   0.87    2.7    5.6   -99.9
 'Wageningen' 11  1 1965   1633.    2.4    7.9   0.75    3.3    0.0   -99.9
 'Wageningen' 12  1 1965   2052.    1.2    8.3   0.70    2.9    0.2   -99.9
 'Wageningen' 13  1 1965   3182.    2.5    7.2   0.76    4.8    2.9   -99.9
 'Wageningen' 14  1 1965   2386.    4.3    6.4   0.58    6.0    0.8   -99.9
 'Wageningen' 15  1 1965    544.    2.4    5.8   0.77    4.7    5.1   -99.9
 'Wageningen' 16  1 1965   1214.    0.6   11.0   0.70    4.8    8.6   -99.9
 'Wageningen' 17  1 1965   1675.    1.0    8.5   0.71    7.9    5.8   -99.9
 'Wageningen' 18  1 1965   1549.    3.0    6.1   0.68    6.8    0.8   -99.9
 'Wageningen' 19  1 1965   3475.    0.5    5.5   0.67    3.2    0.1   -99.9
 'Wageningen' 20  1 1965   3391.   -1.2    1.5   0.49    3.4    0.0   -99.9
 'Wageningen' 21  1 1965   1842.   -1.9    1.0   0.60    1.9    0.0   -99.9
 'Wageningen' 22  1 1965    879.   -2.0    3.8   0.63    2.8    2.7   -99.9
 'Wageningen' 23  1 1965   3475.    0.5    5.5   0.68    2.1    0.1   -99.9
 'Wageningen' 24  1 1965    879.   -1.1    5.2   0.80    2.3    3.7   -99.9
 'Wageningen' 25  1 1965    712.    2.4    6.0   0.84    3.8    0.6   -99.9
 'Wageningen' 26  1 1965   1842.    0.4    2.5   0.56    2.9    0.4   -99.9
 'Wageningen' 27  1 1965   2052.   -1.0   -0.2   0.55    1.1    0.3   -99.9
 'Wageningen' 28  1 1965   2386.   -4.0   -1.3   0.45    2.1    0.0   -99.9
 'Wageningen' 29  1 1965   1298.   -4.2    0.6   0.60    2.4    0.5   -99.9
 'Wageningen' 30  1 1965   1298.   -1.3    0.9   0.57    3.1    0.0   -99.9
 'Wageningen' 31  1 1965   3936.   -2.4    3.5   0.49    1.1    0.0   -99.9
 'Wageningen'  1  2 1965   3726.   -7.5    4.8   0.70    1.5    0.3   -99.9
 'Wageningen'  2  2 1965   5652.   -6.5    4.4   0.58    1.0    0.0   -99.9
 'Wageningen'  3  2 1965   1507.   -6.0    5.0   0.80    3.0    2.2   -99.9
 'Wageningen'  4  2 1965   1926.    1.6    6.6   0.79    2.2    1.7   -99.9
 'Wageningen'  5  2 1965   3894.    2.7    7.6   0.80    4.4    0.0   -99.9
 'Wageningen'  6  2 1965   1758.    1.0    5.3   0.76    1.6    0.0   -99.9
 'Wageningen'  7  2 1965   3726.   -0.4    7.4   0.73    3.2    0.0   -99.9
 'Wageningen'  8  2 1965   6280.    2.0    4.4   0.44    4.1    1.3   -99.9
 'Wageningen'  9  2 1965   7913.   -6.0    3.0   0.50    1.3    0.5   -99.9
 'Wageningen' 10  2 1965   1800.   -6.0    6.4   0.83    3.1    2.6   -99.9
 'Wageningen' 11  2 1965   2763.    2.5    6.8   0.68    2.2    0.0   -99.9
 'Wageningen' 12  2 1965   2973.    3.3    6.7   0.79    4.1    6.7   -99.9
 'Wageningen' 13  2 1965   5275.    4.0    6.3   0.45    7.5    1.6   -99.9
 'Wageningen' 14  2 1965   5820.    0.9    5.0   0.60    4.9    2.1   -99.9
 'Wageningen' 15  2 1965   5527.   -0.2    5.4   0.65    3.1    1.5   -99.9
 'Wageningen' 16  2 1965   6322.   -4.1    4.5   0.41    1.1    0.0   -99.9
 'Wageningen' 17  2 1965   6364.   -3.3    0.6   0.41    2.6    0.0   -99.9
 'Wageningen' 18  2 1965   7704.   -4.6    3.1   0.41    1.8    0.0   -99.9
 'Wageningen' 19  2 1965   4815.   -2.6    3.5   0.55    1.1    0.2   -99.9
 'Wageningen' 20  2 1965   7536.   -2.0    1.5   0.45    3.4    0.0   -99.9
 'Wageningen' 21  2 1965   2345.   -1.5   -0.5   0.49    1.4    0.1   -99.9
 'Wageningen' 22  2 1965   3098.   -1.9    1.7   0.58    1.3    0.6   -99.9
 'Wageningen' 23  2 1965   3224.   -1.1    3.5   0.64    1.1    0.0   -99.9
 'Wageningen' 24  2 1965   1842.   -0.1    3.3   0.68    1.0    0.0   -99.9
 'Wageningen' 25  2 1965   6322.   -4.4    5.5   0.63    2.1    0.2   -99.9
 'Wageningen' 26  2 1965   7118.   -7.5    4.5   0.53    2.4    1.0   -99.9
 'Wageningen' 27  2 1965   5652.   -3.2    5.0   0.44    2.8    0.1   -99.9
 'Wageningen' 28  2 1965   5275.    0.6    6.0   0.56    1.9    0.0   -99.9
 'Wageningen'  1  3 1965   3601.   -2.5    2.5   0.53    2.4    0.0   -99.9
 'Wageningen'  2  3 1965   4773.   -3.5   -1.1   0.34    5.3    0.0   -99.9
 'Wageningen'  3  3 1965  11639.  -11.8    1.0   0.26    0.1    0.0   -99.9
 'Wageningen'  4  3 1965   8834.   -7.4    1.5   0.50    1.4    0.0   -99.9
 'Wageningen'  5  3 1965   9546.   -6.6    2.0   0.60    1.3    0.0   -99.9
 'Wageningen'  6  3 1965   9337.   -5.6    2.9   0.65    1.1    0.0   -99.9
 'Wageningen'  7  3 1965   6992.   -7.0    3.4   0.65    0.4    0.0   -99.9
 'Wageningen'  8  3 1965   4145.   -2.4    6.4   0.72    1.5    0.5   -99.9
 'Wageningen'  9  3 1965   3559.   -0.2    4.4   0.53    0.4    0.0   -99.9
 'Wageningen' 10  3 1965  10802.   -1.6    6.4   0.40    2.6    0.0   -99.9
 'Wageningen' 11  3 1965  11723.   -2.5   11.9   0.48    2.6    0.0   -99.9
 'Wageningen' 12  3 1965  12016.   -0.6   13.2   0.48    2.9    0.0   -99.9
 'Wageningen' 13  3 1965  12435.    0.2   15.9   0.37    2.8    0.5   -99.9
 'Wageningen' 14  3 1965   2973.    2.2   11.0   1.16    2.4    3.4   -99.9
 'Wageningen' 15  3 1965   3726.    7.3   12.2   1.07    2.8    3.8   -99.9
 'Wageningen' 16  3 1965   8248.    7.3   12.5   0.88    5.2    4.8   -99.9
 'Wageningen' 17  3 1965   8499.    4.8   11.5   0.80    3.1    1.4   -99.9
 'Wageningen' 18  3 1965   4647.    6.6   10.5   1.02    2.1    0.4   -99.9
 'Wageningen' 19  3 1965   6824.    4.8    8.4   0.58    2.7    0.0   -99.9
 'Wageningen' 20  3 1965   7411.   -1.5    7.4   0.55    2.3    9.6   -99.9
 'Wageningen' 21  3 1965   2470.    1.9    4.3   0.70    2.5    3.4   -99.9
 'Wageningen' 22  3 1965  14821.   -5.5    8.0   0.60    2.2    1.4   -99.9
 'Wageningen' 23  3 1965   6448.    1.5   13.1   0.96    2.1    8.2   -99.9
 'Wageningen' 24  3 1965   2219.    5.5    8.0   0.77    3.4    0.4   -99.9
 'Wageningen' 25  3 1965   7787.    3.3    9.1   0.70    3.1    9.9   -99.9
 'Wageningen' 26  3 1965   6448.    3.9   10.1   0.64    3.1    0.0   -99.9
 'Wageningen' 27  3 1965   2931.    4.0   11.3   1.10    3.1    0.4   -99.9
 'Wageningen' 28  3 1965  14947.    5.1   16.4   1.15    1.8    0.0   -99.9
 'Wageningen' 29  3 1965  15324.    1.5   21.2   1.71    0.5    0.1   -99.9
 'Wageningen' 30  3 1965  17040.   -1.0   14.2   0.76    2.3    0.0   -99.9
 'Wageningen' 31  3 1965  18296.   -3.6   15.5   0.60    1.4    0.0   -99.9
 'Wageningen'  1  4 1965  16203.    2.0   15.5   0.81    1.9    0.0   -99.9
 'Wageningen'  2  4 1965  16622.   -2.9   19.3   0.80    0.5    0.0   -99.9
 'Wageningen'  3  4 1965  15533.   -1.7   17.9   0.80    1.2    0.0   -99.9
 'Wageningen'  4  4 1965  13105.   -0.5   12.6   0.99    1.5    0.1   -99.9
 'Wageningen'  5  4 1965  11179.    1.5   17.1   0.91    0.9    0.6   -99.9
 'Wageningen'  6  4 1965   4354.    4.7   10.5   1.00    0.7    5.5   -99.9
 'Wageningen'  7  4 1965   5401.    3.5   11.4   0.88    1.2    2.4   -99.9
 'Wageningen'  8  4 1965   6615.    6.0   10.1   0.92    1.6    0.0   -99.9
 'Wageningen'  9  4 1965  10090.    2.3   10.5   0.75    0.9    0.0   -99.9
 'Wageningen' 10  4 1965   5945.    2.7   14.4   1.13    3.3    4.2   -99.9
 'Wageningen' 11  4 1965  17752.    3.5   12.1   0.79    2.8    2.1   -99.9
 'Wageningen' 12  4 1965   8541.    6.5   12.0   1.03    4.4    9.6   -99.9
 'Wageningen' 13  4 1965  18171.    3.5   11.1   0.64    2.2    0.2   -99.9
 'Wageningen' 14  4 1965  14654.   -1.3   11.7   0.68    0.9    5.8   -99.9
 'Wageningen' 15  4 1965   2931.    3.0   11.0   1.16    2.4    6.1   -99.9
 'Wageningen' 16  4 1965  13565.    7.0   11.5   0.80    2.7    1.0   -99.9
 'Wageningen' 17  4 1965   1968.    3.2   10.1   1.13    4.0   20.7   -99.9
 'Wageningen' 18  4 1965  12937.    6.0    9.4   0.57    3.9    4.8   -99.9
 'Wageningen' 19  4 1965  17208.    3.1    7.5   0.62    2.8    0.4   -99.9
 'Wageningen' 20  4 1965  12519.   -2.1   13.0   0.75    1.9    0.6   -99.9
 'Wageningen' 21  4 1965   7369.    3.9   12.6   1.10    3.3    2.4   -99.9
 'Wageningen' 22  4 1965  14486.    2.1   13.2   0.96    1.6    0.8   -99.9
 'Wageningen' 23  4 1965  11891.    5.5   14.0   1.11    1.5    0.0   -99.9
 'Wageningen' 24  4 1965  11807.    5.5   13.2   1.40    2.5    4.7   -99.9
 'Wageningen' 25  4 1965  11304.    0.5   11.2   1.03    1.0    5.4   -99.9
 'Wageningen' 26  4 1965   7704.    1.5   10.0   0.85    2.1    3.7   -99.9
 'Wageningen' 27  4 1965   8876.    5.0   10.1   0.77    1.3    0.3   -99.9
 'Wageningen' 28  4 1965  15031.   -0.4   13.6   0.76    0.9   10.6   -99.9
 'Wageningen' 29  4 1965   6992.    5.0   14.1   1.07    2.3    0.4   -99.9
 'Wageningen' 30  4 1965  10467.   -0.8   14.0   0.90    1.4    0.0   -99.9
 'Wageningen'  1  5 1965  13565.   -0.9   16.7   0.83    2.4    0.0   -99.9
 'Wageningen'  2  5 1965  11514.    8.0   18.8   1.19    3.0    0.9   -99.9
 'Wageningen'  3  5 1965   6071.   10.3   15.0   0.99    2.9   10.6   -99.9
 'Wageningen'  4  5 1965   5903.   11.0   14.4   1.18    3.4   20.5   -99.9
 'Wageningen'  5  5 1965   9546.    9.5   14.2   1.04    5.0    0.9   -99.9
 'Wageningen'  6  5 1965   6448.    8.3   12.0   0.88    3.4    4.0   -99.9
 'Wageningen'  7  5 1965   4061.    7.6   13.9   1.31    3.5    3.4   -99.9
 'Wageningen'  8  5 1965   4312.   10.2   14.0   1.38    5.0   15.2   -99.9
 'Wageningen'  9  5 1965   7327.   11.3   12.9   0.92    5.5    4.3   -99.9
 'Wageningen' 10  5 1965  10844.    8.7   11.4   0.77    4.7    0.0   -99.9
 'Wageningen' 11  5 1965  16915.    7.0   12.8   0.92    2.9    0.0   -99.9
 'Wageningen' 12  5 1965  21060.   -1.3   18.2   0.77    1.8    0.0   -99.9
 'Wageningen' 13  5 1965  21060.    4.0   22.4   1.34    0.5    0.0   -99.9
 'Wageningen' 14  5 1965  19510.    9.7   25.0   1.59    1.0    0.0   -99.9
 'Wageningen' 15  5 1965  20055.    7.8   24.5   1.38    1.7    2.2   -99.9
 'Wageningen' 16  5 1965   8750.   11.0   17.1   1.42    1.5    1.4   -99.9
 'Wageningen' 17  5 1965   7536.   11.5   17.0   1.54    2.0    4.6   -99.9
 'Wageningen' 18  5 1965  14444.   10.4   16.8   1.18    3.3    1.4   -99.9
 'Wageningen' 19  5 1965  22316.    2.6   11.5   0.73    2.4    0.5   -99.9
 'Wageningen' 20  5 1965  19469.    1.1   12.0   0.76    1.7    1.5   -99.9
 'Wageningen' 21  5 1965  20097.    0.6   16.4   0.73    1.3    0.0   -99.9
 'Wageningen' 22  5 1965  21269.    7.2   19.4   0.77    3.0    0.1   -99.9
 'Wageningen' 23  5 1965  14403.    9.9   19.4   1.13    3.5    0.3   -99.9
 'Wageningen' 24  5 1965  20432.   10.3   20.1   1.04    1.6    1.9   -99.9
 'Wageningen' 25  5 1965  14528.    6.7   16.5   1.19    1.1   22.1   -99.9
 'Wageningen' 26  5 1965   9002.    5.0   15.6   1.25    0.9    1.4   -99.9
 'Wageningen' 27  5 1965  13942.    3.6   16.0   1.18    0.3    0.0   -99.9
 'Wageningen' 28  5 1965  11137.    9.5   18.3   0.99    3.5    0.2   -99.9
 'Wageningen' 29  5 1965  23320.    9.2   18.9   1.30    3.6    0.1   -99.9
 'Wageningen' 30  5 1965  18464.    4.5   16.1   1.15    2.0    0.0   -99.9
 'Wageningen' 31  5 1965  12058.    6.6   13.4   1.00    0.9    0.2   -99.9
 'Wageningen'  1  6 1965  14403.    7.1   18.7   1.00    1.2    0.0   -99.9
 'Wageningen'  2  6 1965  21604.    2.7   18.6   1.02    1.8    0.0   -99.9
 'Wageningen'  3  6 1965   7829.    4.0   13.2   1.03    1.1    0.0   -99.9
 'Wageningen'  4  6 1965  17794.    8.5   15.2   0.88    1.8    0.0   -99.9
 'Wageningen'  5  6 1965  16077.    4.5   20.2   1.50    1.5    1.1   -99.9
 'Wageningen'  6  6 1965   4396.   10.0   16.4   1.54    0.8    0.2   -99.9
 'Wageningen'  7  6 1965  21478.    7.0   20.9   1.16    0.8    2.5   -99.9
 'Wageningen'  8  6 1965   7494.   13.3   18.5   1.53    1.4    4.5   -99.9
 'Wageningen'  9  6 1965   5778.   11.5   17.0   1.59    2.3    1.0   -99.9
 'Wageningen' 10  6 1965  24535.    6.4   19.5   1.39    2.3    0.0   -99.9
 'Wageningen' 11  6 1965  12853.   11.3   17.1   1.19    1.2    2.9   -99.9
 'Wageningen' 12  6 1965   6908.    7.2   19.1   1.13    1.0    1.2   -99.9
 'Wageningen' 13  6 1965  12895.   12.5   20.6   1.67    1.9    0.0   -99.9
 'Wageningen' 14  6 1965  12351.   13.5   21.4   1.57    0.5    0.0   -99.9
 'Wageningen' 15  6 1965  21143.   11.3   25.3   1.45    1.6   11.0   -99.9
 'Wageningen' 16  6 1965   8206.   16.1   19.0   1.31    2.0   50.6   -99.9
 'Wageningen' 17  6 1965  17417.   11.4   17.7   1.11    4.4    3.4   -99.9
 'Wageningen' 18  6 1965   4731.   10.9   19.0   1.78    4.8    1.9   -99.9
 'Wageningen' 19  6 1965  19176.   12.8   19.4   1.46    4.0    0.0   -99.9
 'Wageningen' 20  6 1965  21101.   10.6   21.2   1.50    1.3    0.0   -99.9
 'Wageningen' 21  6 1965  23823.    7.6   24.9   1.32    1.5    0.0   -99.9
 'Wageningen' 22  6 1965  10634.   15.0   21.0   1.58    2.9    7.4   -99.9
 'Wageningen' 23  6 1965  19510.   12.6   21.0   1.19    2.8    0.3   -99.9
 'Wageningen' 24  6 1965  19636.   11.9   20.9   1.20    2.7    0.0   -99.9
 'Wageningen' 25  6 1965  23530.   12.7   25.9   1.38    1.8    0.0   -99.9
 'Wageningen' 26  6 1965  19887.   14.6   19.9   0.85    3.5    0.0   -99.9
 'Wageningen' 27  6 1965  15575.    9.8   18.5   1.16    1.9    0.0   -99.9
 'Wageningen' 28  6 1965  23195.    5.2   20.9   1.19    1.9    0.0   -99.9
 'Wageningen' 29  6 1965  11514.    8.2   22.0   1.52    1.3    0.0   -99.9
 'Wageningen' 30  6 1965  20683.    9.9   24.5   1.52    1.9    0.0   -99.9
 'Wageningen'  1  7 1965  21897.   11.2   17.8   1.02    2.8    0.0   -99.9
 'Wageningen'  2  7 1965   7829.    5.9   17.5   1.19    2.3    0.0   -99.9
 'Wageningen'  3  7 1965  14654.    6.5   15.6   1.25    2.5    0.3   -99.9
 'Wageningen'  4  7 1965  14528.    6.5   14.6   1.00    1.5    0.2   -99.9
 'Wageningen'  5  7 1965  17459.    4.5   16.5   0.91    2.4    2.7   -99.9
 'Wageningen'  6  7 1965   6741.   11.0   16.2   1.11    2.8    0.0   -99.9
 'Wageningen'  7  7 1965  11011.   11.9   19.5   1.30    2.5   24.0   -99.9
 'Wageningen'  8  7 1965  10634.    9.6   16.0   1.07    3.1    2.9   -99.9
 'Wageningen'  9  7 1965   8248.    7.7   15.7   1.15    2.5    4.0   -99.9
 'Wageningen' 10  7 1965  14444.    9.4   17.8   1.30    1.9    0.5   -99.9
 'Wageningen' 11  7 1965  11556.   12.8   19.7   1.68    3.3   16.7   -99.9
 'Wageningen' 12  7 1965   6783.   16.2   19.4   1.81    3.4    5.1   -99.9
 'Wageningen' 13  7 1965  19008.   14.4   24.8   1.81    1.5    0.7   -99.9
 'Wageningen' 14  7 1965  12937.   12.0   24.6   2.31    0.8    1.5   -99.9
 'Wageningen' 15  7 1965  12686.   13.3   22.9   2.09    0.9   12.5   -99.9
 'Wageningen' 16  7 1965   3852.   12.5   16.6   1.68    2.7    6.0   -99.9
 'Wageningen' 17  7 1965  18422.   13.1   22.1   1.61    2.3    0.0   -99.9
 'Wageningen' 18  7 1965   8583.    8.0   18.9   1.52    0.9    0.0   -99.9
 'Wageningen' 19  7 1965  20976.   14.5   24.8   1.61    0.9    0.0   -99.9
 'Wageningen' 20  7 1965  17208.   16.5   25.3   1.82    1.5    6.2   -99.9
 'Wageningen' 21  7 1965  10467.   14.3   20.3   1.54    1.0    0.5   -99.9
 'Wageningen' 22  7 1965   9211.   12.8   19.1   1.68    1.6    3.3   -99.9
 'Wageningen' 23  7 1965  10258.   12.4   18.4   1.67    1.6    3.0   -99.9
 'Wageningen' 24  7 1965  18841.   12.5   19.5   1.27    4.4    0.0   -99.9
 'Wageningen' 25  7 1965  18003.   11.1   18.9   1.42    2.6    0.8   -99.9
 'Wageningen' 26  7 1965   5568.   12.6   16.0   1.49    2.9    6.5   -99.9
 'Wageningen' 27  7 1965   6908.   13.0   16.4   1.26    3.4    4.2   -99.9
 'Wageningen' 28  7 1965   5903.   12.9   16.9   1.43    3.6    7.5   -99.9
 'Wageningen' 29  7 1965   6950.   13.4   19.0   1.68    4.8    4.8   -99.9
 'Wageningen' 30  7 1965  17585.   12.5   16.9   1.16    4.2    0.0   -99.9
 'Wageningen' 31  7 1965  17040.    7.0   16.9   0.99    1.4    0.0   -99.9
 'Wageningen'  1  8 1965  17794.    7.9   18.4   1.18    2.2    0.1   -99.9
 'Wageningen'  2  8 1965  16747.   10.0   19.8   1.02    2.7   14.1   -99.9
 'Wageningen'  3  8 1965   8667.   12.8   19.1   1.52    3.7    2.5   -99.9
 'Wageningen'  4  8 1965  13816.   13.0   21.3   1.58    1.9    0.0   -99.9
 'Wageningen'  5  8 1965  20390.   12.6   28.3   1.81    2.4    0.0   -99.9
 'Wageningen'  6  8 1965  13984.   14.5   20.8   1.34    1.9    0.0   -99.9
 'Wageningen'  7  8 1965  15701.   12.9   20.2   1.18    1.8    8.7   -99.9
 'Wageningen'  8  8 1965  10048.   11.6   18.5   1.34    1.1    3.7   -99.9
 'Wageningen'  9  8 1965  18715.    9.0   19.4   1.11    0.9    0.0   -99.9
 'Wageningen' 10  8 1965  20264.    9.2   21.1   0.96    1.6    0.0   -99.9
 'Wageningen' 11  8 1965  20934.   10.5   22.1   1.03    1.8    0.0   -99.9
 'Wageningen' 12  8 1965  21729.    7.4   21.8   1.13    2.2    0.0   -99.9
 'Wageningen' 13  8 1965  19678.   10.4   23.0   1.08    3.0    0.0   -99.9
 'Wageningen' 14  8 1965  20055.   12.9   24.5   2.03    2.9    0.0   -99.9
 'Wageningen' 15  8 1965   5234.   12.1   19.7   1.72    1.0    2.3   -99.9
 'Wageningen' 16  8 1965  18799.   12.0   24.8   1.66    0.6    0.0   -99.9
 'Wageningen' 17  8 1965  17208.    9.7   24.2   1.61    1.1    0.0   -99.9
 'Wageningen' 18  8 1965  17543.   14.5   24.4   1.38    0.7    0.0   -99.9
 'Wageningen' 19  8 1965  15198.   12.5   23.0   1.72    1.1    0.8   -99.9
 'Wageningen' 20  8 1965   6657.   14.8   20.1   1.80    1.3   10.5   -99.9
 'Wageningen' 21  8 1965   6238.    8.7   17.1   1.27    1.6    5.8   -99.9
 'Wageningen' 22  8 1965   4940.   13.1   17.5   1.63    1.2    9.9   -99.9
 'Wageningen' 23  8 1965   9253.   11.7   20.1   1.54    1.2    0.4   -99.9
 'Wageningen' 24  8 1965  13440.   12.5   19.9   1.31    1.9   10.6   -99.9
 'Wageningen' 25  8 1965  13440.   13.6   17.0   1.26    4.5    4.6   -99.9
 'Wageningen' 26  8 1965   9965.   10.5   17.6   1.38    2.0    4.4   -99.9
 'Wageningen' 27  8 1965  12895.   10.9   19.6   1.46    1.3    0.1   -99.9
 'Wageningen' 28  8 1965  11891.    4.1   20.1   1.49    1.0    5.7   -99.9
 'Wageningen' 29  8 1965  15324.   11.3   18.5   1.16    2.9    1.7   -99.9
 'Wageningen' 30  8 1965  15826.    9.7   17.6   1.06    2.5    1.1   -99.9
 'Wageningen' 31  8 1965   4396.   10.5   13.2   1.31    1.5    6.9   -99.9
 'Wageningen'  1  9 1965  13272.    5.3   17.2   1.16    1.0    1.1   -99.9
 'Wageningen'  2  9 1965   5192.    6.9   16.0   1.43    2.2   26.9   -99.9
 'Wageningen'  3  9 1965   7159.   13.0   18.1   1.30    2.8    9.9   -99.9
 'Wageningen'  4  9 1965   8248.   11.6   18.3   1.32    3.2    0.2   -99.9
 'Wageningen'  5  9 1965   7871.   11.6   15.4   1.29    1.1    0.7   -99.9
 'Wageningen'  6  9 1965   4480.    7.7   12.7   1.30    0.7    3.3   -99.9
 'Wageningen'  7  9 1965   6238.    5.0   16.1   1.32    1.3    0.9   -99.9
 'Wageningen'  8  9 1965  10676.    9.5   18.7   1.15    3.3    1.7   -99.9
 'Wageningen'  9  9 1965  12351.    9.9   16.8   1.02    3.2    3.0   -99.9
 'Wageningen' 10  9 1965  13356.    6.9   16.5   1.04    2.4    0.2   -99.9
 'Wageningen' 11  9 1965   5527.    7.7   12.8   1.22    2.4    0.5   -99.9
 'Wageningen' 12  9 1965   7159.    9.5   16.3   1.31    1.2    3.0   -99.9
 'Wageningen' 13  9 1965   8248.    9.5   16.6   1.29    0.6    0.0   -99.9
 'Wageningen' 14  9 1965  11681.    5.9   18.0   1.30    0.8    0.0   -99.9
 'Wageningen' 15  9 1965   9965.    7.5   20.0   1.47    1.0    0.0   -99.9
 'Wageningen' 16  9 1965  12895.   10.0   22.1   1.37    1.7    0.2   -99.9
 'Wageningen' 17  9 1965   6490.   13.1   20.3   1.84    1.5    0.2   -99.9
 'Wageningen' 18  9 1965   3977.   13.9   15.1   1.22    4.5    3.8   -99.9
 'Wageningen' 19  9 1965   9462.    9.1   17.4   1.15    1.4    0.0   -99.9
 'Wageningen' 20  9 1965  13021.    2.7   19.3   0.98    0.5    0.0   -99.9
 'Wageningen' 21  9 1965  11723.    3.5   19.4   1.22    0.7    0.0   -99.9
 'Wageningen' 22  9 1965  12351.    7.1   21.5   1.34    0.7    0.0   -99.9
 'Wageningen' 23  9 1965  11179.    4.5   21.1   1.53    0.9    0.0   -99.9
 'Wageningen' 24  9 1965  11681.    9.0   22.9   1.49    2.0    0.0   -99.9
 'Wageningen' 25  9 1965  10802.   12.8   24.3   1.08    3.4    0.0   -99.9
 'Wageningen' 26  9 1965   3643.   13.5   16.1   1.43    2.1    0.3   -99.9
 'Wageningen' 27  9 1965   9085.    8.8   19.5   1.15    0.8    0.0   -99.9
 'Wageningen' 28  9 1965   9295.    6.5   16.2   1.19    1.2    0.0   -99.9
 'Wageningen' 29  9 1965   6071.    7.6   15.6   1.20    1.9    0.4   -99.9
 'Wageningen' 30  9 1965   2847.    9.3   16.0   1.46    1.9    3.6   -99.9
 'Wageningen'  1 10 1965   8583.   11.7   18.9   1.29    1.5    0.0   -99.9
 'Wageningen'  2 10 1965   6573.    7.6   17.4   1.27    1.5    0.7   -99.9
 'Wageningen'  3 10 1965   7955.    7.1   17.3   1.26    1.3    0.0   -99.9
 'Wageningen'  4 10 1965   9588.    8.5   20.2   1.30    2.1    0.0   -99.9
 'Wageningen'  5 10 1965   9295.   11.0   21.4   1.54    2.8    0.1   -99.9
 'Wageningen'  6 10 1965   8039.    9.5   20.5   1.58    1.7    0.0   -99.9
 'Wageningen'  7 10 1965   8834.    8.5   23.4   1.86    0.9    0.0   -99.9
 'Wageningen'  8 10 1965   3098.   11.0   14.3   1.16    1.3    0.0   -99.9
 'Wageningen'  9 10 1965   9462.    6.5   13.9   0.92    1.6    0.0   -99.9
 'Wageningen' 10 10 1965  10425.    0.5   14.9   0.90    1.3    0.0   -99.9
 'Wageningen' 11 10 1965   3475.    1.2   13.5   1.25    0.5    0.0   -99.9
 'Wageningen' 12 10 1965   3643.    7.0   14.8   0.96    0.5    0.0   -99.9
 'Wageningen' 13 10 1965   7787.   -0.2   16.3   1.13    0.1    0.1   -99.9
 'Wageningen' 14 10 1965   6071.    0.0   17.3   1.29    0.9    0.0   -99.9
 'Wageningen' 15 10 1965   1340.    4.5   12.9   1.39    1.4    8.4   -99.9
 'Wageningen' 16 10 1965   8918.    2.5   14.5   1.02    1.1    0.1   -99.9
 'Wageningen' 17 10 1965   5275.    0.1   13.0   0.83    0.4    0.0   -99.9
 'Wageningen' 18 10 1965   8415.   -0.5   14.8   1.03    1.0    0.0   -99.9
 'Wageningen' 19 10 1965   8667.    3.0   13.5   0.88    2.6    0.0   -99.9
 'Wageningen' 20 10 1965   8206.    5.0   13.5   0.79    3.5    0.0   -99.9
 'Wageningen' 21 10 1965   7327.    4.1   14.3   0.75    2.6    0.0   -99.9
 'Wageningen' 22 10 1965   7369.    2.2   12.5   0.67    2.1    0.0   -99.9
 'Wageningen' 23 10 1965   6866.    2.1   11.5   0.71    1.9    0.0   -99.9
 'Wageningen' 24 10 1965   6490.   -1.5   13.5   0.79    2.8    0.0   -99.9
 'Wageningen' 25 10 1965   6531.    1.5   12.5   0.92    1.4    0.0   -99.9
 'Wageningen' 26 10 1965   6490.   -2.6   16.1   1.15    1.0    0.2   -99.9
 'Wageningen' 27 10 1965   5275.    2.6   17.4   1.19    2.0    0.0   -99.9
 'Wageningen' 28 10 1965   6699.    8.6   19.0   1.35    3.0    1.2   -99.9
 'Wageningen' 29 10 1965   6741.    8.3   12.9   0.83    3.1    0.0   -99.9
 'Wageningen' 30 10 1965   2261.    5.0   12.0   0.91    3.9    1.8   -99.9
 'Wageningen' 31 10 1965   2177.    7.0   12.9   0.99    3.6    5.0   -99.9
 'Wageningen'  1 11 1965   2931.    8.1   15.0   1.04    6.4    5.5   -99.9
 'Wageningen'  2 11 1965   3014.    7.1   10.0   1.00    4.2    3.5   -99.9
 'Wageningen'  3 11 1965   4857.    0.7    9.5   0.73    1.1    0.1   -99.9
 'Wageningen'  4 11 1965   6196.   -1.0   10.2   0.73    0.5    0.1   -99.9
 'Wageningen'  5 11 1965   6364.   -3.5   10.6   0.79    0.4    0.0   -99.9
 'Wageningen'  6 11 1965   6573.   -6.4   10.2   0.64    2.0    0.0   -99.9
 'Wageningen'  7 11 1965   5485.   -4.0   16.0   1.23    2.5    0.0   -99.9
 'Wageningen'  8 11 1965   4815.    5.6   13.9   1.13    1.0    0.0   -99.9
 'Wageningen'  9 11 1965   3559.   -0.2   10.8   1.04    1.6    0.0   -99.9
 'Wageningen' 10 11 1965   1256.    4.3    8.3   0.95    1.5    0.2   -99.9
 'Wageningen' 11 11 1965   1926.    5.7    8.0   0.87    2.6    0.2   -99.9
 'Wageningen' 12 11 1965   5527.    0.1    4.5   0.41    2.9    0.0   -99.9
 'Wageningen' 13 11 1965   5234.   -4.3    0.9   0.40    2.3    0.0   -99.9
 'Wageningen' 14 11 1965   4145.   -9.1   -0.6   0.38    1.0    0.0   -99.9
 'Wageningen' 15 11 1965   5610.   -9.0    0.4   0.34    0.9    0.0   -99.9
 'Wageningen' 16 11 1965   4061.  -10.5   -0.6   0.38    2.7    0.0   -99.9
 'Wageningen' 17 11 1965   1842.   -8.3    1.5   0.33    4.3    8.2   -99.9
 'Wageningen' 18 11 1965   2847.   -2.9    4.1   0.72    3.1    1.5   -99.9
 'Wageningen' 19 11 1965    963.    1.2    1.9   0.62    1.5    4.3   -99.9
 'Wageningen' 20 11 1965    293.   -2.4   -1.0   0.52    1.9    2.4   -99.9
 'Wageningen' 21 11 1965    670.   -2.5    0.3   0.57    2.8    0.9   -99.9
 'Wageningen' 22 11 1965   5443.   -8.1    0.3   0.50    0.2    0.0   -99.9
 'Wageningen' 23 11 1965   2554.   -6.9    3.0   0.47    1.8    8.8   -99.9
 'Wageningen' 24 11 1965   1591.   -4.9    4.0   0.71    6.4    6.3   -99.9
 'Wageningen' 25 11 1965   1172.   -1.5    6.0   0.77    3.6   10.1   -99.9
 'Wageningen' 26 11 1965   3852.   -0.6    4.5   0.55    4.5    2.0   -99.9
 'Wageningen' 27 11 1965   1382.    0.0    6.5   0.88    4.0   13.3   -99.9
 'Wageningen' 28 11 1965   3140.    0.3    5.5   0.64    4.8    0.1   -99.9
 'Wageningen' 29 11 1965    293.   -0.6    8.2   0.75    4.6   23.2   -99.9
 'Wageningen' 30 11 1965   1591.    1.1    4.5   0.55    7.2   15.6   -99.9
 'Wageningen'  1 12 1965   2261.   -0.1    5.5   0.68    4.4    1.6   -99.9
 'Wageningen'  2 12 1965    712.    0.0    6.0   0.65    3.9    5.6   -99.9
 'Wageningen'  3 12 1965   1256.    0.6    6.5   0.80    3.1    1.3   -99.9
 'Wageningen'  4 12 1965   2010.    3.3    5.9   0.79    1.2    6.0   -99.9
 'Wageningen'  5 12 1965    419.    2.6   12.4   1.25    4.0    9.9   -99.9
 'Wageningen'  6 12 1965   3224.    4.5    6.5   0.65    6.5    1.4   -99.9
 'Wageningen'  7 12 1965   1256.    3.6    5.3   0.75    3.8    4.3   -99.9
 'Wageningen'  8 12 1965   2638.    0.9    5.2   0.70    3.5    7.3   -99.9
 'Wageningen'  9 12 1965    251.    1.5    9.0   0.99    6.6   30.6   -99.9
 'Wageningen' 10 12 1965    837.    4.9    6.2   0.73    5.4    3.5   -99.9
 'Wageningen' 11 12 1965   2428.    2.0    5.5   0.70    3.7    0.9   -99.9
 'Wageningen' 12 12 1965   1214.    1.6    6.0   0.73    1.8    4.3   -99.9
 'Wageningen' 13 12 1965    377.    2.5    9.4   1.07    3.2   10.5   -99.9
 'Wageningen' 14 12 1965   1633.    2.5    7.5   0.87    1.1    0.0   -99.9
 'Wageningen' 15 12 1965   2386.    2.2    5.4   0.73    2.8    0.0   -99.9
 'Wageningen' 16 12 1965   1172.    0.9    7.0   0.73    2.2    0.8   -99.9
 'Wageningen' 17 12 1965    754.    1.0   12.0   0.88    3.3   19.8   -99.9
 'Wageningen' 18 12 1965    419.    5.5   12.9   1.32    7.9   11.0   -99.9
 'Wageningen' 19 12 1965    377.   11.4   11.5   1.18    5.1    6.3   -99.9
 'Wageningen' 20 12 1965   1424.    2.1    5.6   0.84    0.8    0.9   -99.9
 'Wageningen' 21 12 1965   2512.    2.0    6.5   0.80    2.3    6.5   -99.9
 'Wageningen' 22 12 1965   2261.    1.7    6.9   0.71    1.8    0.0   -99.9
 'Wageningen' 23 12 1965   1047.    2.3    5.8   0.65    3.4   20.7   -99.9
 'Wageningen' 24 12 1965    628.    0.9    7.0   0.83    2.6    3.8   -99.9
 'Wageningen' 25 12 1965    963.    4.6    5.0   0.75    1.4    0.3   -99.9
 'Wageningen' 26 12 1965   2889.   -1.0    4.6   0.65    2.4    0.1   -99.9
 'Wageningen' 27 12 1965   1130.   -1.4   -1.1   0.52    0.8    0.1   -99.9
 'Wageningen' 28 12 1965   2428.   -4.4    2.6   0.64    0.8    0.8   -99.9
 'Wageningen' 29 12 1965   2596.   -2.5    2.0   0.53    2.8    2.5   -99.9
 'Wageningen' 30 12 1965   1047.   -1.0    5.2   0.77    4.9    3.3   -99.9
 'Wageningen' 31 12 1965   1968.    2.0   11.0   0.88    3.1    7.3   -99.9
