***************************************************************************
* File name: Wageni.960
* Contents: SWAP  3.0 - Meteo data of Wageningen weather station                
***************************************************************************     
* Comment area:                                                                 
*                                                                               
*                                                                               
***************************************************************************     
    Station   DD MM YYYY     RAD   Tmin   Tmax    HUM   WIND   RAIN   ETref     
*             nr nr   nr   kJ/m2      C      C    kPa    m/s     mm      mm     
 'Wageningen'  1  1 1960   1256.    7.1    9.7   1.10    2.5    4.9   -99.9
 'Wageningen'  2  1 1960   1005.    6.9    8.6   1.05    2.5    7.1   -99.9
 'Wageningen'  3  1 1960   1340.    5.9    7.8   1.01    1.2    0.5   -99.9
 'Wageningen'  4  1 1960   1005.    3.7   11.0   0.94    1.2    2.0   -99.9
 'Wageningen'  5  1 1960    586.    6.5    7.7   1.21    2.5    5.4   -99.9
 'Wageningen'  6  1 1960   3098.    2.0    7.2   0.82    4.3    0.2   -99.9
 'Wageningen'  7  1 1960   1256.    3.8    7.1   0.92    2.5    0.8   -99.9
 'Wageningen'  8  1 1960   2052.    2.2    2.2   0.88    1.2    0.1   -99.9
 'Wageningen'  9  1 1960   3768.   -5.0   -1.1   0.49    2.5    0.0   -99.9
 'Wageningen' 10  1 1960   4522.   -7.9    1.0   0.32    2.5    0.2   -99.9
 'Wageningen' 11  1 1960   1675.   -3.0   -2.3   0.55    1.2    0.6   -99.9
 'Wageningen' 12  1 1960   4480.   -7.9   -4.2   0.47    1.2    0.1   -99.9
 'Wageningen' 13  1 1960   3224.  -10.1   -2.1   0.31    1.2    0.3   -99.9
 'Wageningen' 14  1 1960   1424.   -9.2   -2.7   0.48    4.3    2.9   -99.9
 'Wageningen' 15  1 1960   2973.  -10.5    0.3   0.40    1.2    0.0   -99.9
 'Wageningen' 16  1 1960   1047.  -11.3    0.8   0.57    1.2    0.7   -99.9
 'Wageningen' 17  1 1960   2470.  -13.1    3.1   0.49    1.2    1.6   -99.9
 'Wageningen' 18  1 1960   1633.   -0.5    5.1   0.70    1.2    0.2   -99.9
 'Wageningen' 19  1 1960   1256.    2.3    4.3   0.76    4.3    3.4   -99.9
 'Wageningen' 20  1 1960   2219.    0.9    2.7   0.53   16.7    1.6   -99.9
 'Wageningen' 21  1 1960   1382.   -1.2   11.6   0.64    1.2    3.0   -99.9
 'Wageningen' 22  1 1960   2763.    1.9    9.8   1.10    1.2    0.0   -99.9
 'Wageningen' 23  1 1960   1340.    8.1   11.8   0.96    2.5    1.6   -99.9
 'Wageningen' 24  1 1960    963.    8.3   11.5   1.10    2.5    6.0   -99.9
 'Wageningen' 25  1 1960   2177.    6.4    6.8   0.96    0.1    9.9   -99.9
 'Wageningen' 26  1 1960   1047.    5.0    6.9   0.89    0.1    0.5   -99.9
 'Wageningen' 27  1 1960   2303.    3.1    9.9   0.74    1.2    3.8   -99.9
 'Wageningen' 28  1 1960    795.    5.9    6.2   1.02    2.5    2.4   -99.9
 'Wageningen' 29  1 1960    879.    3.6    3.8   0.72   11.1   17.3   -99.9
 'Wageningen' 30  1 1960    670.    0.2    0.4   0.61    2.5   13.0   -99.9
 'Wageningen' 31  1 1960   1130.   -0.5    1.9   0.60    2.5    0.1   -99.9
 'Wageningen'  1  2 1960   4145.   -0.7    4.7   0.49    1.2    0.2   -99.9
 'Wageningen'  2  2 1960   1089.    0.2    8.1   0.78    1.2    0.1   -99.9
 'Wageningen'  3  2 1960   1633.    4.5   10.0   0.89    1.2    0.0   -99.9
 'Wageningen'  4  2 1960   3056.    4.8    6.8   0.86    1.2    1.9   -99.9
 'Wageningen'  5  2 1960   3391.    1.8    5.6   0.82    0.1    0.0   -99.9
 'Wageningen'  6  2 1960   3433.   -0.5    1.0   0.76    1.2    0.0   -99.9
 'Wageningen'  7  2 1960   6908.   -6.7    3.8   0.41    4.3    0.0   -99.9
 'Wageningen'  8  2 1960   6238.   -7.0    7.7   0.29    1.2    0.0   -99.9
 'Wageningen'  9  2 1960   7243.   -4.8    4.7   0.37    1.2    0.0   -99.9
 'Wageningen' 10  2 1960    795.   -3.2    3.9   0.77    1.2    3.2   -99.9
 'Wageningen' 11  2 1960   2219.    1.2    2.9   0.61    0.1    0.0   -99.9
 'Wageningen' 12  2 1960   1507.    0.1    2.7   0.65    0.1    0.0   -99.9
 'Wageningen' 13  2 1960   1424.   -0.3    3.7   0.68    1.2    0.5   -99.9
 'Wageningen' 14  2 1960   1298.    0.1    4.9   0.69    2.5    4.1   -99.9
 'Wageningen' 15  2 1960   5987.    0.0    3.9   0.67    2.5    2.6   -99.9
 'Wageningen' 16  2 1960   4145.   -1.0    4.5   0.64    2.5    2.7   -99.9
 'Wageningen' 17  2 1960   7704.   -2.2    4.8   0.59    4.3    0.7   -99.9
 'Wageningen' 18  2 1960   5359.   -4.1    6.8   0.64    1.2    0.0   -99.9
 'Wageningen' 19  2 1960   4899.   -2.4    8.8   0.72    0.1    0.3   -99.9
 'Wageningen' 20  2 1960   5024.   -0.6    7.8   0.82    2.5    1.6   -99.9
 'Wageningen' 21  2 1960   5568.    1.8    5.4   0.72    4.3    0.3   -99.9
 'Wageningen' 22  2 1960   1340.    0.0    4.8   0.84    1.2    5.9   -99.9
 'Wageningen' 23  2 1960   1005.    2.4    7.8   0.72    1.2    0.1   -99.9
 'Wageningen' 24  2 1960   7955.    0.7    6.8   0.64    0.1    0.0   -99.9
 'Wageningen' 25  2 1960   2093.    1.0    8.4   0.85    1.2    4.2   -99.9
 'Wageningen' 26  2 1960   1758.    4.8   11.5   0.97    1.2    6.1   -99.9
 'Wageningen' 27  2 1960   2010.    6.9   16.8   1.09    6.3    0.0   -99.9
 'Wageningen' 28  2 1960   5820.    5.6   15.5   1.29    2.5    0.0   -99.9
 'Wageningen' 29  2 1960   3182.    7.7   13.4   1.30    2.5    0.1   -99.9
 'Wageningen'  1  3 1960   3098.    8.6   10.9   1.04    4.3    5.1   -99.9
 'Wageningen'  2  3 1960   1591.    8.6   10.4   1.06    2.5    1.6   -99.9
 'Wageningen'  3  3 1960   3768.    6.4    9.8   0.93    4.3    0.6   -99.9
 'Wageningen'  4  3 1960   1298.    6.0   10.2   0.90    6.3    0.0   -99.9
 'Wageningen'  5  3 1960  11430.    3.0    9.9   0.65    2.5    0.0   -99.9
 'Wageningen'  6  3 1960  10844.    3.3    3.5   0.61    4.3    0.0   -99.9
 'Wageningen'  7  3 1960  11262.   -1.2    2.1   0.45    6.3    0.0   -99.9
 'Wageningen'  8  3 1960  10300.   -3.2    7.8   0.60    4.3    0.0   -99.9
 'Wageningen'  9  3 1960   6657.   -1.4    9.0   0.59    4.3    3.7   -99.9
 'Wageningen' 10  3 1960   5401.    2.3   10.8   0.89    2.5    2.8   -99.9
 'Wageningen' 11  3 1960   5903.    1.4   15.2   0.92    2.5    0.0   -99.9
 'Wageningen' 12  3 1960  10551.    3.8   17.0   1.06    1.2    0.7   -99.9
 'Wageningen' 13  3 1960   9169.    4.9   18.0   1.01    1.2    0.0   -99.9
 'Wageningen' 14  3 1960  10258.    5.8   14.9   0.97    1.2    4.1   -99.9
 'Wageningen' 15  3 1960  11891.    4.1   10.3   0.92    1.2    0.0   -99.9
 'Wageningen' 16  3 1960   6364.    3.3    6.2   0.78    1.2    0.0   -99.9
 'Wageningen' 17  3 1960   3936.    2.1    4.0   0.68    1.2    0.0   -99.9
 'Wageningen' 18  3 1960   1465.    2.2    8.8   0.69    1.2    0.0   -99.9
 'Wageningen' 19  3 1960  13942.    0.8    6.6   0.73    2.5    0.0   -99.9
 'Wageningen' 20  3 1960   6322.   -2.0    6.0   0.73    2.5    0.0   -99.9
 'Wageningen' 21  3 1960   4522.    0.9    8.0   0.70    1.2    0.0   -99.9
 'Wageningen' 22  3 1960  10467.   -0.7   15.2   0.69    1.2    0.0   -99.9
 'Wageningen' 23  3 1960  10676.    0.0   15.8   0.90    2.5    0.0   -99.9
 'Wageningen' 24  3 1960  13356.    3.9   12.2   0.53    1.2    0.0   -99.9
 'Wageningen' 25  3 1960  11556.    6.1   15.9   0.97    2.5    3.5   -99.9
 'Wageningen' 26  3 1960   9295.    6.9   11.0   1.10    1.2    3.3   -99.9
 'Wageningen' 27  3 1960   3559.    4.8    9.8   1.01    1.2    0.5   -99.9
 'Wageningen' 28  3 1960   5192.    3.9    8.4   0.93    1.2    0.0   -99.9
 'Wageningen' 29  3 1960   2303.    5.3   11.1   0.90    1.2    0.0   -99.9
 'Wageningen' 30  3 1960   3768.    5.5   10.2   1.10    4.3    1.6   -99.9
 'Wageningen' 31  3 1960   6322.    5.8    8.9   1.12    0.1    1.0   -99.9
 'Wageningen'  1  4 1960   2973.    5.9   13.6   1.90    1.2    0.0   -99.9
 'Wageningen'  2  4 1960   9923.    4.7   19.0   1.08    1.2    0.0   -99.9
 'Wageningen'  3  4 1960  14486.    6.7   15.0   0.88    4.3    0.0   -99.9
 'Wageningen'  4  4 1960  11137.    7.9   18.4   1.02    1.2    0.0   -99.9
 'Wageningen'  5  4 1960  14319.    5.7   21.3   1.01    1.2    0.0   -99.9
 'Wageningen'  6  4 1960  15282.    9.0   21.7   0.86    1.2    0.0   -99.9
 'Wageningen'  7  4 1960  15156.   11.0   16.3   1.37    2.5    1.3   -99.9
 'Wageningen'  8  4 1960   9043.   11.1   17.3   1.28    1.2    0.5   -99.9
 'Wageningen'  9  4 1960  12979.    8.9   14.1   0.94    2.5    0.5   -99.9
 'Wageningen' 10  4 1960   8457.    5.8   10.8   1.00    6.3    2.4   -99.9
 'Wageningen' 11  4 1960   6029.    7.8   13.1   0.85    4.3    0.0   -99.9
 'Wageningen' 12  4 1960  10425.    4.7   13.3   0.68    4.3    0.2   -99.9
 'Wageningen' 13  4 1960   2596.    8.9   12.9   1.24    4.3    2.0   -99.9
 'Wageningen' 14  4 1960  15784.    5.2   11.5   0.68    8.6    0.0   -99.9
 'Wageningen' 15  4 1960  14403.    4.4   10.9   0.70    8.6    0.0   -99.9
 'Wageningen' 16  4 1960  18045.    1.6   12.6   0.74    4.3    0.7   -99.9
 'Wageningen' 17  4 1960  12853.    0.3   13.5   0.72    0.1    0.0   -99.9
 'Wageningen' 18  4 1960  15826.   -0.6   20.4   0.85    2.5    0.8   -99.9
 'Wageningen' 19  4 1960  14989.    6.1   22.2   1.14    2.5    0.0   -99.9
 'Wageningen' 20  4 1960  17417.    9.0   18.7   1.18    0.1    0.0   -99.9
 'Wageningen' 21  4 1960  19510.    6.7   14.6   0.80    2.5    0.0   -99.9
 'Wageningen' 22  4 1960   9923.    2.9   11.4   0.89    1.2    0.0   -99.9
 'Wageningen' 23  4 1960  17417.    7.0   11.3   0.74    4.3    0.2   -99.9
 'Wageningen' 24  4 1960   9337.    2.8    8.9   0.98    4.3    2.6   -99.9
 'Wageningen' 25  4 1960  12895.    3.9   12.2   0.70    2.5    4.3   -99.9
 'Wageningen' 26  4 1960  17501.    3.9   11.0   0.92    2.5    0.7   -99.9
 'Wageningen' 27  4 1960  12770.    2.2   11.0   0.92    1.2    0.2   -99.9
 'Wageningen' 28  4 1960  17961.    1.4   11.4   0.76    6.3    0.9   -99.9
 'Wageningen' 29  4 1960  18631.    1.7   12.2   0.69    1.2    0.0   -99.9
 'Wageningen' 30  4 1960  23948.   -1.3    9.1   0.81    4.3    0.2   -99.9
 'Wageningen'  1  5 1960  12184.   -1.0   10.2   0.73    2.5    0.0   -99.9
 'Wageningen'  2  5 1960  14821.    3.1   15.9   0.72    1.2    0.1   -99.9
 'Wageningen'  3  5 1960  21604.    0.7   19.1   0.94    1.2    0.0   -99.9
 'Wageningen'  4  5 1960  20348.    2.3   21.7   1.30    1.2    0.0   -99.9
 'Wageningen'  5  5 1960  20934.    2.8   24.0   1.58    1.2    0.0   -99.9
 'Wageningen'  6  5 1960  18254.    5.2   23.8   0.74    1.2    0.0   -99.9
 'Wageningen'  7  5 1960  14821.    7.9   23.9   0.92    2.5    0.0   -99.9
 'Wageningen'  8  5 1960  21604.   12.9   23.2   0.86    4.3    0.0   -99.9
 'Wageningen'  9  5 1960  16538.   12.1   22.1   1.14    2.5    0.0   -99.9
 'Wageningen' 10  5 1960  20097.   12.7   22.9   1.38    2.5    0.0   -99.9
 'Wageningen' 11  5 1960  19510.   10.0   23.3   1.29    1.2    0.0   -99.9
 'Wageningen' 12  5 1960  18841.   12.0   25.9   1.49    2.5    0.0   -99.9
 'Wageningen' 13  5 1960  12853.   13.3   18.6   1.80    1.2   17.4   -99.9
 'Wageningen' 14  5 1960  11514.   10.9   23.2   1.41    1.2    0.0   -99.9
 'Wageningen' 15  5 1960  13440.   10.8   21.1   1.88    1.2    0.1   -99.9
 'Wageningen' 16  5 1960  13565.   14.4   18.5   1.84    1.2    0.0   -99.9
 'Wageningen' 17  5 1960   5401.    8.8   16.4   1.53    1.2    0.9   -99.9
 'Wageningen' 18  5 1960   7494.    9.8   15.0   1.37    1.2    0.0   -99.9
 'Wageningen' 19  5 1960   2596.   11.5   18.0   1.54    1.2    9.1   -99.9
 'Wageningen' 20  5 1960  15198.   10.5   17.9   1.41    0.1    0.0   -99.9
 'Wageningen' 21  5 1960   7787.    8.0   15.4   1.12    1.2    5.6   -99.9
 'Wageningen' 22  5 1960  10593.    8.9   20.8   1.12    2.5    0.0   -99.9
 'Wageningen' 23  5 1960  16454.    9.4   18.1   1.30    1.2    5.1   -99.9
 'Wageningen' 24  5 1960  14403.   11.0   19.0   0.91    4.3    3.8   -99.9
 'Wageningen' 25  5 1960  20390.    4.9   20.0   1.34    1.2    0.0   -99.9
 'Wageningen' 26  5 1960  17250.    7.7   21.3   1.44    2.5    0.0   -99.9
 'Wageningen' 27  5 1960  13063.    9.4   19.0   1.69    2.5    0.6   -99.9
 'Wageningen' 28  5 1960  24200.   11.9   13.8   1.44    4.3    0.0   -99.9
 'Wageningen' 29  5 1960   8834.   11.0   15.8   1.21    4.3    0.0   -99.9
 'Wageningen' 30  5 1960  11639.    9.8   17.8   1.08    0.1    0.1   -99.9
 'Wageningen' 31  5 1960  15072.    6.3   20.6   1.50    1.2    0.0   -99.9
 'Wageningen'  1  6 1960  18254.    7.7   24.6   1.45    4.3    0.0   -99.9
 'Wageningen'  2  6 1960  23907.    9.9   24.9   1.48    1.2    0.0   -99.9
 'Wageningen'  3  6 1960  25833.   12.8   26.3   2.01    1.2    0.0   -99.9
 'Wageningen'  4  6 1960  25581.   13.5   27.9   1.21    4.3    0.0   -99.9
 'Wageningen'  5  6 1960  20934.   16.0   28.5   1.58    1.2    0.0   -99.9
 'Wageningen'  6  6 1960  21729.   14.8   20.3   2.10    2.5    8.6   -99.9
 'Wageningen'  7  6 1960  22316.   14.0   23.1   1.52    2.5    0.0   -99.9
 'Wageningen'  8  6 1960  21981.    8.9   20.3   1.42    2.5    5.8   -99.9
 'Wageningen'  9  6 1960  12979.   14.1   17.5   1.58    2.5   10.3   -99.9
 'Wageningen' 10  6 1960  15449.   12.2   15.5   1.46    2.5    0.1   -99.9
 'Wageningen' 11  6 1960   6657.    9.8   20.3   1.33    6.3    1.8   -99.9
 'Wageningen' 12  6 1960  13356.   14.4   19.5   1.70    2.5    5.5   -99.9
 'Wageningen' 13  6 1960  14696.   12.0   16.8   1.40    1.2    0.4   -99.9
 'Wageningen' 14  6 1960  14989.    8.3   20.2   1.32    1.2    5.6   -99.9
 'Wageningen' 15  6 1960  17375.    9.7   21.8   1.44    1.2    0.0   -99.9
 'Wageningen' 16  6 1960   9630.    8.9   25.1   1.64    1.2    0.0   -99.9
 'Wageningen' 17  6 1960  18254.   15.0   28.1   1.73    4.3    0.0   -99.9
 'Wageningen' 18  6 1960  23907.   12.5   23.7   1.93    1.2    0.0   -99.9
 'Wageningen' 19  6 1960  24200.   15.9   23.1   1.26    6.3    0.0   -99.9
 'Wageningen' 20  6 1960  11304.   10.1   17.0   1.56    2.5    1.9   -99.9
 'Wageningen' 21  6 1960   7494.   12.2   22.9   1.52    4.3    0.2   -99.9
 'Wageningen' 22  6 1960  16622.    9.8   29.2   1.73    0.1    0.0   -99.9
 'Wageningen' 23  6 1960  25581.   12.2   27.2   2.06    1.2    0.0   -99.9
 'Wageningen' 24  6 1960  16622.   15.3   29.8   2.22    1.2    0.0   -99.9
 'Wageningen' 25  6 1960  25539.   15.4   28.9   1.41    0.1    0.0   -99.9
 'Wageningen' 26  6 1960  25539.   16.0   24.3   1.70    4.3    0.0   -99.9
 'Wageningen' 27  6 1960  13942.   14.4   17.0   1.58    2.5    0.0   -99.9
 'Wageningen' 28  6 1960  20264.    9.9   14.0   1.22    2.5    7.0   -99.9
 'Wageningen' 29  6 1960   9127.    9.4   14.7   1.24    6.3    4.2   -99.9
 'Wageningen' 30  6 1960  16412.   10.0   14.9   1.33    1.2    5.5   -99.9
 'Wageningen'  1  7 1960  15156.    6.7   17.8   1.00    4.3    0.2   -99.9
 'Wageningen'  2  7 1960  16245.    8.8   15.5   1.22    4.3    0.0   -99.9
 'Wageningen'  3  7 1960  10467.   10.1   21.1   1.14    1.2    0.0   -99.9
 'Wageningen'  4  7 1960  13147.    6.7   18.5   1.61    1.2    0.6   -99.9
 'Wageningen'  5  7 1960   6824.   13.9   19.8   1.90    1.2    1.6   -99.9
 'Wageningen'  6  7 1960  11346.   14.8   20.0   1.58    2.5    0.0   -99.9
 'Wageningen'  7  7 1960  12016.   12.9   19.9   1.64    1.2    2.8   -99.9
 'Wageningen'  8  7 1960   7494.   13.1   20.2   1.80    6.3   46.9   -99.9
 'Wageningen'  9  7 1960  15282.   12.6   18.7   1.45    2.5    0.2   -99.9
 'Wageningen' 10  7 1960   8248.   13.1   20.8   1.65    2.5    9.4   -99.9
 'Wageningen' 11  7 1960  18087.   14.3   21.5   1.21    8.6    1.3   -99.9
 'Wageningen' 12  7 1960  17291.   13.7   22.5   1.57    4.3    2.7   -99.9
 'Wageningen' 13  7 1960  15575.   11.8   22.0   1.44    4.3    0.0   -99.9
 'Wageningen' 14  7 1960  12100.   15.2   21.8   1.68    1.2    1.0   -99.9
 'Wageningen' 15  7 1960  14528.   11.6   21.4   1.57    1.2    0.9   -99.9
 'Wageningen' 16  7 1960  14403.    9.8   20.3   1.30    1.2    0.0   -99.9
 'Wageningen' 17  7 1960   8750.   11.1   21.7   1.56    8.6    2.9   -99.9
 'Wageningen' 18  7 1960  17375.   13.2   21.0   1.37    6.3    5.5   -99.9
 'Wageningen' 19  7 1960  11932.   13.0   18.9   1.52    2.5    4.2   -99.9
 'Wageningen' 20  7 1960   9295.   11.7   21.3   1.68    0.1    0.8   -99.9
 'Wageningen' 21  7 1960  21604.    9.7   18.1   1.64    1.2    0.4   -99.9
 'Wageningen' 22  7 1960  12100.   11.8   19.2   1.45    1.2    9.1   -99.9
 'Wageningen' 23  7 1960  22651.    9.7   21.8   1.17    1.2    0.0   -99.9
 'Wageningen' 24  7 1960  23823.    8.5   22.7   1.17    1.2    0.0   -99.9
 'Wageningen' 25  7 1960   7955.   14.5   21.8   2.13    2.5    0.0   -99.9
 'Wageningen' 26  7 1960  13523.   13.4   19.9   1.84    1.2    0.0   -99.9
 'Wageningen' 27  7 1960  12393.   12.2   17.7   1.52    0.1    8.7   -99.9
 'Wageningen' 28  7 1960   6741.   10.2   25.9   1.76    2.5    2.9   -99.9
 'Wageningen' 29  7 1960  14528.   15.9   22.5   2.04    2.5   11.5   -99.9
 'Wageningen' 30  7 1960   6155.   17.6   20.1   2.26    1.2   11.9   -99.9
 'Wageningen' 31  7 1960   8081.   15.0   20.3   1.53    1.2    2.8   -99.9
 'Wageningen'  1  8 1960  12979.   14.8   20.2   1.32    2.5    0.0   -99.9
 'Wageningen'  2  8 1960  13188.   10.6   22.8   1.37    1.2    0.9   -99.9
 'Wageningen'  3  8 1960  19678.    8.3   23.3   1.44    2.5    0.0   -99.9
 'Wageningen'  4  8 1960  19510.   11.7   21.7   1.68    2.5    0.0   -99.9
 'Wageningen'  5  8 1960  14319.   11.9   21.9   1.58    2.5    0.7   -99.9
 'Wageningen'  6  8 1960   9881.   11.2   22.8   1.73    2.5    3.3   -99.9
 'Wageningen'  7  8 1960  21353.   13.8   23.8   1.65    2.5    0.0   -99.9
 'Wageningen'  8  8 1960  21018.   11.0   20.2   1.82    0.1    0.4   -99.9
 'Wageningen'  9  8 1960   9923.   12.7   18.0   1.70    2.5   11.3   -99.9
 'Wageningen' 10  8 1960   7662.   11.4   17.2   1.46    4.3   14.3   -99.9
 'Wageningen' 11  8 1960   4145.   13.8   17.2   1.62    1.2    7.6   -99.9
 'Wageningen' 12  8 1960   6071.   13.0   18.9   1.53    2.5    7.1   -99.9
 'Wageningen' 13  8 1960  14026.    8.9   22.2   1.46    1.2    0.1   -99.9
 'Wageningen' 14  8 1960  17291.   11.0   18.1   1.45    1.2   15.3   -99.9
 'Wageningen' 15  8 1960   6364.   12.8   19.8   1.46    1.2   29.9   -99.9
 'Wageningen' 16  8 1960  11639.   10.9   21.0   1.49    2.5    9.5   -99.9
 'Wageningen' 17  8 1960  14235.    9.2   18.6   1.32    1.2    2.7   -99.9
 'Wageningen' 18  8 1960   6071.   13.0   18.0   1.60    1.2    4.6   -99.9
 'Wageningen' 19  8 1960  13565.   11.4   19.9   1.32    6.3    3.0   -99.9
 'Wageningen' 20  8 1960   8374.   11.8   22.7   1.49    2.5    8.8   -99.9
 'Wageningen' 21  8 1960   8374.   11.8   26.5   1.96    1.2    0.1   -99.9
 'Wageningen' 22  8 1960  14528.   14.2   23.2   2.10    1.2   12.9   -99.9
 'Wageningen' 23  8 1960  16119.   16.3   24.6   1.77    4.3    0.7   -99.9
 'Wageningen' 24  8 1960  13188.   15.0   23.5   1.85    2.5    0.8   -99.9
 'Wageningen' 25  8 1960  10300.   17.9   25.2   1.90    1.2    1.1   -99.9
 'Wageningen' 26  8 1960  12016.   16.0   24.6   1.70    4.3    0.5   -99.9
 'Wageningen' 27  8 1960  12770.   14.0   23.9   1.92    2.5    0.0   -99.9
 'Wageningen' 28  8 1960   8457.   13.6   18.4   1.85    0.1    5.7   -99.9
 'Wageningen' 29  8 1960   5401.   12.0   18.1   1.73    1.2    7.6   -99.9
 'Wageningen' 30  8 1960   5778.   13.0   17.8   1.72    2.5    8.0   -99.9
 'Wageningen' 31  8 1960   7578.   13.0   16.2   1.45    2.5   14.1   -99.9
 'Wageningen'  1  9 1960   4396.   12.8   18.1   1.52    4.3    2.2   -99.9
 'Wageningen'  2  9 1960   9043.    9.7   19.0   1.57    1.2    1.2   -99.9
 'Wageningen'  3  9 1960   6615.   15.2   17.6   1.72    4.3    6.1   -99.9
 'Wageningen'  4  9 1960   9504.   13.0   17.0   1.46    4.3    3.6   -99.9
 'Wageningen'  5  9 1960  10551.    8.4   16.7   1.21    1.2   10.5   -99.9
 'Wageningen'  6  9 1960  11723.    7.8   18.5   1.12    1.2    0.7   -99.9
 'Wageningen'  7  9 1960  11639.    8.4   20.9   1.42    0.1    0.0   -99.9
 'Wageningen'  8  9 1960  13440.   12.3   21.9   1.26    0.1    0.0   -99.9
 'Wageningen'  9  9 1960  12309.   10.1   22.6   1.74    0.1    0.0   -99.9
 'Wageningen' 10  9 1960  10844.   13.0   23.4   2.13    1.2    0.0   -99.9
 'Wageningen' 11  9 1960  14319.   12.2   26.2   1.48    2.5    0.0   -99.9
 'Wageningen' 12  9 1960  14486.   12.8   22.9   1.82    2.5    0.0   -99.9
 'Wageningen' 13  9 1960  12686.   11.1   19.7   2.11    1.2    0.0   -99.9
 'Wageningen' 14  9 1960   6364.   13.5   19.1   1.78    1.2    0.0   -99.9
 'Wageningen' 15  9 1960   4731.   13.8   22.6   1.74    1.2    5.8   -99.9
 'Wageningen' 16  9 1960   6908.   14.8   18.5   1.72    4.3    0.3   -99.9
 'Wageningen' 17  9 1960   8834.   11.4   20.8   1.50    4.3    0.4   -99.9
 'Wageningen' 18  9 1960  11514.   10.7   18.6   1.46    0.1    0.0   -99.9
 'Wageningen' 19  9 1960   6071.   12.7   17.7   1.89    0.1    7.6   -99.9
 'Wageningen' 20  9 1960  12184.   11.9   15.0   1.64    1.2    4.3   -99.9
 'Wageningen' 21  9 1960   2512.   11.5   18.6   1.37    1.2    1.3   -99.9
 'Wageningen' 22  9 1960   9546.   11.7   17.0   1.50    1.2    0.0   -99.9
 'Wageningen' 23  9 1960   4731.   11.4   18.7   1.49    0.1    0.1   -99.9
 'Wageningen' 24  9 1960   8039.   12.7   18.3   1.82    1.2    0.0   -99.9
 'Wageningen' 25  9 1960  10509.    7.2   16.9   1.89    1.2    0.0   -99.9
 'Wageningen' 26  9 1960  11556.    6.4   16.7   1.10    2.5    0.0   -99.9
 'Wageningen' 27  9 1960   9965.    3.4   14.8   0.97    4.3    0.0   -99.9
 'Wageningen' 28  9 1960  10174.    4.4   14.9   0.94    1.2    0.0   -99.9
 'Wageningen' 29  9 1960  10383.    5.0   14.0   1.08    4.3    0.0   -99.9
 'Wageningen' 30  9 1960   8206.    4.7   12.1   1.09    1.2    1.9   -99.9
 'Wageningen'  1 10 1960   3266.    7.8   20.5   1.14    0.1    2.8   -99.9
 'Wageningen'  2 10 1960  11472.    9.8   19.0   1.22    4.3    1.4   -99.9
 'Wageningen'  3 10 1960   6783.   13.3   18.3   1.68    1.2    1.2   -99.9
 'Wageningen'  4 10 1960   8039.   14.2   20.0   1.74    0.1    0.5   -99.9
 'Wageningen'  5 10 1960   8750.   12.2   17.6   1.44    2.5    5.8   -99.9
 'Wageningen'  6 10 1960   4187.   12.1   19.4   1.62    1.2    1.5   -99.9
 'Wageningen'  7 10 1960   8457.    8.3   16.1   1.46    0.1    0.0   -99.9
 'Wageningen'  8 10 1960   5317.   10.0   15.6   1.37    1.2    2.3   -99.9
 'Wageningen'  9 10 1960   6783.   10.1   13.3   1.01    2.5    4.2   -99.9
 'Wageningen' 10 10 1960   2052.   10.1   12.8   1.33    1.2    6.0   -99.9
 'Wageningen' 11 10 1960   4396.    8.2   12.3   1.17    2.5   57.6   -99.9
 'Wageningen' 12 10 1960   4940.    8.0   12.5   1.17    2.5   17.7   -99.9
 'Wageningen' 13 10 1960   4940.    8.0   13.9   1.10    1.2    7.1   -99.9
 'Wageningen' 14 10 1960   7369.    5.1   12.9   1.00    1.2    0.2   -99.9
 'Wageningen' 15 10 1960   6741.    0.2   10.6   0.88    2.5    0.0   -99.9
 'Wageningen' 16 10 1960   3894.    2.8   11.9   1.06    2.5    0.0   -99.9
 'Wageningen' 17 10 1960   5862.    3.9   10.2   1.01    1.2    1.2   -99.9
 'Wageningen' 18 10 1960    461.    5.3   12.0   1.10    0.1    6.0   -99.9
 'Wageningen' 19 10 1960   3643.    6.8   12.2   1.02    1.2    0.0   -99.9
 'Wageningen' 20 10 1960   3768.    6.7   14.8   1.12    4.3    7.9   -99.9
 'Wageningen' 21 10 1960   3349.    9.4   11.3   1.18    1.2    1.5   -99.9
 'Wageningen' 22 10 1960   1968.    8.2   12.5   1.20    2.5    5.2   -99.9
 'Wageningen' 23 10 1960   1214.   10.3   16.8   1.34    0.1    1.5   -99.9
 'Wageningen' 24 10 1960   4605.    9.0   17.3   1.46    1.2    2.2   -99.9
 'Wageningen' 25 10 1960   6741.    8.4   13.7   1.56    1.2    0.0   -99.9
 'Wageningen' 26 10 1960   2052.    9.9   13.1   1.26    1.2    9.7   -99.9
 'Wageningen' 27 10 1960   3391.    8.0   15.1   1.17    2.5    0.1   -99.9
 'Wageningen' 28 10 1960   5150.    6.7   13.2   1.33    1.2    0.3   -99.9
 'Wageningen' 29 10 1960   2973.    9.4   11.8   1.20    1.2    9.6   -99.9
 'Wageningen' 30 10 1960    795.    9.5   12.6   1.28    1.2    9.1   -99.9
 'Wageningen' 31 10 1960   1968.    8.2   14.5   1.18    4.3    4.7   -99.9
 'Wageningen'  1 11 1960   1047.    6.9   14.5   1.54    4.3   14.1   -99.9
 'Wageningen'  2 11 1960   3936.    9.4   12.2   0.88   11.1    0.8   -99.9
 'Wageningen'  3 11 1960   1005.    8.9   12.0   1.08   11.1    7.2   -99.9
 'Wageningen'  4 11 1960    879.    7.6   10.8   1.21    4.3    9.4   -99.9
 'Wageningen'  5 11 1960   2386.    6.0   10.9   1.06    1.2    5.5   -99.9
 'Wageningen'  6 11 1960   5317.    6.0    9.1   0.92    4.3    1.1   -99.9
 'Wageningen'  7 11 1960   5234.    2.5    8.0   0.89    1.2    0.0   -99.9
 'Wageningen'  8 11 1960   6238.   -1.0    3.4   0.53    1.2    0.0   -99.9
 'Wageningen'  9 11 1960   2052.   -2.1    6.3   0.48    1.2    0.1   -99.9
 'Wageningen' 10 11 1960   2638.   -1.1   11.2   0.81    1.2    4.1   -99.9
 'Wageningen' 11 11 1960   4815.    6.4   13.0   0.90    4.3    0.1   -99.9
 'Wageningen' 12 11 1960   3936.    6.1    9.2   1.00    2.5    0.1   -99.9
 'Wageningen' 13 11 1960   2303.    3.6   11.3   0.98    1.2    1.1   -99.9
 'Wageningen' 14 11 1960   1172.    5.3   11.1   1.14    1.2    1.0   -99.9
 'Wageningen' 15 11 1960   1298.    7.3   10.8   1.14    1.2    6.7   -99.9
 'Wageningen' 16 11 1960   4564.    5.3    6.9   0.93    1.2    0.1   -99.9
 'Wageningen' 17 11 1960   2428.    1.3   10.0   0.73    1.2   12.3   -99.9
 'Wageningen' 18 11 1960   3894.    4.8    7.9   0.92    2.5    3.1   -99.9
 'Wageningen' 19 11 1960   2512.    4.9    9.0   0.94    1.2    3.6   -99.9
 'Wageningen' 20 11 1960   1214.    3.8    9.5   0.98    1.2    3.6   -99.9
 'Wageningen' 21 11 1960   1089.    6.1   11.4   0.94    1.2    2.3   -99.9
 'Wageningen' 22 11 1960   1256.    7.6   10.0   1.10    1.2    0.1   -99.9
 'Wageningen' 23 11 1960   1424.    7.2   10.2   1.08    2.5    2.7   -99.9
 'Wageningen' 24 11 1960   1005.    6.4   12.7   1.02    2.5    5.7   -99.9
 'Wageningen' 25 11 1960   3014.    8.4   13.5   1.17    1.2   14.7   -99.9
 'Wageningen' 26 11 1960   1298.    9.9   11.0   1.12    6.3    6.7   -99.9
 'Wageningen' 27 11 1960    712.    7.7    8.8   1.06    1.2    4.2   -99.9
 'Wageningen' 28 11 1960   3224.    1.6    8.7   0.86    2.5    0.6   -99.9
 'Wageningen' 29 11 1960   2135.    4.5   10.6   0.93    1.2    1.0   -99.9
 'Wageningen' 30 11 1960   1884.    7.7    9.6   0.90    0.1    0.0   -99.9
 'Wageningen'  1 12 1960   1633.    5.4   10.1   0.80    4.6    0.5   -99.9
 'Wageningen'  2 12 1960   2093.    7.0    9.0   0.92    4.3    0.3   -99.9
 'Wageningen'  3 12 1960    209.    5.0   11.8   0.93    4.0   50.3   -99.9
 'Wageningen'  4 12 1960    251.    7.9    8.9   1.17    7.0   16.9   -99.9
 'Wageningen'  5 12 1960   3349.    5.0    6.7   0.88    7.0    0.4   -99.9
 'Wageningen'  6 12 1960    712.    4.0    5.9   0.88    2.4    3.8   -99.9
 'Wageningen'  7 12 1960   1256.    4.6    4.6   0.81    2.4    2.1   -99.9
 'Wageningen'  8 12 1960    586.    2.9    4.5   0.76    1.4    0.3   -99.9
 'Wageningen'  9 12 1960    586.    2.3    2.3   0.72    2.1    1.7   -99.9
 'Wageningen' 10 12 1960     84.    0.7    2.6   0.63    2.4    1.8   -99.9
 'Wageningen' 11 12 1960    670.    0.8    3.2   0.55    2.0    0.0   -99.9
 'Wageningen' 12 12 1960   1465.    1.0    2.3   0.64    2.0    0.0   -99.9
 'Wageningen' 13 12 1960    670.    0.4    0.6   0.64    1.0    0.1   -99.9
 'Wageningen' 14 12 1960    670.   -0.2    1.3   0.59    2.8    3.6   -99.9
 'Wageningen' 15 12 1960   1382.   -2.8    2.4   0.64    1.6    0.0   -99.9
 'Wageningen' 16 12 1960    461.    0.2    2.5   0.67    0.8    0.0   -99.9
 'Wageningen' 17 12 1960    712.    1.1    1.4   0.60    0.9    0.0   -99.9
 'Wageningen' 18 12 1960    419.   -2.2    3.5   0.51    1.3    0.1   -99.9
 'Wageningen' 19 12 1960    419.   -2.6    6.0   0.70    1.3    0.6   -99.9
 'Wageningen' 20 12 1960   1130.    2.6    5.8   0.84    2.2    0.2   -99.9
 'Wageningen' 21 12 1960   1340.    3.8    6.2   0.76    0.9    0.5   -99.9
 'Wageningen' 22 12 1960   3056.    0.8    4.1   0.73    1.8    0.7   -99.9
 'Wageningen' 23 12 1960   1005.    0.4    4.6   0.70    3.0    0.1   -99.9
 'Wageningen' 24 12 1960   2428.    0.2    4.6   0.68    0.9    0.0   -99.9
 'Wageningen' 25 12 1960    419.    1.2    7.7   0.77    0.9    0.2   -99.9
 'Wageningen' 26 12 1960    335.    4.2    6.6   0.93    0.9    3.8   -99.9
 'Wageningen' 27 12 1960   2052.    2.1    4.5   0.72    0.9    0.0   -99.9
 'Wageningen' 28 12 1960   3308.   -2.2    2.9   0.67    2.1    0.3   -99.9
 'Wageningen' 29 12 1960   2386.   -1.2    4.1   0.64    3.0    0.0   -99.9
 'Wageningen' 30 12 1960   2847.   -1.1    5.2   0.69    2.1    5.9   -99.9
 'Wageningen' 31 12 1960   1005.    0.8    4.9   0.73    3.7    2.5   -99.9
