***************************************************************************
* File name: Wageni.968
* Contents: SWAP  3.0 - Meteo data of Wageningen weather station                
***************************************************************************     
* Comment area:                                                                 
*                                                                               
*                                                                               
***************************************************************************     
    Station   DD MM YYYY     RAD   Tmin   Tmax    HUM   WIND   RAIN   ETref     
*             nr nr   nr   kJ/m2      C      C    kPa    m/s     mm      mm     
 'Wageningen'  1  1 1968   1633.   -1.2    0.9   0.62    0.8    0.1   -99.9
 'Wageningen'  2  1 1968   1884.   -0.7    0.3   0.57    0.9    0.0   -99.9
 'Wageningen'  3  1 1968    712.   -1.7    2.8   0.60    2.0    2.1   -99.9
 'Wageningen'  4  1 1968   2428.    0.2    2.6   0.48    4.2    0.0   -99.9
 'Wageningen'  5  1 1968    879.   -0.4    8.6   0.63    2.7   23.0   -99.9
 'Wageningen'  6  1 1968   1717.   -0.3    2.6   0.52    1.6    0.7   -99.9
 'Wageningen'  7  1 1968   1633.   -0.3    1.2   0.45    1.7    0.5   -99.9
 'Wageningen'  8  1 1968   3056.   -5.8    2.3   0.60    1.9    0.1   -99.9
 'Wageningen'  9  1 1968   2889.   -6.2   -4.7   0.29    2.8    0.1   -99.9
 'Wageningen' 10  1 1968   2261.  -11.6    2.7   0.63    2.2    1.3   -99.9
 'Wageningen' 11  1 1968   3601.   -5.8    1.0   0.49    3.6    1.5   -99.9
 'Wageningen' 12  1 1968   3391.  -15.2   -5.9   0.30    0.2    0.1   -99.9
 'Wageningen' 13  1 1968   3559.  -19.2    4.8   0.28    1.4   11.2   -99.9
 'Wageningen' 14  1 1968    419.  -15.0   10.8   0.95    6.3    4.5   -99.9
 'Wageningen' 15  1 1968   3308.    3.9   10.1   0.80    8.9    0.0   -99.9
 'Wageningen' 16  1 1968    754.    3.1   10.0   1.00    2.9    2.6   -99.9
 'Wageningen' 17  1 1968   1926.    5.8    9.1   0.79    5.2    5.3   -99.9
 'Wageningen' 18  1 1968   2638.    5.4    7.2   0.80    4.3    1.5   -99.9
 'Wageningen' 19  1 1968    837.    5.5    7.7   1.02    0.9    0.0   -99.9
 'Wageningen' 20  1 1968   3768.    5.8    7.6   0.76    1.7    0.0   -99.9
 'Wageningen' 21  1 1968   3056.   -4.4    3.2   0.70    0.6    0.0   -99.9
 'Wageningen' 22  1 1968    879.   -2.6    2.9   0.71    0.4    0.0   -99.9
 'Wageningen' 23  1 1968   1172.   -0.5    3.0   0.57    2.5    0.3   -99.9
 'Wageningen' 24  1 1968   3517.   -0.8    5.3   0.60    3.9    3.4   -99.9
 'Wageningen' 25  1 1968   1047.    1.3    7.1   0.88    3.8    2.6   -99.9
 'Wageningen' 26  1 1968   2554.    2.9    6.3   0.68    4.1    3.3   -99.9
 'Wageningen' 27  1 1968   1424.    3.7    6.4   0.71    3.7    2.6   -99.9
 'Wageningen' 28  1 1968   2303.    5.3    6.8   0.81    2.8    0.4   -99.9
 'Wageningen' 29  1 1968   3308.    0.2    6.1   0.77    3.1    0.2   -99.9
 'Wageningen' 30  1 1968   1172.    1.0    7.1   0.85    4.2    0.6   -99.9
 'Wageningen' 31  1 1968   1842.    5.7    9.0   0.91    3.2    1.5   -99.9
 'Wageningen'  1  2 1968   1298.    2.6    5.2   0.73    3.5    1.6   -99.9
 'Wageningen'  2  2 1968   3140.    2.3    5.6   0.70    3.8    7.5   -99.9
 'Wageningen'  3  2 1968   1089.    0.5    2.7   0.67    2.1    0.0   -99.9
 'Wageningen'  4  2 1968   5066.   -1.4    4.9   0.62    1.9    0.1   -99.9
 'Wageningen'  5  2 1968   1675.   -1.2    3.5   0.58    5.3    4.6   -99.9
 'Wageningen'  6  2 1968   6364.    0.2    6.6   0.60    4.3    1.4   -99.9
 'Wageningen'  7  2 1968   2219.    1.3    6.5   0.71    3.7    2.7   -99.9
 'Wageningen'  8  2 1968   3936.    3.2    7.4   0.62    2.9    0.0   -99.9
 'Wageningen'  9  2 1968   1800.    1.3    3.9   0.67    2.0    5.5   -99.9
 'Wageningen' 10  2 1968   1340.    1.5    3.7   0.71    1.7    0.2   -99.9
 'Wageningen' 11  2 1968   2428.    0.5    3.6   0.56    1.5    0.0   -99.9
 'Wageningen' 12  2 1968   4857.    0.5    5.8   0.55    2.0    0.6   -99.9
 'Wageningen' 13  2 1968   1968.    0.6    7.2   0.88    1.5    0.0   -99.9
 'Wageningen' 14  2 1968   2428.    2.3    3.2   0.60    2.6    2.1   -99.9
 'Wageningen' 15  2 1968   3601.    1.0    3.9   0.47    2.8    0.2   -99.9
 'Wageningen' 16  2 1968   5359.   -2.8    3.8   0.57    1.7    0.2   -99.9
 'Wageningen' 17  2 1968   2135.   -2.2    2.0   0.64    1.5    0.6   -99.9
 'Wageningen' 18  2 1968   4605.   -0.5    5.7   0.42    1.2    0.0   -99.9
 'Wageningen' 19  2 1968   4605.   -2.4    4.1   0.53    0.8    0.0   -99.9
 'Wageningen' 20  2 1968   7871.   -1.8    6.5   0.49    1.4    0.0   -99.9
 'Wageningen' 21  2 1968   1842.   -1.8    3.7   0.60    1.9    7.1   -99.9
 'Wageningen' 22  2 1968   2010.   -0.3    0.6   0.55    1.9    0.1   -99.9
 'Wageningen' 23  2 1968   2010.   -0.3    0.2   0.57    4.3    0.0   -99.9
 'Wageningen' 24  2 1968   2219.   -1.6   -0.4   0.42    3.8    0.0   -99.9
 'Wageningen' 25  2 1968  10760.   -5.0    1.7   0.50    3.0    0.0   -99.9
 'Wageningen' 26  2 1968  10593.   -6.5    3.2   0.40    1.8    0.0   -99.9
 'Wageningen' 27  2 1968  10300.   -6.3    5.4   0.55    1.5    0.0   -99.9
 'Wageningen' 28  2 1968   4982.   -2.8    3.4   0.56    1.5    0.0   -99.9
 'Wageningen' 29  2 1968   2093.   -2.4    0.0   0.60    1.5    0.0   -99.9
 'Wageningen'  1  3 1968   6071.   -1.6    6.2   0.55    3.5    0.0   -99.9
 'Wageningen'  2  3 1968   9672.   -1.6    6.9   0.49    3.9    0.0   -99.9
 'Wageningen'  3  3 1968   7327.   -3.8    4.7   0.57    2.2    0.0   -99.9
 'Wageningen'  4  3 1968   2596.   -3.4    7.0   0.81    1.7    0.1   -99.9
 'Wageningen'  5  3 1968   3810.    1.7    7.9   0.72    4.2    5.1   -99.9
 'Wageningen'  6  3 1968   3810.    3.5    4.3   0.52    5.5    2.6   -99.9
 'Wageningen'  7  3 1968   2135.   -2.6    5.4   0.71    3.7    0.0   -99.9
 'Wageningen'  8  3 1968   7871.   -0.2    7.0   0.53    2.2    1.3   -99.9
 'Wageningen'  9  3 1968   6280.    1.2    7.4   0.65    3.2    0.2   -99.9
 'Wageningen' 10  3 1968   2596.    3.9    6.7   0.85    4.2    2.7   -99.9
 'Wageningen' 11  3 1968   5694.    1.2    5.7   0.64    3.6    0.6   -99.9
 'Wageningen' 12  3 1968   9295.   -3.6    5.6   0.47    0.9    0.0   -99.9
 'Wageningen' 13  3 1968   3266.   -0.2    6.0   0.71    4.3    3.2   -99.9
 'Wageningen' 14  3 1968   7411.    3.0    7.2   0.52    4.7    6.0   -99.9
 'Wageningen' 15  3 1968   5694.    2.0    6.6   0.56    4.0    1.4   -99.9
 'Wageningen' 16  3 1968   8667.    0.0    8.2   0.67    3.6    3.8   -99.9
 'Wageningen' 17  3 1968  11011.    3.2    8.6   0.52    8.7    0.0   -99.9
 'Wageningen' 18  3 1968   7159.    5.3    9.5   0.67    8.0    0.0   -99.9
 'Wageningen' 19  3 1968   7913.    2.7   10.4   0.84    4.6    0.2   -99.9
 'Wageningen' 20  3 1968   7243.    5.0   12.5   0.72    4.5    1.4   -99.9
 'Wageningen' 21  3 1968   3266.    2.6    9.7   0.88    3.8    2.0   -99.9
 'Wageningen' 22  3 1968   5903.    4.0    8.6   0.81    4.2    1.0   -99.9
 'Wageningen' 23  3 1968   2596.    2.3   12.8   1.13    4.4    0.0   -99.9
 'Wageningen' 24  3 1968  15701.    7.2   20.7   0.70    3.9    0.0   -99.9
 'Wageningen' 25  3 1968   6741.    9.4   14.4   0.77    1.9    0.0   -99.9
 'Wageningen' 26  3 1968  14068.    7.0   13.5   0.73    3.0    0.0   -99.9
 'Wageningen' 27  3 1968  14612.    4.0   15.7   0.53    2.7    0.0   -99.9
 'Wageningen' 28  3 1968  15575.    1.0   20.1   0.68    1.5    0.0   -99.9
 'Wageningen' 29  3 1968  15491.    8.3   24.4   0.83    2.0    0.0   -99.9
 'Wageningen' 30  3 1968  14905.    6.0   20.4   1.02    2.0    4.2   -99.9
 'Wageningen' 31  3 1968  11765.    5.3   12.0   0.67    2.9    0.0   -99.9
 'Wageningen'  1  4 1968   7871.    5.7   12.3   0.83    4.8    0.0   -99.9
 'Wageningen'  2  4 1968   5150.    7.0   14.4   0.77    4.7    3.5   -99.9
 'Wageningen'  3  4 1968  10844.   -0.7    7.2   0.45    5.3    3.6   -99.9
 'Wageningen'  4  4 1968   8122.   -0.2    9.0   0.75    3.2    2.2   -99.9
 'Wageningen'  5  4 1968  10216.    0.8    8.1   0.60    1.9    0.0   -99.9
 'Wageningen'  6  4 1968  11807.   -0.8    8.5   0.48    1.5    0.0   -99.9
 'Wageningen'  7  4 1968  12560.   -3.5    7.8   0.47    2.0    0.0   -99.9
 'Wageningen'  8  4 1968  12770.   -6.3    7.2   0.34    1.0    0.0   -99.9
 'Wageningen'  9  4 1968  17961.   -6.2   11.6   0.50    0.9    0.0   -99.9
 'Wageningen' 10  4 1968  16957.   -6.0   10.4   0.41    2.0    0.0   -99.9
 'Wageningen' 11  4 1968  15240.   -6.1    9.0   0.36    2.3    0.0   -99.9
 'Wageningen' 12  4 1968  13816.   -5.5    8.5   0.49    3.8    0.0   -99.9
 'Wageningen' 13  4 1968   7243.   -2.7   10.6   0.63    2.8    0.0   -99.9
 'Wageningen' 14  4 1968  18506.    2.1   15.1   0.70    3.2    0.0   -99.9
 'Wageningen' 15  4 1968  14151.    7.1   17.4   0.58    3.9    0.0   -99.9
 'Wageningen' 16  4 1968  15072.    7.8   21.6   0.68    4.7    1.1   -99.9
 'Wageningen' 17  4 1968  17501.   10.2   22.4   1.00    1.7    0.0   -99.9
 'Wageningen' 18  4 1968  17459.   10.1   24.5   1.31    2.2    0.0   -99.9
 'Wageningen' 19  4 1968  19008.   10.6   18.9   0.87    2.4    0.0   -99.9
 'Wageningen' 20  4 1968  16538.   11.3   26.8   1.22    2.4    0.0   -99.9
 'Wageningen' 21  4 1968  17878.   13.0   29.4   1.63    2.1    0.0   -99.9
 'Wageningen' 22  4 1968  13775.    8.6   23.7   1.20    1.4    0.4   -99.9
 'Wageningen' 23  4 1968   3559.    9.7   15.0   1.26    2.3    4.9   -99.9
 'Wageningen' 24  4 1968  14277.    4.7   16.5   0.91    0.7    0.1   -99.9
 'Wageningen' 25  4 1968  15449.    0.8   16.7   0.91    1.4    0.0   -99.9
 'Wageningen' 26  4 1968  22190.   -1.0   17.7   0.60    1.2    0.0   -99.9
 'Wageningen' 27  4 1968  19217.   -0.4   19.8   0.90    2.4    2.8   -99.9
 'Wageningen' 28  4 1968   6029.    9.8   14.8   1.02    2.0    0.9   -99.9
 'Wageningen' 29  4 1968   8876.    8.3   15.8   1.06    3.3    0.6   -99.9
 'Wageningen' 30  4 1968   9462.    6.1   15.4   0.88    2.2    3.4   -99.9
 'Wageningen'  1  5 1968   8876.    7.0   11.7   1.07    3.9    5.3   -99.9
 'Wageningen'  2  5 1968  16831.    6.8   15.3   1.03    2.3    0.0   -99.9
 'Wageningen'  3  5 1968  13481.    4.4   15.2   0.90    1.3    5.7   -99.9
 'Wageningen'  4  5 1968  10174.    9.3   16.5   1.20    2.5   15.3   -99.9
 'Wageningen'  5  5 1968   7159.    9.9   13.8   0.90    2.4    0.0   -99.9
 'Wageningen'  6  5 1968   7871.    4.7   12.1   0.68    1.5    1.3   -99.9
 'Wageningen'  7  5 1968  11556.    5.8   11.6   0.80    2.3    0.6   -99.9
 'Wageningen'  8  5 1968  15156.    5.7   12.7   0.73    1.8    0.0   -99.9
 'Wageningen'  9  5 1968  11179.    7.0   16.9   1.04    1.7    6.0   -99.9
 'Wageningen' 10  5 1968   8834.    9.7   13.6   0.98    3.6    7.3   -99.9
 'Wageningen' 11  5 1968   6531.    8.3   14.2   1.15    3.1    1.6   -99.9
 'Wageningen' 12  5 1968   9923.    5.1   12.2   1.00    1.7    1.0   -99.9
 'Wageningen' 13  5 1968   6908.    2.9   11.9   1.03    3.8   11.6   -99.9
 'Wageningen' 14  5 1968  18715.    9.3   14.2   0.79    2.2    0.2   -99.9
 'Wageningen' 15  5 1968   4899.    4.9   15.8   1.31    2.5    4.0   -99.9
 'Wageningen' 16  5 1968   7411.    9.4   13.7   1.13    3.0    0.4   -99.9
 'Wageningen' 17  5 1968  15282.    0.8   10.1   0.73    2.2    1.2   -99.9
 'Wageningen' 18  5 1968   9295.    1.1   11.0   0.99    1.8    5.9   -99.9
 'Wageningen' 19  5 1968  15659.    1.8   11.8   0.80    1.8    3.6   -99.9
 'Wageningen' 20  5 1968  10551.    1.7   11.3   0.77    1.1    0.4   -99.9
 'Wageningen' 21  5 1968   9002.    5.5   13.2   0.85    1.0    0.0   -99.9
 'Wageningen' 22  5 1968  14905.    7.5   16.8   0.76    1.8    0.0   -99.9
 'Wageningen' 23  5 1968  20725.   10.0   17.1   0.91    2.7    0.0   -99.9
 'Wageningen' 24  5 1968  19636.    8.7   18.4   0.92    3.4    0.0   -99.9
 'Wageningen' 25  5 1968  22106.    8.1   20.0   1.04    3.2    4.6   -99.9
 'Wageningen' 26  5 1968   2638.   10.9   14.8   1.38    1.4    9.6   -99.9
 'Wageningen' 27  5 1968  18882.   12.2   21.0   1.65    1.4    0.0   -99.9
 'Wageningen' 28  5 1968  16077.   12.7   19.7   1.75    2.8    0.0   -99.9
 'Wageningen' 29  5 1968   9923.   12.4   17.5   1.31    2.2    0.0   -99.9
 'Wageningen' 30  5 1968  25288.    9.4   20.8   0.80    3.1    0.0   -99.9
 'Wageningen' 31  5 1968  24786.    7.8   21.7   0.87    2.5    0.0   -99.9
 'Wageningen'  1  6 1968  15617.    6.0   22.8   0.95    2.4    0.0   -99.9
 'Wageningen'  2  6 1968  11681.    7.2   21.0   1.37    1.6    0.0   -99.9
 'Wageningen'  3  6 1968  13063.    9.1   21.8   1.49    1.1    0.1   -99.9
 'Wageningen'  4  6 1968   9755.   10.8   18.3   1.26    1.1    0.3   -99.9
 'Wageningen'  5  6 1968  10886.    9.0   19.3   1.58    2.1    0.8   -99.9
 'Wageningen'  6  6 1968   5945.    8.6   17.3   1.40    1.5    5.2   -99.9
 'Wageningen'  7  6 1968  10676.    7.0   17.1   1.06    1.4    0.1   -99.9
 'Wageningen'  8  6 1968   8834.    7.0   14.5   1.31    1.1    7.4   -99.9
 'Wageningen'  9  6 1968  18841.    6.7   16.0   0.99    2.1    0.1   -99.9
 'Wageningen' 10  6 1968  17459.    4.6   16.5   1.04    2.0    0.1   -99.9
 'Wageningen' 11  6 1968  15198.    3.8   20.5   1.29    1.7    0.0   -99.9
 'Wageningen' 12  6 1968  24786.    8.9   21.3   0.55    3.4    0.0   -99.9
 'Wageningen' 13  6 1968  19008.    9.5   23.5   1.20    3.3    0.0   -99.9
 'Wageningen' 14  6 1968  19929.   14.2   25.7   1.49    2.7    0.0   -99.9
 'Wageningen' 15  6 1968  21311.   12.2   25.2   1.47    1.8   18.3   -99.9
 'Wageningen' 16  6 1968  13272.   14.7   22.4   1.62    1.5    0.1   -99.9
 'Wageningen' 17  6 1968   5820.   14.0   18.6   1.62    1.3   15.7   -99.9
 'Wageningen' 18  6 1968  11137.    9.2   20.6   1.61    1.4    1.0   -99.9
 'Wageningen' 19  6 1968  18673.   13.8   25.0   1.63    1.2   13.8   -99.9
 'Wageningen' 20  6 1968  11095.   13.2   17.7   1.30    2.3    0.8   -99.9
 'Wageningen' 21  6 1968  11597.   10.1   16.4   1.31    3.2    4.4   -99.9
 'Wageningen' 22  6 1968  13481.   10.2   18.9   1.73    3.2    0.0   -99.9
 'Wageningen' 23  6 1968  11556.   13.0   20.4   1.62    2.4    3.0   -99.9
 'Wageningen' 24  6 1968  14612.   10.7   17.8   1.07    3.3    1.6   -99.9
 'Wageningen' 25  6 1968   9085.   13.5   21.7   1.56    3.4   18.7   -99.9
 'Wageningen' 26  6 1968  18841.   13.0   22.0   1.30    3.9    4.3   -99.9
 'Wageningen' 27  6 1968   6238.   13.3   19.2   1.73    3.8    6.7   -99.9
 'Wageningen' 28  6 1968   6448.   12.7   22.6   1.78    3.5    8.2   -99.9
 'Wageningen' 29  6 1968   5820.   13.8   19.2   1.54    1.1    3.2   -99.9
 'Wageningen' 30  6 1968  22399.   10.7   25.6   1.78    1.1    0.0   -99.9
 'Wageningen'  1  7 1968  20348.   14.7   29.8   1.96    2.8    0.0   -99.9
 'Wageningen'  2  7 1968  21060.   17.3   30.6   1.61    4.0    0.1   -99.9
 'Wageningen'  3  7 1968  17543.   13.8   19.3   1.06    3.0    0.0   -99.9
 'Wageningen'  4  7 1968  17459.    6.8   22.5   1.13    0.8    0.0   -99.9
 'Wageningen'  5  7 1968  20390.   11.4   24.0   1.38    1.6    4.0   -99.9
 'Wageningen'  6  7 1968   3224.   15.0   16.0   1.71    3.4    2.3   -99.9
 'Wageningen'  7  7 1968  20725.   10.0   21.5   1.25    1.8    0.5   -99.9
 'Wageningen'  8  7 1968  13063.   13.5   21.4   1.62    1.5    8.0   -99.9
 'Wageningen'  9  7 1968  16287.   12.7   21.3   1.65    1.8    0.7   -99.9
 'Wageningen' 10  7 1968   8667.   12.5   21.3   1.91    2.0   20.9   -99.9
 'Wageningen' 11  7 1968   8290.   13.2   19.1   1.16    5.1    4.8   -99.9
 'Wageningen' 12  7 1968  19510.    8.7   18.7   0.95    1.9    0.2   -99.9
 'Wageningen' 13  7 1968  13230.   12.8   19.6   1.39    1.8    1.2   -99.9
 'Wageningen' 14  7 1968  14696.   11.9   22.1   1.62    2.0    0.2   -99.9
 'Wageningen' 15  7 1968  13858.   14.0   18.2   1.38    2.5    8.9   -99.9
 'Wageningen' 16  7 1968   9002.   11.4   18.0   1.16    2.7    2.6   -99.9
 'Wageningen' 17  7 1968  20055.    8.9   20.8   1.13    1.3    0.2   -99.9
 'Wageningen' 18  7 1968  16077.    8.8   20.7   1.31    1.4    2.4   -99.9
 'Wageningen' 19  7 1968  11179.   12.7   16.3   1.25    1.7    0.0   -99.9
 'Wageningen' 20  7 1968  17124.    8.9   17.5   1.15    2.3    0.3   -99.9
 'Wageningen' 21  7 1968  14612.    9.3   18.8   1.58    2.7    0.1   -99.9
 'Wageningen' 22  7 1968   9504.   10.1   16.9   1.43    1.4    8.9   -99.9
 'Wageningen' 23  7 1968   5317.   13.6   17.2   1.61    1.4    5.2   -99.9
 'Wageningen' 24  7 1968  17920.   12.4   19.6   1.49    2.5    0.2   -99.9
 'Wageningen' 25  7 1968   8834.    9.6   16.7   1.31    2.5    0.1   -99.9
 'Wageningen' 26  7 1968  16287.   11.7   19.7   1.47    2.7    0.1   -99.9
 'Wageningen' 27  7 1968  16077.   11.6   21.3   1.54    2.0    0.0   -99.9
 'Wageningen' 28  7 1968  11514.    9.8   19.7   1.54    1.8    0.0   -99.9
 'Wageningen' 29  7 1968  16705.   10.8   22.3   1.58    2.0    0.0   -99.9
 'Wageningen' 30  7 1968  19845.   12.0   25.3   1.42    2.1    0.0   -99.9
 'Wageningen' 31  7 1968  15198.   15.1   28.0   1.16    2.0    0.8   -99.9
 'Wageningen'  1  8 1968  14654.   16.7   24.1   1.87    1.3    0.0   -99.9
 'Wageningen'  2  8 1968   6322.   15.0   19.2   1.53    1.2    0.0   -99.9
 'Wageningen'  3  8 1968   4396.   14.4   19.2   1.89    1.2    7.2   -99.9
 'Wageningen'  4  8 1968   4689.   14.6   18.8   1.73    1.1    3.1   -99.9
 'Wageningen'  5  8 1968  13942.   14.6   25.3   1.93    1.6   12.5   -99.9
 'Wageningen'  6  8 1968   6741.   15.3   22.7   1.87    1.7    2.4   -99.9
 'Wageningen'  7  8 1968   7955.   15.1   19.8   1.68    2.2    0.9   -99.9
 'Wageningen'  8  8 1968  13523.   14.2   23.7   1.63    1.1   20.4   -99.9
 'Wageningen'  9  8 1968  15491.   15.5   26.6   1.67    1.0    0.0   -99.9
 'Wageningen' 10  8 1968  12812.   13.1   25.7   1.75    1.2    7.0   -99.9
 'Wageningen' 11  8 1968  16119.   11.5   19.7   1.30    1.1    0.0   -99.9
 'Wageningen' 12  8 1968  15491.   13.0   19.7   1.32    1.2    0.0   -99.9
 'Wageningen' 13  8 1968   8122.   11.3   19.1   1.68    2.2    6.9   -99.9
 'Wageningen' 14  8 1968   4940.   12.2   16.6   1.53    3.5    2.3   -99.9
 'Wageningen' 15  8 1968  12979.   10.8   17.8   0.98    2.1    1.3   -99.9
 'Wageningen' 16  8 1968   9504.   12.0   18.0   1.26    3.2    8.2   -99.9
 'Wageningen' 17  8 1968  10886.   13.0   18.2   1.26    3.8    7.9   -99.9
 'Wageningen' 18  8 1968   5945.   10.2   15.2   1.27    2.3    6.9   -99.9
 'Wageningen' 19  8 1968  14989.    7.5   17.3   1.07    1.8    1.4   -99.9
 'Wageningen' 20  8 1968   9295.   11.7   19.2   1.57    1.7    2.4   -99.9
 'Wageningen' 21  8 1968  13188.   12.6   23.5   1.88    1.0    0.1   -99.9
 'Wageningen' 22  8 1968  12895.   11.7   25.3   1.84    0.7    0.0   -99.9
 'Wageningen' 23  8 1968  18045.   12.2   22.5   1.42    2.0    0.0   -99.9
 'Wageningen' 24  8 1968  16831.    9.0   25.4   1.91    1.6    0.0   -99.9
 'Wageningen' 25  8 1968  13691.   14.0   26.0   1.98    2.0    0.0   -99.9
 'Wageningen' 26  8 1968  16705.   13.0   26.9   1.66    2.7    0.0   -99.9
 'Wageningen' 27  8 1968  10048.   15.0   20.0   1.58    2.3    0.0   -99.9
 'Wageningen' 28  8 1968  13147.   14.0   23.1   1.54    1.4    7.5   -99.9
 'Wageningen' 29  8 1968   4312.   16.8   20.3   1.84    0.9    0.8   -99.9
 'Wageningen' 30  8 1968   8248.   14.7   21.5   2.01    1.8   13.1   -99.9
 'Wageningen' 31  8 1968  11137.   13.5   18.6   1.37    3.2    0.0   -99.9
 'Wageningen'  1  9 1968  11807.   12.3   20.2   1.25    1.6    0.0   -99.9
 'Wageningen'  2  9 1968   6531.   13.3   21.3   1.87    1.9   21.0   -99.9
 'Wageningen'  3  9 1968   6908.   15.2   20.7   1.61    1.2   15.5   -99.9
 'Wageningen'  4  9 1968   7285.   13.0   18.7   1.52    0.6    5.2   -99.9
 'Wageningen'  5  9 1968   8750.   10.9   19.3   1.40    0.8    0.0   -99.9
 'Wageningen'  6  9 1968  10760.    8.1   21.2   1.42    0.6    0.0   -99.9
 'Wageningen'  7  9 1968  12519.    7.4   20.2   1.42    0.9    0.0   -99.9
 'Wageningen'  8  9 1968  12686.   12.1   21.2   1.34    0.4    0.0   -99.9
 'Wageningen'  9  9 1968  12225.    8.2   23.4   1.72    1.1    0.0   -99.9
 'Wageningen' 10  9 1968  14068.   14.0   24.4   1.61    3.1    0.0   -99.9
 'Wageningen' 11  9 1968  11597.   14.9   22.7   1.73    3.0    8.8   -99.9
 'Wageningen' 12  9 1968  10593.   12.7   19.2   1.47    1.8    0.0   -99.9
 'Wageningen' 13  9 1968   6824.   12.3   19.2   1.57    1.0    0.2   -99.9
 'Wageningen' 14  9 1968   7955.    7.7   19.7   1.54    0.8    0.1   -99.9
 'Wageningen' 15  9 1968   1884.   12.4   15.2   1.56    1.3    7.3   -99.9
 'Wageningen' 16  9 1968   8290.   11.2   18.4   1.32    1.0    3.2   -99.9
 'Wageningen' 17  9 1968   3852.    9.9   14.2   1.26    1.3    0.1   -99.9
 'Wageningen' 18  9 1968   3098.    9.6   13.6   1.43    0.6    0.9   -99.9
 'Wageningen' 19  9 1968  10258.    6.6   18.2   1.00    0.5    1.4   -99.9
 'Wageningen' 20  9 1968   4647.    7.8   18.3   1.31    3.3    1.0   -99.9
 'Wageningen' 21  9 1968  11514.   12.0   18.0   1.34    4.5    0.5   -99.9
 'Wageningen' 22  9 1968   5987.   11.5   17.3   1.37    3.8    5.2   -99.9
 'Wageningen' 23  9 1968   6322.   11.8   17.0   1.27    3.8   16.9   -99.9
 'Wageningen' 24  9 1968   9337.   11.2   15.8   1.23    3.9    0.2   -99.9
 'Wageningen' 25  9 1968   6113.    7.8   15.4   0.95    1.3    0.8   -99.9
 'Wageningen' 26  9 1968   2219.   10.7   16.3   1.34    2.5   21.6   -99.9
 'Wageningen' 27  9 1968   8583.   13.0   22.0   1.78    2.8   14.5   -99.9
 'Wageningen' 28  9 1968   7369.   12.1   17.2   1.20    2.5    0.0   -99.9
 'Wageningen' 29  9 1968   3852.   10.8   14.2   1.32    2.8   12.6   -99.9
 'Wageningen' 30  9 1968   4312.   10.7   14.0   1.23    3.6    8.7   -99.9
 'Wageningen'  1 10 1968   3726.    8.0   14.1   1.19    1.8    8.7   -99.9
 'Wageningen'  2 10 1968   1675.   11.0   15.2   1.54    3.0    6.1   -99.9
 'Wageningen'  3 10 1968   1298.   13.1   16.1   1.67    1.4    0.7   -99.9
 'Wageningen'  4 10 1968   1926.   13.7   17.1   1.78    1.2    0.7   -99.9
 'Wageningen'  5 10 1968   4271.   15.0   19.0   1.61    0.2    0.0   -99.9
 'Wageningen'  6 10 1968   3768.   13.1   17.4   1.46    1.9    0.2   -99.9
 'Wageningen'  7 10 1968   8876.    9.1   16.0   1.26    2.0    1.6   -99.9
 'Wageningen'  8 10 1968   2135.    7.3   14.7   1.38    2.2    2.3   -99.9
 'Wageningen'  9 10 1968   2596.   10.2   15.4   1.50    2.5    6.3   -99.9
 'Wageningen' 10 10 1968   1507.    9.2   16.1   1.61    2.1    2.7   -99.9
 'Wageningen' 11 10 1968   4061.   12.3   17.5   1.38    3.1    6.7   -99.9
 'Wageningen' 12 10 1968   1424.   12.9   17.4   1.67    3.8   18.4   -99.9
 'Wageningen' 13 10 1968   5820.   11.4   16.5   1.22    4.3    0.0   -99.9
 'Wageningen' 14 10 1968   7076.   11.3   15.6   0.98    2.3    0.0   -99.9
 'Wageningen' 15 10 1968   5150.    6.8   14.7   1.08    1.1    3.7   -99.9
 'Wageningen' 16 10 1968   3810.    7.2   13.0   1.16    2.7    2.1   -99.9
 'Wageningen' 17 10 1968   3308.    7.7   14.0   1.15    3.0    4.8   -99.9
 'Wageningen' 18 10 1968   4689.    6.9   13.5   0.99    0.2    0.1   -99.9
 'Wageningen' 19 10 1968   7997.    2.1   13.6   0.90    2.1    0.0   -99.9
 'Wageningen' 20 10 1968   7704.    5.0   15.3   1.11    2.3    0.0   -99.9
 'Wageningen' 21 10 1968   6950.    5.7   15.7   1.16    1.6    0.0   -99.9
 'Wageningen' 22 10 1968   6908.    6.2   15.6   1.27    0.9    0.0   -99.9
 'Wageningen' 23 10 1968   3810.    6.5   13.9   1.18    0.2    0.1   -99.9
 'Wageningen' 24 10 1968   3726.    2.1   12.1   1.16    1.3    0.1   -99.9
 'Wageningen' 25 10 1968   4731.    5.6   13.3   1.13    1.9    0.2   -99.9
 'Wageningen' 26 10 1968    795.    5.3    9.7   1.11    1.3    0.3   -99.9
 'Wageningen' 27 10 1968   3056.    7.2    9.3   0.92    2.1    0.1   -99.9
 'Wageningen' 28 10 1968   5443.    4.1   15.8   1.13    2.7   10.0   -99.9
 'Wageningen' 29 10 1968   5234.    6.3   15.3   1.11    4.2    0.0   -99.9
 'Wageningen' 30 10 1968   4019.    9.0   16.5   1.46    2.0    0.1   -99.9
 'Wageningen' 31 10 1968   4647.    9.7   20.2   1.39    3.0    0.3   -99.9
 'Wageningen'  1 11 1968   1382.   12.6   17.2   1.54    2.3    5.4   -99.9
 'Wageningen'  2 11 1968   4061.   13.7   16.6   1.27    2.0    3.4   -99.9
 'Wageningen'  3 11 1968    502.   12.0   12.6   1.25    2.8   12.5   -99.9
 'Wageningen'  4 11 1968   4522.    7.0    9.9   0.72    2.0    0.3   -99.9
 'Wageningen'  5 11 1968   2889.    3.8    7.9   0.55    1.9    0.3   -99.9
 'Wageningen'  6 11 1968   1717.    2.3    5.0   0.73    3.4    3.5   -99.9
 'Wageningen'  7 11 1968   1549.    2.7    2.9   0.63    2.8    0.1   -99.9
 'Wageningen'  8 11 1968    963.    1.4    4.2   0.67    1.8    0.0   -99.9
 'Wageningen'  9 11 1968   2763.    1.3    7.5   0.87    1.7    0.0   -99.9
 'Wageningen' 10 11 1968   2931.    1.2    6.1   0.73    2.2    0.1   -99.9
 'Wageningen' 11 11 1968   2135.   -0.2    4.5   0.73    1.6    0.0   -99.9
 'Wageningen' 12 11 1968   3308.    1.8    7.1   0.75    2.7    0.0   -99.9
 'Wageningen' 13 11 1968   4899.    3.2    7.3   0.62    4.9    0.0   -99.9
 'Wageningen' 14 11 1968   4689.    2.3    3.3   0.49    5.0    0.0   -99.9
 'Wageningen' 15 11 1968   4187.   -5.3   -0.3   0.34    3.5    0.0   -99.9
 'Wageningen' 16 11 1968   3684.   -5.3    2.2   0.36    3.0    0.0   -99.9
 'Wageningen' 17 11 1968    712.   -4.2    3.3   0.70    2.4    0.2   -99.9
 'Wageningen' 18 11 1968    754.    2.2    4.7   0.79    0.7    0.6   -99.9
 'Wageningen' 19 11 1968   1800.    2.6    5.8   0.77    0.4    1.8   -99.9
 'Wageningen' 20 11 1968    502.    4.1    5.5   0.87    1.1    0.3   -99.9
 'Wageningen' 21 11 1968   1507.    4.6    7.0   0.85    1.2    0.0   -99.9
 'Wageningen' 22 11 1968   1884.    2.4    4.7   0.62    3.0    0.2   -99.9
 'Wageningen' 23 11 1968    712.    2.4   10.7   0.99    2.8   16.6   -99.9
 'Wageningen' 24 11 1968   3852.    4.3   10.6   0.98    3.5    0.6   -99.9
 'Wageningen' 25 11 1968   1884.    2.2    8.9   0.92    1.7    0.6   -99.9
 'Wageningen' 26 11 1968   2177.    2.2   12.4   1.15    2.3    0.0   -99.9
 'Wageningen' 27 11 1968   2135.    7.2   10.7   0.85    2.3    0.0   -99.9
 'Wageningen' 28 11 1968   3391.    4.3   10.4   0.87    1.3    0.2   -99.9
 'Wageningen' 29 11 1968    712.   -1.3    6.4   0.75    0.3    0.7   -99.9
 'Wageningen' 30 11 1968    963.    0.8    7.0   0.88    1.4    0.0   -99.9
 'Wageningen'  1 12 1968   1465.    4.0    6.9   0.83    1.9    0.0   -99.9
 'Wageningen'  2 12 1968    628.    0.7    2.6   0.70    2.7    0.0   -99.9
 'Wageningen'  3 12 1968    293.    0.8    2.0   0.60    1.7    0.0   -99.9
 'Wageningen'  4 12 1968    293.    0.5    2.0   0.50    1.2    0.0   -99.9
 'Wageningen'  5 12 1968    712.    0.7    2.6   0.68    2.0    0.0   -99.9
 'Wageningen'  6 12 1968    419.    1.5    2.2   0.50    2.5    0.0   -99.9
 'Wageningen'  7 12 1968    377.   -0.9   -0.3   0.56    2.3    0.0   -99.9
 'Wageningen'  8 12 1968    712.   -2.3   -0.7   0.41    2.2    0.0   -99.9
 'Wageningen'  9 12 1968    712.   -2.9    0.4   0.42    2.6    0.0   -99.9
 'Wageningen' 10 12 1968    251.   -1.2    0.7   0.44    2.0    0.0   -99.9
 'Wageningen' 11 12 1968   3014.   -8.0   -1.3   0.32    0.5    0.0   -99.9
 'Wageningen' 12 12 1968   2931.  -11.2   -2.9   0.34    0.3    0.0   -99.9
 'Wageningen' 13 12 1968   2596.  -10.8   -1.7   0.36    0.9    0.0   -99.9
 'Wageningen' 14 12 1968   2303.   -7.8   -1.8   0.33    2.0    0.2   -99.9
 'Wageningen' 15 12 1968   1800.   -6.1    2.3   0.47    3.1    0.0   -99.9
 'Wageningen' 16 12 1968   1382.   -3.6    3.7   0.68    3.6    1.9   -99.9
 'Wageningen' 17 12 1968   2219.   -0.4    3.8   0.63    2.7    1.8   -99.9
 'Wageningen' 18 12 1968    502.    0.0    1.7   0.63    2.2    1.4   -99.9
 'Wageningen' 19 12 1968   2638.   -1.8    0.3   0.58    0.7    0.0   -99.9
 'Wageningen' 20 12 1968   2219.   -2.9    7.0   0.57    3.5    8.6   -99.9
 'Wageningen' 21 12 1968    879.   -1.7    8.0   0.96    2.2    0.6   -99.9
 'Wageningen' 22 12 1968    879.    0.0   10.2   1.02    3.8    6.6   -99.9
 'Wageningen' 23 12 1968   1089.    4.4    7.6   0.81    5.4    0.6   -99.9
 'Wageningen' 24 12 1968   2177.    0.9    5.9   0.72    3.6    0.5   -99.9
 'Wageningen' 25 12 1968   1633.    1.6    4.3   0.55    1.8    0.7   -99.9
 'Wageningen' 26 12 1968   2470.   -1.5    2.7   0.60    1.9    0.5   -99.9
 'Wageningen' 27 12 1968   2596.   -4.1    1.1   0.57    2.1    0.8   -99.9
 'Wageningen' 28 12 1968   2345.   -6.2   -0.3   0.48    1.2    0.7   -99.9
 'Wageningen' 29 12 1968   1340.   -6.2   -1.3   0.52    0.5    0.0   -99.9
 'Wageningen' 30 12 1968   3056.   -6.4   -3.8   0.30    0.4    0.5   -99.9
 'Wageningen' 31 12 1968   1256.   -7.9    1.3   0.63    1.6    1.6   -99.9
