***************************************************************************
* File name: Wageni.978
* Contents: SWAP  3.0 - Meteo data of Wageningen weather station                
***************************************************************************     
* Comment area:                                                                 
*                                                                               
*                                                                               
***************************************************************************     
    Station   DD MM YYYY     RAD   Tmin   Tmax    HUM   WIND   RAIN   ETref     
*             nr nr   nr   kJ/m2      C      C    kPa    m/s     mm      mm     
 'Wageningen'  1  1 1978    900.    2.6    7.7   0.82    3.1    0.0   -99.9
 'Wageningen'  2  1 1978    530.    1.5    6.5   0.73    3.3    1.9   -99.9
 'Wageningen'  3  1 1978    310.    0.6    6.5   0.65    6.8    9.0   -99.9
 'Wageningen'  4  1 1978   2070.   -1.7    2.6   0.55    2.6    2.0   -99.9
 'Wageningen'  5  1 1978   2020.   -6.3    1.9   0.47    2.5    0.0   -99.9
 'Wageningen'  6  1 1978    630.    1.7    5.3   0.71    3.1    0.0   -99.9
 'Wageningen'  7  1 1978   2900.    0.7    4.3   0.62    1.8    0.0   -99.9
 'Wageningen'  8  1 1978   3190.   -2.2    1.6   0.59    1.2    0.1   -99.9
 'Wageningen'  9  1 1978    730.    1.2    6.3   0.74    3.3    4.3   -99.9
 'Wageningen' 10  1 1978   3530.    2.8    5.5   0.69    5.5    7.0   -99.9
 'Wageningen' 11  1 1978    360.    3.5    5.0   0.75    4.0   14.5   -99.9
 'Wageningen' 12  1 1978    310.    0.6    3.5   0.64    4.0    1.4   -99.9
 'Wageningen' 13  1 1978   2760.   -2.1    2.1   0.53    1.7    0.7   -99.9
 'Wageningen' 14  1 1978   1230.    0.3    6.9   0.80    1.5    0.3   -99.9
 'Wageningen' 15  1 1978   4210.    0.6    5.0   0.59    2.5    0.0   -99.9
 'Wageningen' 16  1 1978   1890.    1.8    3.7   0.62    2.5    0.1   -99.9
 'Wageningen' 17  1 1978   2410.    2.8    6.6   0.68    1.9    0.0   -99.9
 'Wageningen' 18  1 1978   1620.   -1.4    4.8   0.62    0.8    0.2   -99.9
 'Wageningen' 19  1 1978   2850.   -1.7    4.0   0.59    4.2    0.9   -99.9
 'Wageningen' 20  1 1978   1470.    1.5    4.6   0.66    2.5    0.0   -99.9
 'Wageningen' 21  1 1978   1260.    0.0    3.5   0.65    2.2    0.0   -99.9
 'Wageningen' 22  1 1978   4870.   -0.5    2.7   0.52    3.4    0.5   -99.9
 'Wageningen' 23  1 1978   4980.    0.2    4.7   0.62    3.8    7.7   -99.9
 'Wageningen' 24  1 1978   1830.    2.9    8.0   0.80    5.7    1.7   -99.9
 'Wageningen' 25  1 1978    980.    2.7    5.0   0.69    6.0    4.1   -99.9
 'Wageningen' 26  1 1978   3160.    0.7    5.0   0.65    2.9    1.2   -99.9
 'Wageningen' 27  1 1978   2640.    1.3    4.9   0.66    4.8    0.0   -99.9
 'Wageningen' 28  1 1978   1270.    3.2    6.1   0.66    6.0    0.6   -99.9
 'Wageningen' 29  1 1978    990.    3.0    4.9   0.70    3.1    2.3   -99.9
 'Wageningen' 30  1 1978   2980.   -0.6    5.5   0.68    2.1    1.2   -99.9
 'Wageningen' 31  1 1978   4740.   -1.0    4.1   0.55    2.6    1.8   -99.9
 'Wageningen'  1  2 1978   1090.    0.2    2.8   0.61    3.9    9.2   -99.9
 'Wageningen'  2  2 1978    850.    0.3    1.0   0.59    2.7    0.0   -99.9
 'Wageningen'  3  2 1978   4740.   -0.7    4.1   0.58    1.4    0.7   -99.9
 'Wageningen'  4  2 1978   2930.    0.0    3.5   0.57    2.1    0.0   -99.9
 'Wageningen'  5  2 1978    800.    0.1    3.0   0.59    3.5   17.1   -99.9
 'Wageningen'  6  2 1978   2060.    2.5    5.0   0.75    0.8    6.6   -99.9
 'Wageningen'  7  2 1978    210.   -2.9    3.8   0.58    1.8    5.4   -99.9
 'Wageningen'  8  2 1978   4590.   -4.1   -0.5   0.42    2.8    0.0   -99.9
 'Wageningen'  9  2 1978   4880.   -5.7   -2.0   0.37    3.1    0.0   -99.9
 'Wageningen' 10  2 1978   5190.   -7.2   -2.7   0.33    3.6    0.0   -99.9
 'Wageningen' 11  2 1978   2100.   -4.5   -3.5   0.38    2.5    0.6   -99.9
 'Wageningen' 12  2 1978   6410.   -4.4    1.0   0.43    2.9    0.0   -99.9
 'Wageningen' 13  2 1978   5530.   -4.6    0.5   0.46    2.3    0.9   -99.9
 'Wageningen' 14  2 1978   2880.   -7.5    1.1   0.52    2.6    0.8   -99.9
 'Wageningen' 15  2 1978   6330.   -9.0   -1.2   0.43    1.3    0.0   -99.9
 'Wageningen' 16  2 1978   8030.   -7.2    0.4   0.35    2.3    0.0   -99.9
 'Wageningen' 17  2 1978   8190.  -12.2   -1.0   0.31    1.5    0.0   -99.9
 'Wageningen' 18  2 1978   8590.  -12.0    3.2   0.39    0.5    0.0   -99.9
 'Wageningen' 19  2 1978   7860.   -6.6   -1.5   0.33    3.4    0.0   -99.9
 'Wageningen' 20  2 1978  10110.   -9.0   -0.1   0.27    3.3    0.0   -99.9
 'Wageningen' 21  2 1978   5280.   -6.6    2.1   0.45    3.1    0.9   -99.9
 'Wageningen' 22  2 1978   1800.    2.3    5.3   0.76    2.2    0.1   -99.9
 'Wageningen' 23  2 1978   2000.    3.4    8.0   0.75    4.0    1.0   -99.9
 'Wageningen' 24  2 1978   5820.    5.0   12.7   0.96    2.2    0.2   -99.9
 'Wageningen' 25  2 1978   4720.    5.5   14.0   1.01    3.8    0.2   -99.9
 'Wageningen' 26  2 1978  10210.    6.1   14.9   0.86    4.1    0.0   -99.9
 'Wageningen' 27  2 1978   5650.    7.1   13.9   0.98    3.0    6.0   -99.9
 'Wageningen' 28  2 1978   6410.    3.9   11.5   0.91    2.1    0.0   -99.9
 'Wageningen'  1  3 1978   9420.    5.3   14.8   0.91    3.0    0.0   -99.9
 'Wageningen'  2  3 1978   8260.    5.9   11.1   0.83    3.2    5.0   -99.9
 'Wageningen'  3  3 1978   1910.   -1.3    8.4   0.85    3.3    0.8   -99.9
 'Wageningen'  4  3 1978   4070.   -1.4    8.1   0.75    2.0    0.6   -99.9
 'Wageningen'  5  3 1978  10530.   -1.7    7.5   0.63    3.4    0.0   -99.9
 'Wageningen'  6  3 1978   8070.   -3.0    6.7   0.59    0.6    0.1   -99.9
 'Wageningen'  7  3 1978   7340.   -2.9    8.0   0.66    1.8    0.0   -99.9
 'Wageningen'  8  3 1978   2400.    1.9    8.8   0.76    4.2    4.0   -99.9
 'Wageningen'  9  3 1978  10860.    1.1   11.5   0.68    2.3    0.3   -99.9
 'Wageningen' 10  3 1978   3900.    6.0   10.2   0.97    2.3    0.0   -99.9
 'Wageningen' 11  3 1978   2800.    7.9   11.6   1.13    1.7    0.6   -99.9
 'Wageningen' 12  3 1978   3690.    7.6   13.4   1.10    2.8    2.8   -99.9
 'Wageningen' 13  3 1978   8350.    3.2    9.8   0.80    4.5    3.2   -99.9
 'Wageningen' 14  3 1978   2620.    5.7    8.6   0.79    6.1    2.8   -99.9
 'Wageningen' 15  3 1978   6300.    5.3   10.0   0.80    7.1    5.8   -99.9
 'Wageningen' 16  3 1978   5470.    1.0    7.8   0.70    6.2    5.4   -99.9
 'Wageningen' 17  3 1978   7720.   -1.7    5.0   0.57    2.6    0.4   -99.9
 'Wageningen' 18  3 1978   7960.   -0.8    5.9   0.60    3.6    0.6   -99.9
 'Wageningen' 19  3 1978   4490.    1.9    8.0   0.75    3.9   15.0   -99.9
 'Wageningen' 20  3 1978   9340.    3.5    8.0   0.69    4.7    3.7   -99.9
 'Wageningen' 21  3 1978   3510.    0.2    4.0   0.67    2.8    6.7   -99.9
 'Wageningen' 22  3 1978  10960.    0.2    8.6   0.72    4.4    2.9   -99.9
 'Wageningen' 23  3 1978  11930.    3.4    8.3   0.69    6.9    4.5   -99.9
 'Wageningen' 24  3 1978  11450.    2.2    8.6   0.68    3.2    1.9   -99.9
 'Wageningen' 25  3 1978   6580.    2.6   11.5   0.83    5.6    8.3   -99.9
 'Wageningen' 26  3 1978  10060.    3.5    7.5   0.59    6.7    0.9   -99.9
 'Wageningen' 27  3 1978   2340.    4.2   10.9   0.96    4.8    2.0   -99.9
 'Wageningen' 28  3 1978   4640.    5.6   13.9   1.01    3.1    0.6   -99.9
 'Wageningen' 29  3 1978   9120.    6.0   13.9   0.86    2.8    0.0   -99.9
 'Wageningen' 30  3 1978   2280.    4.5    8.2   0.92    0.8    3.4   -99.9
 'Wageningen' 31  3 1978   3840.    5.4    9.4   0.89    1.4    0.3   -99.9
 'Wageningen'  1  4 1978  13740.    1.0   14.2   0.86    2.6    0.0   -99.9
 'Wageningen'  2  4 1978  15410.   -0.2   14.5   0.92    1.9    0.0   -99.9
 'Wageningen'  3  4 1978  10810.    6.8   11.0   0.92    2.8    0.0   -99.9
 'Wageningen'  4  4 1978   5830.    4.5    8.6   0.84    3.1    0.0   -99.9
 'Wageningen'  5  4 1978  18650.    2.5   10.0   0.57    4.0    0.0   -99.9
 'Wageningen'  6  4 1978  20920.   -1.2    9.4   0.42    3.4    0.0   -99.9
 'Wageningen'  7  4 1978  20210.   -1.1   11.3   0.55    3.1    0.0   -99.9
 'Wageningen'  8  4 1978   6130.   -1.0   10.0   0.72    1.5    0.1   -99.9
 'Wageningen'  9  4 1978  16730.   -3.8   13.5   0.71    1.3    0.0   -99.9
 'Wageningen' 10  4 1978   5240.    2.6    7.3   0.78    1.7    4.0   -99.9
 'Wageningen' 11  4 1978  10040.   -0.4    5.1   0.62    3.9    0.9   -99.9
 'Wageningen' 12  4 1978  15870.   -1.0    8.1   0.59    3.9    4.5   -99.9
 'Wageningen' 13  4 1978   8130.    2.0    7.5   0.66    1.4    0.9   -99.9
 'Wageningen' 14  4 1978   8500.   -1.5    6.6   0.63    2.8    0.5   -99.9
 'Wageningen' 15  4 1978  16570.   -3.4    9.0   0.54    1.9    0.2   -99.9
 'Wageningen' 16  4 1978  15610.   -1.5    7.7   0.63    1.8    2.0   -99.9
 'Wageningen' 17  4 1978  15200.   -4.8   10.0   0.54    0.6    0.0   -99.9
 'Wageningen' 18  4 1978  19630.    2.4   13.7   0.55    3.0    0.0   -99.9
 'Wageningen' 19  4 1978  16190.    3.6   15.6   0.80    2.6    0.0   -99.9
 'Wageningen' 20  4 1978  14410.    3.0   15.9   0.97    2.5    3.4   -99.9
 'Wageningen' 21  4 1978  15560.    4.8   14.2   0.88    1.9    0.1   -99.9
 'Wageningen' 22  4 1978  20110.    3.5   14.9   0.80    1.1    0.0   -99.9
 'Wageningen' 23  4 1978  21710.    0.7   16.5   0.81    1.9    0.0   -99.9
 'Wageningen' 24  4 1978  17840.    0.8   16.5   0.90    1.8    0.0   -99.9
 'Wageningen' 25  4 1978  21870.    4.0   13.4   0.65    2.5    0.0   -99.9
 'Wageningen' 26  4 1978  16810.    2.9   16.9   0.82    2.9    3.4   -99.9
 'Wageningen' 27  4 1978  11740.    4.8   15.4   0.91    2.3    3.4   -99.9
 'Wageningen' 28  4 1978  17570.    3.9   14.5   0.87    1.7    6.3   -99.9
 'Wageningen' 29  4 1978  22350.    4.9   16.8   0.84    1.4    4.8   -99.9
 'Wageningen' 30  4 1978  12950.   10.0   17.7   1.21    1.7    0.1   -99.9
 'Wageningen'  1  5 1978  12460.    7.5   19.5   1.23    1.4    2.8   -99.9
 'Wageningen'  2  5 1978  10890.    9.0   14.7   1.07    2.0    0.9   -99.9
 'Wageningen'  3  5 1978   4720.    3.0   11.8   1.07    1.7    0.2   -99.9
 'Wageningen'  4  5 1978  18370.    1.1   19.2   0.96    0.8    0.0   -99.9
 'Wageningen'  5  5 1978  15180.    7.0   22.0   1.30    2.0    7.8   -99.9
 'Wageningen'  6  5 1978   7640.   12.1   17.3   1.46    1.1   14.0   -99.9
 'Wageningen'  7  5 1978   4330.    8.8   14.7   1.29    1.8    0.1   -99.9
 'Wageningen'  8  5 1978   7310.    9.4   14.8   1.15    0.9    0.0   -99.9
 'Wageningen'  9  5 1978  25910.    5.5   19.0   0.88    2.4    0.0   -99.9
 'Wageningen' 10  5 1978  19930.    4.0   14.5   0.99    2.4    0.0   -99.9
 'Wageningen' 11  5 1978  22600.    2.7   12.1   0.62    1.9    4.3   -99.9
 'Wageningen' 12  5 1978   5330.    3.8   10.5   0.83    3.8    0.6   -99.9
 'Wageningen' 13  5 1978  18150.    1.7   11.5   0.76    1.2    0.0   -99.9
 'Wageningen' 14  5 1978  19680.    6.1   14.5   0.91    1.5    0.4   -99.9
 'Wageningen' 15  5 1978   9430.    4.2   12.9   1.03    1.1    0.6   -99.9
 'Wageningen' 16  5 1978  19740.    2.4   16.2   0.95    0.9    0.0   -99.9
 'Wageningen' 17  5 1978  13170.    2.2   16.0   1.00    1.0    0.6   -99.9
 'Wageningen' 18  5 1978  22290.    5.2   19.0   1.05    2.2    0.0   -99.9
 'Wageningen' 19  5 1978  19640.    8.1   21.5   1.16    1.7    0.3   -99.9
 'Wageningen' 20  5 1978  13790.   10.4   16.8   1.25    2.2    0.0   -99.9
 'Wageningen' 21  5 1978   6520.    8.0   13.0   1.05    1.4    0.0   -99.9
 'Wageningen' 22  5 1978  16970.    2.0   17.6   1.19    2.4    0.0   -99.9
 'Wageningen' 23  5 1978  14740.    9.2   15.8   1.22    4.6    0.0   -99.9
 'Wageningen' 24  5 1978   4650.    9.4   12.6   1.21    3.7    0.4   -99.9
 'Wageningen' 25  5 1978   3740.    9.5   11.6   1.22    2.1    0.0   -99.9
 'Wageningen' 26  5 1978  14380.    8.5   18.8   1.34    1.1    0.0   -99.9
 'Wageningen' 27  5 1978  21190.    8.0   23.1   1.33    1.4    0.0   -99.9
 'Wageningen' 28  5 1978  21480.    8.8   24.5   1.39    1.4    0.0   -99.9
 'Wageningen' 29  5 1978  26580.    7.8   25.0   1.37    1.5    0.0   -99.9
 'Wageningen' 30  5 1978  26500.   14.0   26.9   1.49    2.2    0.0   -99.9
 'Wageningen' 31  5 1978  25340.   10.0   27.5   1.45    2.1    0.0   -99.9
 'Wageningen'  1  6 1978  23960.   17.3   29.4   1.56    1.7    0.0   -99.9
 'Wageningen'  2  6 1978  23610.   13.0   27.2   1.54    1.3    4.4   -99.9
 'Wageningen'  3  6 1978  25120.    9.8   26.0   1.47    1.4    2.3   -99.9
 'Wageningen'  4  6 1978  21730.   13.1   27.3   1.63    1.3    0.7   -99.9
 'Wageningen'  5  6 1978  12550.   15.3   23.0   1.66    1.1    0.4   -99.9
 'Wageningen'  6  6 1978  14800.   15.5   25.9   1.98    1.8    5.0   -99.9
 'Wageningen'  7  6 1978  11310.   13.0   20.9   1.61    2.0    3.6   -99.9
 'Wageningen'  8  6 1978  18320.   12.0   18.3   1.28    3.4    0.0   -99.9
 'Wageningen'  9  6 1978  22880.    9.0   17.4   1.07    3.3    0.0   -99.9
 'Wageningen' 10  6 1978  12050.    7.0   15.1   1.02    3.4    0.1   -99.9
 'Wageningen' 11  6 1978  19000.    8.9   17.0   1.02    3.3    0.2   -99.9
 'Wageningen' 12  6 1978  16060.    9.8   14.0   1.05    3.8    1.4   -99.9
 'Wageningen' 13  6 1978  13440.    9.5   14.4   1.05    1.6    0.0   -99.9
 'Wageningen' 14  6 1978  14200.    8.0   17.0   1.06    0.9    0.0   -99.9
 'Wageningen' 15  6 1978  20480.    5.7   20.5   1.13    2.1    2.4   -99.9
 'Wageningen' 16  6 1978  10310.   12.5   17.9   1.39    1.8    0.8   -99.9
 'Wageningen' 17  6 1978  26950.   11.7   23.2   0.93    4.1    0.0   -99.9
 'Wageningen' 18  6 1978  28960.    6.1   20.9   0.79    2.3    0.0   -99.9
 'Wageningen' 19  6 1978  28540.    3.8   23.1   0.96    1.1    0.0   -99.9
 'Wageningen' 20  6 1978  28340.    5.4   23.7   1.05    1.0    0.0   -99.9
 'Wageningen' 21  6 1978  18620.    6.6   21.5   1.29    2.0    1.0   -99.9
 'Wageningen' 22  6 1978  10600.   12.0   16.0   1.44    3.5    7.1   -99.9
 'Wageningen' 23  6 1978  12920.    9.8   15.6   1.24    3.5    7.3   -99.9
 'Wageningen' 24  6 1978  16210.    8.9   16.2   1.06    3.9    0.7   -99.9
 'Wageningen' 25  6 1978  14590.    8.0   14.9   1.13    4.1   15.9   -99.9
 'Wageningen' 26  6 1978   7160.    8.7   13.6   1.23    3.2    0.8   -99.9
 'Wageningen' 27  6 1978  10490.    7.8   13.8   0.96    2.6    0.0   -99.9
 'Wageningen' 28  6 1978   8070.    8.7   14.6   1.29    2.2    2.4   -99.9
 'Wageningen' 29  6 1978   4960.   14.3   18.0   1.57    2.6    5.1   -99.9
 'Wageningen' 30  6 1978  10950.    9.8   17.1   1.34    2.7    1.0   -99.9
 'Wageningen'  1  7 1978  21460.    8.0   18.7   1.17    2.0    0.0   -99.9
 'Wageningen'  2  7 1978   4130.   13.0   16.3   1.50    3.5   14.3   -99.9
 'Wageningen'  3  7 1978   8330.   10.6   17.6   1.38    3.5    3.0   -99.9
 'Wageningen'  4  7 1978  15800.    8.8   15.6   1.01    3.6    1.0   -99.9
 'Wageningen'  5  7 1978   9340.    9.1   16.8   1.15    1.8   12.4   -99.9
 'Wageningen'  6  7 1978  12150.   10.5   14.0   1.19    4.7    1.2   -99.9
 'Wageningen'  7  7 1978   7850.    8.1   13.2   1.21    3.6    6.8   -99.9
 'Wageningen'  8  7 1978   7670.    9.1   16.9   1.32    3.9    7.2   -99.9
 'Wageningen'  9  7 1978  11120.   10.6   15.7   1.18    3.7    0.1   -99.9
 'Wageningen' 10  7 1978  11690.    8.5   17.5   1.23    1.1    0.1   -99.9
 'Wageningen' 11  7 1978  20820.    7.0   20.7   1.18    0.8    0.0   -99.9
 'Wageningen' 12  7 1978  14640.   10.3   22.3   1.31    1.0    0.0   -99.9
 'Wageningen' 13  7 1978  18870.    7.7   21.2   1.36    0.9    0.0   -99.9
 'Wageningen' 14  7 1978  11810.    6.4   16.4   1.17    1.8    0.0   -99.9
 'Wageningen' 15  7 1978  11930.    7.2   14.7   1.00    2.1    0.0   -99.9
 'Wageningen' 16  7 1978  10660.    7.0   17.5   1.13    2.0    0.0   -99.9
 'Wageningen' 17  7 1978  25050.    5.7   19.1   0.97    1.0    0.0   -99.9
 'Wageningen' 18  7 1978  21730.    7.4   20.4   1.15    1.3    0.0   -99.9
 'Wageningen' 19  7 1978  19070.   12.5   19.3   1.26    3.3    8.3   -99.9
 'Wageningen' 20  7 1978  12410.   10.8   16.3   1.25    4.4    0.5   -99.9
 'Wageningen' 21  7 1978  13800.    6.3   16.4   1.06    2.2    0.0   -99.9
 'Wageningen' 22  7 1978  23480.    4.9   20.8   1.17    1.8    0.0   -99.9
 'Wageningen' 23  7 1978  19950.   11.8   22.8   1.29    2.0    0.0   -99.9
 'Wageningen' 24  7 1978  15180.   10.7   22.4   1.50    1.5    0.3   -99.9
 'Wageningen' 25  7 1978  23680.    8.0   22.9   1.20    0.8    0.0   -99.9
 'Wageningen' 26  7 1978  10110.   11.2   23.0   1.63    2.4    0.5   -99.9
 'Wageningen' 27  7 1978  15420.   11.1   21.4   1.44    1.1    0.0   -99.9
 'Wageningen' 28  7 1978  22130.   11.2   27.1   1.54    0.9    0.0   -99.9
 'Wageningen' 29  7 1978  20910.   11.8   29.3   1.78    1.0    0.0   -99.9
 'Wageningen' 30  7 1978  21550.   17.3   32.1   1.85    2.6    0.0   -99.9
 'Wageningen' 31  7 1978  16520.   16.1   29.7   1.81    1.2    1.5   -99.9
 'Wageningen'  1  8 1978   5660.   14.8   19.7   1.75    1.6    0.1   -99.9
 'Wageningen'  2  8 1978  17030.   13.4   22.2   1.43    2.8    0.7   -99.9
 'Wageningen'  3  8 1978  10660.   14.8   19.8   1.57    3.0    2.8   -99.9
 'Wageningen'  4  8 1978   6350.   13.9   18.4   1.45    3.2    0.3   -99.9
 'Wageningen'  5  8 1978  11050.   11.3   19.8   1.46    2.1    0.0   -99.9
 'Wageningen'  6  8 1978   9620.   12.2   17.7   1.43    2.0    1.5   -99.9
 'Wageningen'  7  8 1978   7870.   10.6   17.9   1.34    2.1    0.3   -99.9
 'Wageningen'  8  8 1978  14570.    8.0   19.2   1.27    2.6    1.0   -99.9
 'Wageningen'  9  8 1978  12010.   10.4   17.5   1.41    1.9    0.9   -99.9
 'Wageningen' 10  8 1978  15540.    7.7   20.2   1.29    1.3    0.2   -99.9
 'Wageningen' 11  8 1978   8660.    7.7   16.8   1.19    1.3    0.0   -99.9
 'Wageningen' 12  8 1978  13630.    6.6   19.0   1.16    0.8    0.6   -99.9
 'Wageningen' 13  8 1978  14860.   10.7   19.8   1.36    1.1    0.2   -99.9
 'Wageningen' 14  8 1978   9180.   10.2   20.5   1.32    1.8    0.0   -99.9
 'Wageningen' 15  8 1978  19150.   13.3   26.2   1.41    2.8    0.0   -99.9
 'Wageningen' 16  8 1978  16540.   12.5   20.2   1.33    3.1    1.3   -99.9
 'Wageningen' 17  8 1978  17130.    9.7   19.2   1.21    3.4    0.0   -99.9
 'Wageningen' 18  8 1978  19930.    7.3   22.1   1.11    0.4    0.0   -99.9
 'Wageningen' 19  8 1978  21820.    6.0   23.5   1.07    1.8    0.0   -99.9
 'Wageningen' 20  8 1978  20030.   11.9   26.6   1.33    1.4    0.0   -99.9
 'Wageningen' 21  8 1978  16500.    8.4   21.4   1.46    1.3    0.0   -99.9
 'Wageningen' 22  8 1978  19550.   10.9   24.9   1.53    2.0    0.0   -99.9
 'Wageningen' 23  8 1978  19880.   11.7   21.9   1.35    1.7    0.0   -99.9
 'Wageningen' 24  8 1978  15530.    6.7   20.4   1.15    1.0    0.0   -99.9
 'Wageningen' 25  8 1978  10220.    8.7   18.8   1.13    2.4    0.1   -99.9
 'Wageningen' 26  8 1978   9840.    8.5   16.0   1.05    2.1    0.9   -99.9
 'Wageningen' 27  8 1978  12720.    7.3   17.6   1.06    3.2    0.0   -99.9
 'Wageningen' 28  8 1978  11630.    5.7   16.2   0.99    1.8    1.2   -99.9
 'Wageningen' 29  8 1978   5110.   11.7   16.4   1.35    2.6   13.3   -99.9
 'Wageningen' 30  8 1978  14620.    7.6   15.7   1.10    2.6    4.1   -99.9
 'Wageningen' 31  8 1978  10420.    8.6   15.6   1.15    3.1    0.0   -99.9
 'Wageningen'  1  9 1978   9070.    9.9   15.7   1.22    2.6    0.8   -99.9
 'Wageningen'  2  9 1978  10570.    8.2   14.8   1.24    3.1    0.8   -99.9
 'Wageningen'  3  9 1978  14930.    9.3   17.2   1.13    3.0    0.8   -99.9
 'Wageningen'  4  9 1978   9240.    4.7   16.2   1.20    1.7    0.3   -99.9
 'Wageningen'  5  9 1978  10710.    4.4   16.6   0.99    1.0    0.0   -99.9
 'Wageningen'  6  9 1978  13800.    6.4   19.3   1.14    1.5    0.0   -99.9
 'Wageningen'  7  9 1978   9880.   10.0   19.4   1.47    1.1    0.6   -99.9
 'Wageningen'  8  9 1978  15150.   12.7   20.0   1.44    2.4    0.0   -99.9
 'Wageningen'  9  9 1978  11540.   14.7   20.3   1.52    4.6    1.8   -99.9
 'Wageningen' 10  9 1978   5420.   15.5   21.6   1.75    7.0    0.0   -99.9
 'Wageningen' 11  9 1978   7690.   11.9   19.9   1.56    7.4    2.8   -99.9
 'Wageningen' 12  9 1978  10270.    8.7   16.1   1.14    3.6    1.7   -99.9
 'Wageningen' 13  9 1978   4810.   10.5   18.0   1.48    3.1    0.0   -99.9
 'Wageningen' 14  9 1978   2980.   10.8   16.0   1.40    3.0    3.9   -99.9
 'Wageningen' 15  9 1978   8160.    9.4   17.3   1.31    4.0    0.0   -99.9
 'Wageningen' 16  9 1978  10240.    9.8   18.4   1.45    2.9    0.0   -99.9
 'Wageningen' 17  9 1978   9860.    6.6   17.2   1.22    3.3    0.0   -99.9
 'Wageningen' 18  9 1978  12360.    7.4   17.2   1.09    2.7    0.0   -99.9
 'Wageningen' 19  9 1978   8880.    3.7   15.7   1.09    2.7    1.4   -99.9
 'Wageningen' 20  9 1978  11690.    3.5   14.6   0.99    2.6    0.0   -99.9
 'Wageningen' 21  9 1978  10160.   11.8   18.8   1.45    3.1    0.0   -99.9
 'Wageningen' 22  9 1978   4400.   11.5   18.5   1.47    3.6    0.0   -99.9
 'Wageningen' 23  9 1978   6460.   12.3   19.7   1.50    2.6    0.0   -99.9
 'Wageningen' 24  9 1978   6320.   12.1   18.9   1.51    3.4    0.0   -99.9
 'Wageningen' 25  9 1978   2550.    7.6   15.6   1.40    2.9    1.9   -99.9
 'Wageningen' 26  9 1978   7240.    5.5   16.3   1.09    2.5    0.7   -99.9
 'Wageningen' 27  9 1978   4730.    7.0   13.7   1.16    2.7   13.8   -99.9
 'Wageningen' 28  9 1978   4470.    6.8   12.5   1.10    2.5    4.9   -99.9
 'Wageningen' 29  9 1978   4910.    9.4   14.8   1.26    3.9   12.3   -99.9
 'Wageningen' 30  9 1978   2170.    7.9   10.7   1.10    4.3   20.3   -99.9
 'Wageningen'  1 10 1978   2470.    7.3   11.0   1.10    2.8    3.4   -99.9
 'Wageningen'  2 10 1978   2550.    5.8    9.5   1.00    1.4    0.0   -99.9
 'Wageningen'  3 10 1978   6470.    1.8    9.8   0.92    0.9    0.0   -99.9
 'Wageningen'  4 10 1978   7270.    3.2   13.9   1.00    1.6    0.5   -99.9
 'Wageningen'  5 10 1978   2980.    7.9   14.2   1.25    4.9    0.5   -99.9
 'Wageningen'  6 10 1978   2730.    8.9   15.4   1.40    2.9    0.0   -99.9
 'Wageningen'  7 10 1978   7510.    6.0   17.2   1.23    1.4    0.0   -99.9
 'Wageningen'  8 10 1978  11240.    6.8   20.0   1.25    1.9    0.0   -99.9
 'Wageningen'  9 10 1978   5420.   10.1   18.1   1.42    1.6    0.0   -99.9
 'Wageningen' 10 10 1978   7170.   12.7   20.7   1.51    2.3    0.0   -99.9
 'Wageningen' 11 10 1978  11320.   13.0   22.5   1.44    2.2    0.0   -99.9
 'Wageningen' 12 10 1978  10630.   10.4   21.5   1.34    2.3    0.0   -99.9
 'Wageningen' 13 10 1978   9690.    5.4   19.6   1.19    1.9    0.0   -99.9
 'Wageningen' 14 10 1978   3240.    6.7   11.9   1.20    1.3    0.0   -99.9
 'Wageningen' 15 10 1978   2040.    9.7   12.5   1.31    1.1    2.0   -99.9
 'Wageningen' 16 10 1978   5860.    7.8   13.7   1.07    3.8    3.8   -99.9
 'Wageningen' 17 10 1978   7750.    0.0   10.0   0.83    2.2    0.8   -99.9
 'Wageningen' 18 10 1978   8720.   -1.9   13.5   0.80    0.9    0.0   -99.9
 'Wageningen' 19 10 1978   5750.    2.6   12.9   0.99    1.2    0.0   -99.9
 'Wageningen' 20 10 1978   1480.    6.3   12.3   1.11    2.3    0.8   -99.9
 'Wageningen' 21 10 1978   6380.    3.6   10.9   0.89    1.1    0.0   -99.9
 'Wageningen' 22 10 1978   1550.    6.4   12.9   1.20    3.2    2.5   -99.9
 'Wageningen' 23 10 1978   6470.    6.4   13.6   0.97    1.8    0.0   -99.9
 'Wageningen' 24 10 1978   4030.    6.7   14.1   1.19    4.4    0.0   -99.9
 'Wageningen' 25 10 1978   3210.    9.2   13.7   1.21    2.9    1.6   -99.9
 'Wageningen' 26 10 1978   4460.    3.3   11.9   1.03    1.0    0.0   -99.9
 'Wageningen' 27 10 1978   3610.    0.3   11.7   1.01    1.4    0.2   -99.9
 'Wageningen' 28 10 1978   1540.    7.6   12.2   1.12    1.4    0.0   -99.9
 'Wageningen' 29 10 1978   1240.    9.7   11.6   1.11    1.4    0.0   -99.9
 'Wageningen' 30 10 1978   1200.    9.2   11.1   1.10    1.2    0.0   -99.9
 'Wageningen' 31 10 1978   6070.    5.2   11.5   0.90    1.8    0.0   -99.9
 'Wageningen'  1 11 1978   3480.    5.6   12.1   1.08    1.6    0.0   -99.9
 'Wageningen'  2 11 1978   3230.    4.0    7.7   0.93    2.4    0.6   -99.9
 'Wageningen'  3 11 1978   1310.    7.3   10.9   1.14    2.5    1.4   -99.9
 'Wageningen'  4 11 1978   2510.    6.6   11.5   1.14    1.9    0.0   -99.9
 'Wageningen'  5 11 1978   2810.    6.0   11.0   1.08    1.9    0.0   -99.9
 'Wageningen'  6 11 1978   1420.    3.8    8.6   0.97    2.4    0.0   -99.9
 'Wageningen'  7 11 1978   5950.    2.4    9.6   0.81    2.8    0.0   -99.9
 'Wageningen'  8 11 1978   5540.    1.3   10.4   0.79    2.4    0.0   -99.9
 'Wageningen'  9 11 1978   1900.    1.9    6.7   0.82    2.0    0.0   -99.9
 'Wageningen' 10 11 1978   2540.   -1.1    1.9   0.62    1.9    0.0   -99.9
 'Wageningen' 11 11 1978   1590.   -0.6    0.9   0.59    2.0    0.0   -99.9
 'Wageningen' 12 11 1978   5690.   -0.5    7.9   0.65    3.0    0.0   -99.9
 'Wageningen' 13 11 1978   2640.    4.4    9.9   0.95    2.1    2.5   -99.9
 'Wageningen' 14 11 1978   4850.    4.2   10.8   0.89    3.6    0.0   -99.9
 'Wageningen' 15 11 1978   4920.    5.0   11.0   0.89    5.2    0.0   -99.9
 'Wageningen' 16 11 1978   4230.    5.3   11.2   0.82    4.5    0.0   -99.9
 'Wageningen' 17 11 1978   1940.    6.2   11.0   1.00    4.2    0.0   -99.9
 'Wageningen' 18 11 1978   2670.    7.4   11.7   0.97    4.1    0.0   -99.9
 'Wageningen' 19 11 1978   3130.    8.5   13.3   1.00    5.1    1.5   -99.9
 'Wageningen' 20 11 1978   5300.    2.8   10.1   0.83    2.5    1.1   -99.9
 'Wageningen' 21 11 1978   1960.    2.5   11.0   0.95    4.0    0.3   -99.9
 'Wageningen' 22 11 1978   2250.   10.5   13.1   1.23    5.2    0.0   -99.9
 'Wageningen' 23 11 1978   1430.   10.0   12.6   1.16    4.5    0.0   -99.9
 'Wageningen' 24 11 1978   1720.    6.4   11.0   0.90    5.0    1.0   -99.9
 'Wageningen' 25 11 1978   3420.   -0.8    8.1   0.77    2.2    3.0   -99.9
 'Wageningen' 26 11 1978   3490.    0.7    3.9   0.65    3.4    1.1   -99.9
 'Wageningen' 27 11 1978   2810.   -3.1    3.7   0.59    2.0    4.9   -99.9
 'Wageningen' 28 11 1978   3750.   -3.1    2.0   0.55    1.5    4.1   -99.9
 'Wageningen' 29 11 1978   4840.   -7.8    0.4   0.42    0.4    0.0   -99.9
 'Wageningen' 30 11 1978   2260.   -4.3   -1.0   0.47    0.1    0.0   -99.9
 'Wageningen'  1 12 1978   2280.   -3.9    0.9   0.52    1.1    0.0   -99.9
 'Wageningen'  2 12 1978   1710.   -0.4    2.2   0.60    3.3    0.0   -99.9
 'Wageningen'  3 12 1978   3250.   -1.5    1.7   0.53    3.0    0.0   -99.9
 'Wageningen'  4 12 1978   1260.   -0.9    2.5   0.59    3.4    2.7   -99.9
 'Wageningen'  5 12 1978   3600.   -3.2    0.3   0.50    2.9    0.0   -99.9
 'Wageningen'  6 12 1978   3990.   -4.9    0.9   0.32    3.6    0.0   -99.9
 'Wageningen'  7 12 1978   3450.   -6.0   -1.2   0.35    3.8    0.0   -99.9
 'Wageningen'  8 12 1978   1020.   -3.2    7.1   0.65    5.2    5.1   -99.9
 'Wageningen'  9 12 1978   2440.    5.8   10.4   0.98    4.0    0.0   -99.9
 'Wageningen' 10 12 1978    720.    6.0   10.5   1.09    2.4    0.0   -99.9
 'Wageningen' 11 12 1978   2910.    6.5   11.9   1.01    3.6    0.0   -99.9
 'Wageningen' 12 12 1978   1710.    7.0   11.2   1.00    4.3    0.6   -99.9
 'Wageningen' 13 12 1978   1800.    4.3    9.3   0.85    5.9    4.3   -99.9
 'Wageningen' 14 12 1978    700.    4.7    7.9   0.86    5.1   21.2   -99.9
 'Wageningen' 15 12 1978   1310.    4.3    7.6   0.90    2.8   22.6   -99.9
 'Wageningen' 16 12 1978    930.   -3.0    6.9   0.68    2.6    0.1   -99.9
 'Wageningen' 17 12 1978   3090.   -6.8   -0.1   0.48    1.0    0.0   -99.9
 'Wageningen' 18 12 1978   1600.   -6.8   -3.8   0.42    1.2    0.0   -99.9
 'Wageningen' 19 12 1978   2590.   -9.5   -0.8   0.31    2.2    0.0   -99.9
 'Wageningen' 20 12 1978    860.   -6.4   -2.5   0.39    2.1    0.0   -99.9
 'Wageningen' 21 12 1978   2160.   -2.7    0.5   0.47    3.2    0.0   -99.9
 'Wageningen' 22 12 1978   1910.   -6.0    0.4   0.50    1.5    0.0   -99.9
 'Wageningen' 23 12 1978   1010.   -2.0   -0.9   0.49    1.8    0.0   -99.9
 'Wageningen' 24 12 1978   1230.   -1.5    7.0   0.63    4.6   11.0   -99.9
 'Wageningen' 25 12 1978    920.    5.3    7.7   0.94    3.8    4.2   -99.9
 'Wageningen' 26 12 1978    880.    4.5    9.6   0.97    3.7    4.9   -99.9
 'Wageningen' 27 12 1978   1310.    3.9    8.4   0.89    2.6    6.0   -99.9
 'Wageningen' 28 12 1978   1350.    8.1   10.7   1.07    4.1    7.1   -99.9
 'Wageningen' 29 12 1978    970.    6.9   11.2   1.08    4.1    7.3   -99.9
 'Wageningen' 30 12 1978    780.  -10.4    7.4   0.42    3.5    1.3   -99.9
 'Wageningen' 31 12 1978   2900.  -16.8  -10.1   0.21    4.2    0.5   -99.9
