***************************************************************************
* File name: Wageni.961
* Contents: SWAP  3.0 - Meteo data of Wageningen weather station                
***************************************************************************     
* Comment area:                                                                 
*                                                                               
*                                                                               
***************************************************************************     
    Station   DD MM YYYY     RAD   Tmin   Tmax    HUM   WIND   RAIN   ETref     
*             nr nr   nr   kJ/m2      C      C    kPa    m/s     mm      mm     
 'Wageningen'  1  1 1961   1842.    1.6    6.1   0.76    1.2    0.7   -99.9
 'Wageningen'  2  1 1961    879.    2.4    8.1   0.84    2.5   16.8   -99.9
 'Wageningen'  3  1 1961   3349.    4.8    5.1   0.73    4.3    4.0   -99.9
 'Wageningen'  4  1 1961   1842.    3.3    7.0   0.74    4.3    4.0   -99.9
 'Wageningen'  5  1 1961   2680.    2.5    6.2   0.78    2.5    3.5   -99.9
 'Wageningen'  6  1 1961   1842.    2.8    6.6   0.72    4.3    5.6   -99.9
 'Wageningen'  7  1 1961   2303.    3.6    6.9   0.80    2.5    3.7   -99.9
 'Wageningen'  8  1 1961   1382.    3.0    6.8   0.89    4.3    1.3   -99.9
 'Wageningen'  9  1 1961   2763.    2.6    7.9   0.81    4.3    6.2   -99.9
 'Wageningen' 10  1 1961   1382.    1.7    6.7   0.94    1.2    2.5   -99.9
 'Wageningen' 11  1 1961   4354.   -1.2    3.4   0.70    1.2    0.2   -99.9
 'Wageningen' 12  1 1961   2889.   -3.0    4.6   0.60    1.2    0.1   -99.9
 'Wageningen' 13  1 1961   1089.    0.1    7.1   0.73    1.2    1.6   -99.9
 'Wageningen' 14  1 1961   2805.    3.4    4.6   0.73    1.2    0.0   -99.9
 'Wageningen' 15  1 1961   3726.    0.6    3.9   0.65    6.3    0.0   -99.9
 'Wageningen' 16  1 1961   4145.   -2.2    1.9   0.63    1.2    0.0   -99.9
 'Wageningen' 17  1 1961   3726.   -3.8    0.2   0.59    4.3    0.0   -99.9
 'Wageningen' 18  1 1961   3349.   -4.1    2.8   0.47    4.3    0.0   -99.9
 'Wageningen' 19  1 1961   3936.   -5.3    2.7   0.59    1.2    1.6   -99.9
 'Wageningen' 20  1 1961    670.   -1.4    5.1   0.69    4.3    1.4   -99.9
 'Wageningen' 21  1 1961    544.    1.9    4.8   0.85    4.3   15.7   -99.9
 'Wageningen' 22  1 1961   1214.    1.5    1.9   0.70    1.2    2.1   -99.9
 'Wageningen' 23  1 1961   1005.    0.7    0.7   0.61    0.1    0.0   -99.9
 'Wageningen' 24  1 1961   1005.   -3.7   -1.3   0.44    2.5    0.0   -99.9
 'Wageningen' 25  1 1961   4396.   -4.5   -4.5   0.49    8.6    0.0   -99.9
 'Wageningen' 26  1 1961   2554.   -9.1   -0.4   0.36    2.5    0.0   -99.9
 'Wageningen' 27  1 1961   3014.   -7.2    5.3   0.49    4.3    1.8   -99.9
 'Wageningen' 28  1 1961    461.   -0.4    8.4   0.67    4.3   12.0   -99.9
 'Wageningen' 29  1 1961   1926.    3.9    9.0   0.86    6.3   29.8   -99.9
 'Wageningen' 30  1 1961   1214.    6.9    7.6   0.89    4.3    1.7   -99.9
 'Wageningen' 31  1 1961   1005.    5.5    6.6   0.80    6.3    3.9   -99.9
 'Wageningen'  1  2 1961   2303.    2.1    5.0   0.72   11.1    4.6   -99.9
 'Wageningen'  2  2 1961   1424.    1.1    5.1   0.74    1.2    1.8   -99.9
 'Wageningen'  3  2 1961   3726.   -0.3    6.0   0.78    1.2    1.7   -99.9
 'Wageningen'  4  2 1961   1130.    1.0    5.3   0.74    8.6    7.7   -99.9
 'Wageningen'  5  2 1961   1842.   -1.5   11.0   0.70    1.2    2.1   -99.9
 'Wageningen'  6  2 1961   2889.    5.3    7.2   0.93    6.3    4.0   -99.9
 'Wageningen'  7  2 1961   1758.    5.3    8.5   0.84    8.6    0.8   -99.9
 'Wageningen'  8  2 1961   1424.    3.1   10.5   0.97    1.2    6.3   -99.9
 'Wageningen'  9  2 1961   4312.    6.8    8.4   0.85   11.1    1.5   -99.9
 'Wageningen' 10  2 1961   2931.    2.4   10.2   0.90    2.5    7.4   -99.9
 'Wageningen' 11  2 1961   1968.    6.3   10.0   1.06    2.5    1.9   -99.9
 'Wageningen' 12  2 1961   5820.    5.0    9.5   0.85    6.3    0.4   -99.9
 'Wageningen' 13  2 1961   1507.    7.3   16.7   0.98    1.2    0.1   -99.9
 'Wageningen' 14  2 1961   7411.    2.9   14.1   1.05    1.2    0.0   -99.9
 'Wageningen' 15  2 1961   6155.    4.8    7.5   1.10    0.1    0.2   -99.9
 'Wageningen' 16  2 1961   2261.    1.5   16.0   0.97    1.2    0.5   -99.9
 'Wageningen' 17  2 1961   8081.    2.1   13.2   1.22    1.2    0.0   -99.9
 'Wageningen' 18  2 1961   6071.    1.9   12.8   1.01    1.2    0.0   -99.9
 'Wageningen' 19  2 1961   7034.    3.7    7.0   1.05    1.2    0.1   -99.9
 'Wageningen' 20  2 1961   2303.    3.9   11.2   0.85    1.2    0.0   -99.9
 'Wageningen' 21  2 1961   6908.    2.5   11.3   0.84    1.2    0.0   -99.9
 'Wageningen' 22  2 1961   6992.    2.3    9.8   0.96    1.2    0.0   -99.9
 'Wageningen' 23  2 1961   6071.    3.0   10.9   0.85    2.5    2.5   -99.9
 'Wageningen' 24  2 1961   3475.    4.8   13.8   0.89    1.2    2.0   -99.9
 'Wageningen' 25  2 1961   5736.    7.0   14.8   1.16    4.3    0.2   -99.9
 'Wageningen' 26  2 1961   7369.    6.4   13.0   0.85    2.5    1.2   -99.9
 'Wageningen' 27  2 1961   3349.    9.0    8.5   1.02    1.2   23.4   -99.9
 'Wageningen' 28  2 1961   5443.    3.1    8.4   0.89    4.3   14.6   -99.9
 'Wageningen'  1  3 1961   4731.    3.8    9.2   0.80    4.3    0.0   -99.9
 'Wageningen'  2  3 1961   2889.    2.4   11.7   0.93    4.3    2.3   -99.9
 'Wageningen'  3  3 1961  11221.    4.2   12.9   0.68    1.2    0.0   -99.9
 'Wageningen'  4  3 1961   9588.    1.8   14.2   0.84    2.5    0.0   -99.9
 'Wageningen'  5  3 1961   9713.    1.9   17.6   1.08    0.1    0.1   -99.9
 'Wageningen'  6  3 1961  10467.    0.8   15.1   0.92    1.2    0.0   -99.9
 'Wageningen'  7  3 1961  10090.    2.8    9.6   1.08    1.2    0.2   -99.9
 'Wageningen'  8  3 1961   4396.    2.0   13.1   0.93    1.2    0.2   -99.9
 'Wageningen'  9  3 1961   8081.    0.8   16.3   1.10    1.2    0.0   -99.9
 'Wageningen' 10  3 1961   9797.    5.2   10.9   1.14    1.2    0.0   -99.9
 'Wageningen' 11  3 1961   3056.    7.0   11.9   0.86    1.2    0.0   -99.9
 'Wageningen' 12  3 1961   4815.    6.0   12.0   1.20    1.2    0.2   -99.9
 'Wageningen' 13  3 1961   2470.    9.2   12.1   1.12    1.2    0.0   -99.9
 'Wageningen' 14  3 1961   2596.    8.3   10.2   1.08    2.5    0.0   -99.9
 'Wageningen' 15  3 1961   3098.    6.8   19.9   1.10    1.2    0.0   -99.9
 'Wageningen' 16  3 1961  12770.    3.3   21.2   1.90    1.2    0.0   -99.9
 'Wageningen' 17  3 1961  12853.    6.1   13.9   0.97    4.3    0.0   -99.9
 'Wageningen' 18  3 1961   9127.    3.2    7.5   0.73    6.3    0.9   -99.9
 'Wageningen' 19  3 1961  11807.    2.4    6.4   0.64    6.3    1.2   -99.9
 'Wageningen' 20  3 1961   6238.   -0.2    7.1   0.63    8.6    7.2   -99.9
 'Wageningen' 21  3 1961   9881.    3.4    7.6   0.59    4.3    3.0   -99.9
 'Wageningen' 22  3 1961   5066.    1.1   11.7   0.77    4.3    1.8   -99.9
 'Wageningen' 23  3 1961   4982.    6.6   12.1   0.96    2.5    0.1   -99.9
 'Wageningen' 24  3 1961   9295.    4.4   13.2   1.01    1.2    0.0   -99.9
 'Wageningen' 25  3 1961   8332.    5.4   11.6   0.74    2.5    0.0   -99.9
 'Wageningen' 26  3 1961   9211.    4.9    9.2   0.85    6.3    1.5   -99.9
 'Wageningen' 27  3 1961  12100.    2.5    8.9   0.57    8.6    2.8   -99.9
 'Wageningen' 28  3 1961  10676.    0.3   10.8   0.59    2.5    0.1   -99.9
 'Wageningen' 29  3 1961   4522.    4.3   12.1   0.92    2.5   11.3   -99.9
 'Wageningen' 30  3 1961   1717.    8.3   10.3   1.18    4.3   11.9   -99.9
 'Wageningen' 31  3 1961   7787.    2.8   11.1   0.97    1.2    2.0   -99.9
 'Wageningen'  1  4 1961   4229.    6.0   11.2   0.97    4.3   12.0   -99.9
 'Wageningen'  2  4 1961   3056.    5.1   10.0   1.17    4.3    4.9   -99.9
 'Wageningen'  3  4 1961  10760.    3.5    8.0   0.72    0.1    5.2   -99.9
 'Wageningen'  4  4 1961   6992.    3.1   17.1   0.81    2.5    5.1   -99.9
 'Wageningen'  5  4 1961   7034.    7.6   22.1   1.32    2.5    2.7   -99.9
 'Wageningen'  6  4 1961  10760.    9.9   14.9   1.45    1.2    1.5   -99.9
 'Wageningen'  7  4 1961   4396.   11.4   11.9   1.26    2.5   11.8   -99.9
 'Wageningen'  8  4 1961  13565.    5.9   13.1   0.94    2.5    0.1   -99.9
 'Wageningen'  9  4 1961  19385.    3.5   17.8   0.80    2.5    0.6   -99.9
 'Wageningen' 10  4 1961  12225.    6.2   16.0   1.49    0.1    0.0   -99.9
 'Wageningen' 11  4 1961  15491.    4.0   19.8   1.34    1.2    0.0   -99.9
 'Wageningen' 12  4 1961  15366.    5.0   19.0   1.34    2.5    0.0   -99.9
 'Wageningen' 13  4 1961  11430.    9.0   16.0   1.46    1.2    0.7   -99.9
 'Wageningen' 14  4 1961   9504.   12.2   17.8   1.20    1.2    0.0   -99.9
 'Wageningen' 15  4 1961  11514.    6.1   14.5   1.02    1.2    9.3   -99.9
 'Wageningen' 16  4 1961   2889.    8.9   16.0   1.16    0.1    0.4   -99.9
 'Wageningen' 17  4 1961   9211.    8.5   16.5   1.33    1.2    0.2   -99.9
 'Wageningen' 18  4 1961  16705.    5.8   16.1   1.05    2.5    0.0   -99.9
 'Wageningen' 19  4 1961  19594.    3.9   17.8   0.81    2.5    0.0   -99.9
 'Wageningen' 20  4 1961  10593.    9.6   19.0   1.13    1.2    0.3   -99.9
 'Wageningen' 21  4 1961  12100.    9.9   17.1   1.44    1.2    0.6   -99.9
 'Wageningen' 22  4 1961  10006.   11.2   15.1   1.21    0.1    0.0   -99.9
 'Wageningen' 23  4 1961   7662.    8.6   16.4   1.18    1.2    3.0   -99.9
 'Wageningen' 24  4 1961  13523.    3.9   16.7   1.41    1.2    0.0   -99.9
 'Wageningen' 25  4 1961  15198.    6.8   16.0   1.17    1.2    0.0   -99.9
 'Wageningen' 26  4 1961   7997.    9.7   15.8   1.26    1.2   19.1   -99.9
 'Wageningen' 27  4 1961   6992.   10.1   12.1   1.10    4.3   10.6   -99.9
 'Wageningen' 28  4 1961   4019.    9.0   15.9   1.24    0.1    8.4   -99.9
 'Wageningen' 29  4 1961  15198.    8.6   13.8   1.17    2.5    0.0   -99.9
 'Wageningen' 30  4 1961   7118.    9.7   16.8   1.30    1.2    0.0   -99.9
 'Wageningen'  1  5 1961  13649.    4.8   17.2   1.36    1.2    4.4   -99.9
 'Wageningen'  2  5 1961  16161.    9.8   16.8   1.08    1.2    0.0   -99.9
 'Wageningen'  3  5 1961  12895.    9.8   19.9   1.25    1.2    0.7   -99.9
 'Wageningen'  4  5 1961   9923.   10.0   18.1   1.61    1.2    7.6   -99.9
 'Wageningen'  5  5 1961  13858.   13.8   18.8   1.42    1.2    0.5   -99.9
 'Wageningen'  6  5 1961   7034.   10.0   16.0   1.44    2.5    0.8   -99.9
 'Wageningen'  7  5 1961  20264.   11.0   15.3   1.17    2.5    5.9   -99.9
 'Wageningen'  8  5 1961  17585.    7.8   12.8   0.89    6.3    2.4   -99.9
 'Wageningen'  9  5 1961  13649.    9.9   12.8   0.89    6.3    0.4   -99.9
 'Wageningen' 10  5 1961  16789.    7.9   12.7   0.88    1.2    0.0   -99.9
 'Wageningen' 11  5 1961  14235.    7.8   18.9   1.02    2.5    0.0   -99.9
 'Wageningen' 12  5 1961  16831.    7.4   16.5   1.28    1.2    0.0   -99.9
 'Wageningen' 13  5 1961  21604.    9.0   14.8   1.06    2.5    0.1   -99.9
 'Wageningen' 14  5 1961  13063.    6.9   14.9   1.05    1.2    0.0   -99.9
 'Wageningen' 15  5 1961  12393.    3.1   17.2   1.08    1.2    0.0   -99.9
 'Wageningen' 16  5 1961  15742.    5.7   17.5   1.21    1.2    0.0   -99.9
 'Wageningen' 17  5 1961  12016.    5.7   16.2   1.12    1.2    0.0   -99.9
 'Wageningen' 18  5 1961  22106.    4.4   12.5   1.17    4.3    0.0   -99.9
 'Wageningen' 19  5 1961   6155.    7.0   13.3   1.08    1.2    0.9   -99.9
 'Wageningen' 20  5 1961  15072.    8.5   14.8   0.98    2.5    7.7   -99.9
 'Wageningen' 21  5 1961  12100.    8.0   16.9   1.06    2.5    6.1   -99.9
 'Wageningen' 22  5 1961  15659.    8.0   14.0   1.21    2.5    0.0   -99.9
 'Wageningen' 23  5 1961  11891.    5.4   20.1   0.90    2.5    0.0   -99.9
 'Wageningen' 24  5 1961  22692.    9.0   22.0   1.36    1.2    0.0   -99.9
 'Wageningen' 25  5 1961  21604.   10.8   17.2   1.13    1.2    0.0   -99.9
 'Wageningen' 26  5 1961  11556.    7.9   13.1   1.13    1.2    0.0   -99.9
 'Wageningen' 27  5 1961  20934.    3.2   13.2   0.60    6.3    0.0   -99.9
 'Wageningen' 28  5 1961  19804.    2.7   14.8   0.76    4.3    1.8   -99.9
 'Wageningen' 29  5 1961  18087.    3.9   16.9   0.93    2.5    0.0   -99.9
 'Wageningen' 30  5 1961  21018.    2.2   13.4   1.18    1.2    1.2   -99.9
 'Wageningen' 31  5 1961   6699.    8.2   20.7   1.20    1.2    1.2   -99.9
 'Wageningen'  1  6 1961  18003.    9.2   15.8   1.70    1.2    0.0   -99.9
 'Wageningen'  2  6 1961   3098.   11.9   14.8   1.42    2.5    5.8   -99.9
 'Wageningen'  3  6 1961   3936.   11.0   19.9   1.40    2.5    0.5   -99.9
 'Wageningen'  4  6 1961  12895.   11.8   25.2   1.62    1.2    0.1   -99.9
 'Wageningen'  5  6 1961  21604.   10.3   25.7   1.84    1.2    5.5   -99.9
 'Wageningen'  6  6 1961  19510.   14.4   21.4   2.06    1.2    3.5   -99.9
 'Wageningen'  7  6 1961   6992.   15.5   21.0   1.72    1.2    0.2   -99.9
 'Wageningen'  8  6 1961  13523.   11.2   19.5   1.56    1.2    3.8   -99.9
 'Wageningen'  9  6 1961  17208.   11.1   20.4   1.21    1.2    0.0   -99.9
 'Wageningen' 10  6 1961  24325.    7.1   19.2   1.05    1.2    0.1   -99.9
 'Wageningen' 11  6 1961  11262.   11.6   17.3   1.52    4.3    5.5   -99.9
 'Wageningen' 12  6 1961   8960.   10.4   17.5   1.44    1.2   10.7   -99.9
 'Wageningen' 13  6 1961  13523.   11.1   16.2   1.49    2.5    2.0   -99.9
 'Wageningen' 14  6 1961   9713.   11.9   19.2   1.13    0.1    0.0   -99.9
 'Wageningen' 15  6 1961  26879.    4.6   23.9   1.48    1.2    0.0   -99.9
 'Wageningen' 16  6 1961  15868.   10.0   23.5   1.50    1.2    0.0   -99.9
 'Wageningen' 17  6 1961  22567.   16.0   20.2   1.85    1.2    0.0   -99.9
 'Wageningen' 18  6 1961   4899.   13.5   19.9   1.82    1.2    0.8   -99.9
 'Wageningen' 19  6 1961  21813.    9.8   20.9   1.24    2.5    0.0   -99.9
 'Wageningen' 20  6 1961  26126.    7.1   20.8   1.00    1.2    0.0   -99.9
 'Wageningen' 21  6 1961  18045.   11.2   22.6   1.25    1.2    0.0   -99.9
 'Wageningen' 22  6 1961  17291.   12.1   24.0   1.53    2.5    0.0   -99.9
 'Wageningen' 23  6 1961  19008.   12.5   27.0   1.45    1.2    0.0   -99.9
 'Wageningen' 24  6 1961  22483.   12.4   27.2   1.84    1.2    0.0   -99.9
 'Wageningen' 25  6 1961  26209.   13.6   28.7   1.64    1.2    0.0   -99.9
 'Wageningen' 26  6 1961  22651.   14.8   20.6   1.02    1.2    2.4   -99.9
 'Wageningen' 27  6 1961  12184.   14.2   20.5   1.22    4.3    2.2   -99.9
 'Wageningen' 28  6 1961  21143.    8.7   25.0   1.34    1.2    0.0   -99.9
 'Wageningen' 29  6 1961  24786.   11.7   29.4   1.58    0.1    0.0   -99.9
 'Wageningen' 30  6 1961  25874.   14.9   32.1   1.57    1.2    0.0   -99.9
 'Wageningen'  1  7 1961  24618.   16.8   32.9   1.98    1.2    0.0   -99.9
 'Wageningen'  2  7 1961  24032.   16.8   28.6   1.61    1.2    0.9   -99.9
 'Wageningen'  3  7 1961  11639.   16.9   17.8   1.62    1.2    1.4   -99.9
 'Wageningen'  4  7 1961  12100.   11.9   16.8   1.48    4.3    6.0   -99.9
 'Wageningen'  5  7 1961  18422.    8.7   18.0   1.05    6.3    0.8   -99.9
 'Wageningen'  6  7 1961  15868.    8.8   23.3   1.30    1.2    0.0   -99.9
 'Wageningen'  7  7 1961  18422.    9.2   18.2   1.00    2.5    3.0   -99.9
 'Wageningen'  8  7 1961   4731.   14.3   19.6   1.70    4.3   11.3   -99.9
 'Wageningen'  9  7 1961  11556.   12.3   19.5   1.49    4.3    0.1   -99.9
 'Wageningen' 10  7 1961   8625.   10.8   23.2   1.53    1.2    0.1   -99.9
 'Wageningen' 11  7 1961  12853.   14.5   26.8   1.97    1.2    0.0   -99.9
 'Wageningen' 12  7 1961   6364.   15.0   18.9   2.09    4.3   18.6   -99.9
 'Wageningen' 13  7 1961   7787.   12.4   20.8   1.76    1.2   11.5   -99.9
 'Wageningen' 14  7 1961  17291.   10.1   19.4   1.78    1.2    0.7   -99.9
 'Wageningen' 15  7 1961  11346.   11.7   16.9   1.46    4.3    2.6   -99.9
 'Wageningen' 16  7 1961  10844.   11.6   20.7   1.32    1.2    5.9   -99.9
 'Wageningen' 17  7 1961  13440.    9.7   18.8   1.30    2.5    1.9   -99.9
 'Wageningen' 18  7 1961  10928.   13.2   17.6   1.68    1.2    9.6   -99.9
 'Wageningen' 19  7 1961   9713.   12.5   16.8   1.44    2.5    9.4   -99.9
 'Wageningen' 20  7 1961   4815.   12.6   16.0   1.50    4.3    0.7   -99.9
 'Wageningen' 21  7 1961   7118.   13.4   16.0   1.37    2.5    0.2   -99.9
 'Wageningen' 22  7 1961   7871.   12.8   17.0   1.29    2.5    0.4   -99.9
 'Wageningen' 23  7 1961  12979.   12.4   19.9   1.09    1.2    0.0   -99.9
 'Wageningen' 24  7 1961  21897.    8.9   22.8   1.48    1.2    0.0   -99.9
 'Wageningen' 25  7 1961  16035.   13.4   21.1   1.61    1.2    0.0   -99.9
 'Wageningen' 26  7 1961  10090.   13.7   19.7   1.97    2.5    0.8   -99.9
 'Wageningen' 27  7 1961  12309.   15.8   18.2   1.74    1.2    8.0   -99.9
 'Wageningen' 28  7 1961  13733.   11.9   18.2   1.16    2.5    0.9   -99.9
 'Wageningen' 29  7 1961  13816.   11.4   17.3   1.30    1.2    1.8   -99.9
 'Wageningen' 30  7 1961  10090.    8.5   22.5   1.38    1.2    0.0   -99.9
 'Wageningen' 31  7 1961  23362.    7.1   23.0   1.30    0.1    0.0   -99.9
 'Wageningen'  1  8 1961  16622.   10.2   19.9   1.49    0.1    0.0   -99.9
 'Wageningen'  2  8 1961  10593.   14.0   20.8   1.62    1.2    5.5   -99.9
 'Wageningen'  3  8 1961  19301.    9.7   19.4   1.49    2.5    3.7   -99.9
 'Wageningen'  4  8 1961   3726.   13.3   24.2   1.90    4.3    2.9   -99.9
 'Wageningen'  5  8 1961   8918.   17.0   22.3   2.17    1.2    0.3   -99.9
 'Wageningen'  6  8 1961  13565.   13.1   22.2   1.73    1.2    0.0   -99.9
 'Wageningen'  7  8 1961  21018.   11.5   24.1   1.70    1.2    0.0   -99.9
 'Wageningen'  8  8 1961  13816.   13.8   23.0   1.56    2.5    0.7   -99.9
 'Wageningen'  9  8 1961  16119.   12.0   22.5   1.70    2.5    0.0   -99.9
 'Wageningen' 10  8 1961  15366.   14.2   23.2   1.36    1.2    0.6   -99.9
 'Wageningen' 11  8 1961  15072.   15.0   18.4   1.66    1.2    0.0   -99.9
 'Wageningen' 12  8 1961  15491.   11.9   18.8   1.37    1.2    0.0   -99.9
 'Wageningen' 13  8 1961  12560.    8.0   20.1   1.58    1.2    5.9   -99.9
 'Wageningen' 14  8 1961  10593.   12.8   18.1   1.41    2.5    4.9   -99.9
 'Wageningen' 15  8 1961  13440.   12.6   18.9   1.34    2.5    5.8   -99.9
 'Wageningen' 16  8 1961  11932.   10.7   17.7   1.26    1.2   16.4   -99.9
 'Wageningen' 17  8 1961  13649.   11.0   18.0   1.41    1.2    0.3   -99.9
 'Wageningen' 18  8 1961   5401.   11.0   16.1   1.50    2.5    6.9   -99.9
 'Wageningen' 19  8 1961   6908.   11.3   18.9   1.46    1.2   13.9   -99.9
 'Wageningen' 20  8 1961  11723.   10.1   17.5   1.78    1.2    0.1   -99.9
 'Wageningen' 21  8 1961   3098.   13.9   16.8   1.53    2.5   17.1   -99.9
 'Wageningen' 22  8 1961  11514.    0.0   19.4   1.53    1.2    5.0   -99.9
 'Wageningen' 23  8 1961  13272.   10.8   16.2   1.56    4.3    0.1   -99.9
 'Wageningen' 24  8 1961   4396.   11.9   20.5   1.68    1.2   12.0   -99.9
 'Wageningen' 25  8 1961   9881.   14.9   26.0   1.94    1.2    0.4   -99.9
 'Wageningen' 26  8 1961  13942.   15.5   22.7   2.06    4.3    0.0   -99.9
 'Wageningen' 27  8 1961  14486.   15.7   25.2   1.78    2.5    0.0   -99.9
 'Wageningen' 28  8 1961  19427.    9.0   27.6   1.92    1.2    0.0   -99.9
 'Wageningen' 29  8 1961  18254.   11.1   31.8   2.10    1.2    0.0   -99.9
 'Wageningen' 30  8 1961  16915.   17.9   22.2   2.31    1.2    0.0   -99.9
 'Wageningen' 31  8 1961   3182.   17.0   26.8   1.90    1.2    0.0   -99.9
 'Wageningen'  1  9 1961  12393.   16.8   30.1   2.47    0.1    0.0   -99.9
 'Wageningen'  2  9 1961  15198.   13.0   25.3   1.54    1.2    0.1   -99.9
 'Wageningen'  3  9 1961   9504.   16.6   26.8   2.18    1.2    0.0   -99.9
 'Wageningen'  4  9 1961  15072.   15.4   22.0   2.13    1.2   22.3   -99.9
 'Wageningen'  5  9 1961   9043.   16.8   16.8   1.81    1.2    5.6   -99.9
 'Wageningen'  6  9 1961   5275.   12.6   14.3   1.28    1.2    7.7   -99.9
 'Wageningen'  7  9 1961   5485.   10.9   17.9   1.37    1.2   16.4   -99.9
 'Wageningen'  8  9 1961   6531.   10.3   17.9   1.54    1.2    0.4   -99.9
 'Wageningen'  9  9 1961   6992.   12.4   22.0   1.48    2.5    0.1   -99.9
 'Wageningen' 10  9 1961  15742.    9.9   20.9   1.64    1.2    0.0   -99.9
 'Wageningen' 11  9 1961   7578.   10.8   18.9   1.62    1.2    0.2   -99.9
 'Wageningen' 12  9 1961  10551.   11.8   20.3   1.50    1.2    0.0   -99.9
 'Wageningen' 13  9 1961   7662.   12.7   19.1   1.77    4.3    8.0   -99.9
 'Wageningen' 14  9 1961   5778.   15.1   22.2   1.81    8.6    1.0   -99.9
 'Wageningen' 15  9 1961   9337.   11.3   29.0   2.05    2.5    0.0   -99.9
 'Wageningen' 16  9 1961  14528.   15.2   27.1   2.46    1.2    0.0   -99.9
 'Wageningen' 17  9 1961  12853.   14.3   26.1   2.34    1.2    0.0   -99.9
 'Wageningen' 18  9 1961  13188.   14.0   29.5   2.42    1.2    0.0   -99.9
 'Wageningen' 19  9 1961  13440.   17.1   25.3   2.50    2.5    0.1   -99.9
 'Wageningen' 20  9 1961  10593.   16.3   19.2   2.18    2.5    0.1   -99.9
 'Wageningen' 21  9 1961   6992.   14.9   22.7   1.85    1.2    0.0   -99.9
 'Wageningen' 22  9 1961  11639.    8.9   23.6   1.74    1.2    0.0   -99.9
 'Wageningen' 23  9 1961   8541.   15.8   20.2   2.03    1.2    0.0   -99.9
 'Wageningen' 24  9 1961   5401.   12.9   20.0   1.92    2.5    0.0   -99.9
 'Wageningen' 25  9 1961   7871.   14.0   16.5   1.73    1.2    0.0   -99.9
 'Wageningen' 26  9 1961   4522.   11.7   23.1   1.68    0.1    0.2   -99.9
 'Wageningen' 27  9 1961   7662.   11.9   24.0   1.90    1.2    4.6   -99.9
 'Wageningen' 28  9 1961   7578.   13.9   18.9   1.97    2.5   21.0   -99.9
 'Wageningen' 29  9 1961   4396.   15.4   19.0   1.53    1.2    0.1   -99.9
 'Wageningen' 30  9 1961   2596.   15.6   20.2   1.78    2.5    0.7   -99.9
 'Wageningen'  1 10 1961   6615.   13.6   16.5   1.52    1.2    0.1   -99.9
 'Wageningen'  2 10 1961   3391.   13.5   14.7   1.66    0.1    0.0   -99.9
 'Wageningen'  3 10 1961   1382.   12.3   18.9   1.58    0.1    8.2   -99.9
 'Wageningen'  4 10 1961   6113.   11.8   19.7   1.49    1.2    0.1   -99.9
 'Wageningen'  5 10 1961   7829.   12.4   23.7   1.64    1.2    0.0   -99.9
 'Wageningen'  6 10 1961   8457.   13.2   18.7   1.86    2.5    0.0   -99.9
 'Wageningen'  7 10 1961   2596.   12.1   16.8   1.62    1.2    0.1   -99.9
 'Wageningen'  8 10 1961   6615.    9.0   19.0   1.30    4.3    0.2   -99.9
 'Wageningen'  9 10 1961   8918.   10.3   22.0   1.40    1.2    0.0   -99.9
 'Wageningen' 10 10 1961   9713.   11.0   19.8   1.72    2.5    0.0   -99.9
 'Wageningen' 11 10 1961   5987.   10.8   18.2   1.81    1.2    0.1   -99.9
 'Wageningen' 12 10 1961   7327.    8.0   16.8   1.57    0.1    0.0   -99.9
 'Wageningen' 13 10 1961   9043.    3.9   16.1   1.44    1.2    0.0   -99.9
 'Wageningen' 14 10 1961   9546.    3.1   17.8   1.44    1.2    0.2   -99.9
 'Wageningen' 15 10 1961   7662.    3.8   14.7   1.44    1.2    0.0   -99.9
 'Wageningen' 16 10 1961   3643.    6.1   11.0   1.41    1.2    1.1   -99.9
 'Wageningen' 17 10 1961    837.    9.0   11.2   1.16    4.3   24.4   -99.9
 'Wageningen' 18 10 1961   3726.    6.7    9.3   1.13    2.5    9.7   -99.9
 'Wageningen' 19 10 1961   2010.    8.2   12.1   1.01    1.2    5.2   -99.9
 'Wageningen' 20 10 1961   6280.    6.8   15.0   0.86    4.3    0.1   -99.9
 'Wageningen' 21 10 1961   8667.    4.0   14.8   0.93    1.2    0.0   -99.9
 'Wageningen' 22 10 1961   7243.    5.6   13.2   1.01    4.3    5.9   -99.9
 'Wageningen' 23 10 1961   3643.    8.1   17.3   1.25    2.5    3.3   -99.9
 'Wageningen' 24 10 1961   3349.    6.1   15.2   1.76    6.3   19.1   -99.9
 'Wageningen' 25 10 1961   4271.   10.1   15.0   1.18    2.5    1.8   -99.9
 'Wageningen' 26 10 1961   5527.    9.9   14.3   1.37    1.2    3.2   -99.9
 'Wageningen' 27 10 1961   4061.   10.2   13.2   1.44    4.3    0.0   -99.9
 'Wageningen' 28 10 1961   5066.    7.1   11.7   1.02    4.3    0.0   -99.9
 'Wageningen' 29 10 1961   4271.    3.9   12.0   1.14    1.2    0.0   -99.9
 'Wageningen' 30 10 1961   4647.    5.9   13.5   1.09    1.2    0.0   -99.9
 'Wageningen' 31 10 1961   5108.    5.9   14.5   1.22    4.3    0.6   -99.9
 'Wageningen'  1 11 1961   4271.    8.1   12.0   1.17    1.2    0.2   -99.9
 'Wageningen'  2 11 1961   1005.    7.8   10.8   1.16    4.3    7.1   -99.9
 'Wageningen'  3 11 1961   4145.    3.8    8.0   0.82    2.5    8.7   -99.9
 'Wageningen'  4 11 1961   5862.    2.4   10.1   0.82    0.1    7.4   -99.9
 'Wageningen'  5 11 1961   5443.    1.5    3.5   0.82    1.2    0.0   -99.9
 'Wageningen'  6 11 1961   2763.   -0.9    3.5   0.69    1.2    0.3   -99.9
 'Wageningen'  7 11 1961   1800.   -3.3    9.2   0.76    1.2    5.2   -99.9
 'Wageningen'  8 11 1961   1172.    2.2    9.6   1.04    1.2    5.7   -99.9
 'Wageningen'  9 11 1961   1675.    6.9    8.9   1.06    1.2    0.0   -99.9
 'Wageningen' 10 11 1961   4229.    3.9    9.8   1.00    0.1    0.7   -99.9
 'Wageningen' 11 11 1961   4647.    4.2    8.6   0.88    1.2    0.1   -99.9
 'Wageningen' 12 11 1961   3684.    3.2    9.8   0.93    8.6    0.0   -99.9
 'Wageningen' 13 11 1961    377.    6.3    7.0   0.85    8.6    2.6   -99.9
 'Wageningen' 14 11 1961    377.    5.5    6.3   0.86    2.5    0.5   -99.9
 'Wageningen' 15 11 1961   1298.    3.9    5.5   0.65    1.2    0.0   -99.9
 'Wageningen' 16 11 1961   4354.   -1.9    7.5   0.80    0.1    0.6   -99.9
 'Wageningen' 17 11 1961   1005.    4.4    8.4   1.00    1.2    0.3   -99.9
 'Wageningen' 18 11 1961   1256.    5.7    9.0   0.93    0.1    0.0   -99.9
 'Wageningen' 19 11 1961   1507.    5.6    6.1   0.98    0.1    0.0   -99.9
 'Wageningen' 20 11 1961   4815.    0.1    4.5   0.59    2.5    0.0   -99.9
 'Wageningen' 21 11 1961   4522.   -0.8    6.2   0.53    4.3    0.0   -99.9
 'Wageningen' 22 11 1961   4061.   -1.3    7.2   0.72    1.2    0.0   -99.9
 'Wageningen' 23 11 1961    586.    0.8    6.9   0.96    1.2    1.1   -99.9
 'Wageningen' 24 11 1961   3098.   -1.8    6.1   0.90    1.2    0.2   -99.9
 'Wageningen' 25 11 1961    879.    0.3    6.1   0.78    2.5    0.2   -99.9
 'Wageningen' 26 11 1961   2303.    0.8    4.9   0.86    1.2   12.5   -99.9
 'Wageningen' 27 11 1961    335.    4.0    5.2   0.82    6.3    7.5   -99.9
 'Wageningen' 28 11 1961    209.    3.9    6.9   0.85    1.2    0.8   -99.9
 'Wageningen' 29 11 1961   1800.    1.0   10.8   0.85    2.5    0.1   -99.9
 'Wageningen' 30 11 1961    167.    6.6   12.1   1.05   11.1   30.0   -99.9
 'Wageningen'  1 12 1961    544.    7.0   12.7   1.00    1.2   24.1   -99.9
 'Wageningen'  2 12 1961   2345.    3.6    5.2   0.82    2.5    0.7   -99.9
 'Wageningen'  3 12 1961   1340.    1.0   13.0   0.76    1.2    3.0   -99.9
 'Wageningen'  4 12 1961    461.    3.0   13.9   0.94    1.2   22.3   -99.9
 'Wageningen'  5 12 1961   1172.    6.0    6.2   1.12   13.8    2.8   -99.9
 'Wageningen'  6 12 1961   2638.    2.0    3.9   0.69    2.5    4.5   -99.9
 'Wageningen'  7 12 1961   2889.   -0.7    1.9   0.69    2.5    0.0   -99.9
 'Wageningen'  8 12 1961   2010.   -2.0    5.9   0.63    1.2    0.3   -99.9
 'Wageningen'  9 12 1961    209.    1.0   11.1   0.70    1.2    2.5   -99.9
 'Wageningen' 10 12 1961    879.    5.9   13.9   1.02    1.2    9.5   -99.9
 'Wageningen' 11 12 1961   2177.   10.3   12.8   1.06   11.1    7.9   -99.9
 'Wageningen' 12 12 1961   1005.    9.1   10.6   1.32    2.5    1.3   -99.9
 'Wageningen' 13 12 1961    167.    8.0   10.9   1.12    1.2   14.8   -99.9
 'Wageningen' 14 12 1961    377.    2.1    2.1   0.84    1.2    0.0   -99.9
 'Wageningen' 15 12 1961    712.   -1.2   -0.6   0.67    1.2    0.0   -99.9
 'Wageningen' 16 12 1961   1758.   -2.9   -0.9   0.41    1.2    0.0   -99.9
 'Wageningen' 17 12 1961   2973.   -6.4   -1.0   0.37    4.3    0.0   -99.9
 'Wageningen' 18 12 1961   3349.   -8.0   -0.5   0.44    0.1    0.0   -99.9
 'Wageningen' 19 12 1961   3475.   -8.9    1.9   0.48    0.1    0.1   -99.9
 'Wageningen' 20 12 1961    461.   -1.4    5.5   0.63    1.2    0.3   -99.9
 'Wageningen' 21 12 1961   1130.    2.1    4.5   0.84    1.2    0.2   -99.9
 'Wageningen' 22 12 1961    712.    0.8    0.8   0.82    1.2    0.2   -99.9
 'Wageningen' 23 12 1961   3517.   -6.3   -2.5   0.31    2.5    0.0   -99.9
 'Wageningen' 24 12 1961   3601.   -8.2   -4.2   0.41    1.2    0.0   -99.9
 'Wageningen' 25 12 1961   3559.  -10.6   -2.1   0.23    1.2    0.0   -99.9
 'Wageningen' 26 12 1961   3433.  -12.1   -2.0   0.27    1.2    0.0   -99.9
 'Wageningen' 27 12 1961   3266.   -6.6   -2.5   0.39    1.2    0.0   -99.9
 'Wageningen' 28 12 1961    461.   -8.7    5.0   0.41    0.1    0.0   -99.9
 'Wageningen' 29 12 1961   1005.   -2.5   10.0   0.80    1.2    3.4   -99.9
 'Wageningen' 30 12 1961   1130.    4.1    8.2   0.92    4.3    2.6   -99.9
 'Wageningen' 31 12 1961    335.    2.8    4.2   0.93    4.3   15.1   -99.9
