***************************************************************************
* File name: Wageni.954
* Contents: SWAP  3.0 - Meteo data of Wageningen weather station                
***************************************************************************     
* Comment area:                                                                 
*                                                                               
*                                                                               
***************************************************************************     
    Station   DD MM YYYY     RAD   Tmin   Tmax    HUM   WIND   RAIN   ETref     
*             nr nr   nr   kJ/m2      C      C    kPa    m/s     mm      mm     
 'Wageningen'  1  1 1954   2303.   -3.0    1.2   0.60    1.2    0.2   -99.9
 'Wageningen'  2  1 1954   4354.   -6.8    4.0   0.64    1.2    2.2   -99.9
 'Wageningen'  3  1 1954   2386.   -3.8    1.2   0.60    2.5    2.1   -99.9
 'Wageningen'  4  1 1954   1340.   -1.1    0.8   0.57    2.5    0.2   -99.9
 'Wageningen'  5  1 1954   3684.   -2.8   -2.8   0.55    6.3    0.0   -99.9
 'Wageningen'  6  1 1954   3182.   -8.9   -0.4   0.35    1.2    0.0   -99.9
 'Wageningen'  7  1 1954   1298.   -7.9    1.7   0.55    1.2    0.0   -99.9
 'Wageningen'  8  1 1954   5192.   -7.4    3.8   0.52    1.2    0.2   -99.9
 'Wageningen'  9  1 1954    377.   -0.8    4.8   0.74    4.3    8.1   -99.9
 'Wageningen' 10  1 1954   2973.   -0.3    8.0   0.69    4.3    5.3   -99.9
 'Wageningen' 11  1 1954   1172.    4.4    7.1   0.92    6.3    1.9   -99.9
 'Wageningen' 12  1 1954    879.    5.1    6.7   0.89    2.5    1.3   -99.9
 'Wageningen' 13  1 1954    670.    4.0    5.8   0.89    8.6   11.6   -99.9
 'Wageningen' 14  1 1954   2386.    1.2   12.1   0.73    8.6    1.8   -99.9
 'Wageningen' 15  1 1954    670.    4.6   10.5   1.25   11.1    0.5   -99.9
 'Wageningen' 16  1 1954   2428.    5.6    7.1   0.61   13.8    0.0   -99.9
 'Wageningen' 17  1 1954   2763.    2.3    7.7   0.68   11.1    0.2   -99.9
 'Wageningen' 18  1 1954   4354.    1.2    4.4   0.77    1.2    0.0   -99.9
 'Wageningen' 19  1 1954   1968.    2.4    9.3   0.63    4.3    5.4   -99.9
 'Wageningen' 20  1 1954    377.    3.5    7.5   0.98    4.3   10.6   -99.9
 'Wageningen' 21  1 1954   1758.    1.7    3.2   0.80    2.5    0.0   -99.9
 'Wageningen' 22  1 1954   2973.   -1.8    1.0   0.57    1.2    0.0   -99.9
 'Wageningen' 23  1 1954   5024.   -1.2   -0.2   0.43    4.3    0.0   -99.9
 'Wageningen' 24  1 1954   4689.   -6.2   -1.3   0.43    2.5    0.0   -99.9
 'Wageningen' 25  1 1954   4773.   -7.1   -3.6   0.40    4.3    0.0   -99.9
 'Wageningen' 26  1 1954   4731.   -7.2   -3.4   0.41    8.6    0.0   -99.9
 'Wageningen' 27  1 1954   5903.  -10.5   -5.1   0.25    6.3    0.0   -99.9
 'Wageningen' 28  1 1954   3308.  -10.3   -0.7   0.27    4.3    0.0   -99.9
 'Wageningen' 29  1 1954   4815.   -8.7   -2.3   0.41    6.3    0.0   -99.9
 'Wageningen' 30  1 1954   6113.  -10.0   -4.7   0.27    2.5    0.0   -99.9
 'Wageningen' 31  1 1954   6741.  -12.5   -6.3   0.35    8.6    0.0   -99.9
 'Wageningen'  1  2 1954   6406.  -13.8   -5.0   0.29    6.3    0.0   -99.9
 'Wageningen'  2  2 1954   6071.  -12.9   -1.4   0.32    6.3    0.0   -99.9
 'Wageningen'  3  2 1954   7243.  -11.0   -1.4   0.49    4.3    0.1   -99.9
 'Wageningen'  4  2 1954   7704.  -10.3   -0.2   0.47    4.3    0.0   -99.9
 'Wageningen'  5  2 1954   6908.  -10.0   -0.3   0.57    2.5    0.0   -99.9
 'Wageningen'  6  2 1954   5275.   -7.9   -3.9   0.56    2.5    0.0   -99.9
 'Wageningen'  7  2 1954   3433.  -10.0    1.8   0.65    6.3    0.2   -99.9
 'Wageningen'  8  2 1954   2680.   -2.4    1.3   0.60    4.3    8.8   -99.9
 'Wageningen'  9  2 1954   5945.   -1.7    1.2   0.55    1.2    1.5   -99.9
 'Wageningen' 10  2 1954   1675.    0.4    4.9   0.55    2.5    5.2   -99.9
 'Wageningen' 11  2 1954   2303.    1.1    2.8   0.81    1.2    1.0   -99.9
 'Wageningen' 12  2 1954   2010.    0.5    8.0   0.69    1.2    0.7   -99.9
 'Wageningen' 13  2 1954   2638.    2.2    6.2   0.85    1.2    2.7   -99.9
 'Wageningen' 14  2 1954   1507.    2.8    4.2   0.81    0.1    0.3   -99.9
 'Wageningen' 15  2 1954    167.    0.3    1.6   0.59    1.2    0.1   -99.9
 'Wageningen' 16  2 1954   1130.   -1.0    0.4   0.52    1.2    0.0   -99.9
 'Wageningen' 17  2 1954   4480.   -2.2    2.7   0.45    0.1    0.0   -99.9
 'Wageningen' 18  2 1954   3349.   -1.1    1.4   0.53    2.5    4.8   -99.9
 'Wageningen' 19  2 1954   2010.   -0.8    3.1   0.56    2.5    3.0   -99.9
 'Wageningen' 20  2 1954   5150.   -0.6    4.1   0.57    1.2    0.0   -99.9
 'Wageningen' 21  2 1954   7662.   -3.8    4.6   0.65    1.2    0.0   -99.9
 'Wageningen' 22  2 1954   2386.   -2.0    7.4   0.76    1.2    0.1   -99.9
 'Wageningen' 23  2 1954   3224.    2.6    8.3   0.82    2.5    3.1   -99.9
 'Wageningen' 24  2 1954   3936.    1.7    7.8   0.85    4.3    0.8   -99.9
 'Wageningen' 25  2 1954   3140.    2.3    7.3   0.93    6.3    4.5   -99.9
 'Wageningen' 26  2 1954   3726.    2.5    5.0   0.73    8.6    5.8   -99.9
 'Wageningen' 27  2 1954   1842.    1.2    6.2   0.77    4.3    1.3   -99.9
 'Wageningen' 28  2 1954   4899.   -1.4    2.1   0.74    2.5    0.4   -99.9
 'Wageningen'  1  3 1954   3098.   -2.0    1.7   0.59    6.3    4.8   -99.9
 'Wageningen'  2  3 1954   2805.   -3.1    6.5   0.64    4.3    1.7   -99.9
 'Wageningen'  3  3 1954   2805.    0.2    7.5   0.78    4.3    4.5   -99.9
 'Wageningen'  4  3 1954   4145.    2.6    4.5   0.69    4.3    0.1   -99.9
 'Wageningen'  5  3 1954   3014.    0.6    6.1   0.70    4.3    1.7   -99.9
 'Wageningen'  6  3 1954   5652.    0.8    8.4   0.80    4.3    0.8   -99.9
 'Wageningen'  7  3 1954   2386.    4.3   10.2   0.92   13.8    9.1   -99.9
 'Wageningen'  8  3 1954   4354.    6.3   15.2   1.01    2.5    0.4   -99.9
 'Wageningen'  9  3 1954   6364.    6.3   14.6   0.92    1.2    0.0   -99.9
 'Wageningen' 10  3 1954   5987.    5.8   13.7   1.04    1.2    0.1   -99.9
 'Wageningen' 11  3 1954   8625.   -0.4   12.4   0.93    2.5    0.0   -99.9
 'Wageningen' 12  3 1954  12016.    2.6    7.3   0.65    4.3    0.0   -99.9
 'Wageningen' 13  3 1954  10216.    1.9    5.4   0.67    4.3    0.0   -99.9
 'Wageningen' 14  3 1954   5359.    1.9    3.4   0.67    6.3    0.0   -99.9
 'Wageningen' 15  3 1954   1884.    1.3    4.8   0.64    2.5    0.3   -99.9
 'Wageningen' 16  3 1954   3977.   -0.4    8.2   0.65    2.5    0.0   -99.9
 'Wageningen' 17  3 1954   8625.    3.1   13.9   0.71    2.5    0.0   -99.9
 'Wageningen' 18  3 1954  11765.   -2.1   12.8   0.76    1.2    0.0   -99.9
 'Wageningen' 19  3 1954   4564.    2.2   13.2   1.20    0.1    0.2   -99.9
 'Wageningen' 20  3 1954   5317.    7.6   15.4   1.14    4.3    0.0   -99.9
 'Wageningen' 21  3 1954   9420.    6.8   18.1   0.96    4.3    0.0   -99.9
 'Wageningen' 22  3 1954   9881.    6.2   17.1   0.92    4.3    0.0   -99.9
 'Wageningen' 23  3 1954  10551.    9.6   13.6   0.97    4.3    0.2   -99.9
 'Wageningen' 24  3 1954   3894.    7.0    9.3   0.98    4.3    0.1   -99.9
 'Wageningen' 25  3 1954   3517.    3.2    8.9   0.77    2.5    6.1   -99.9
 'Wageningen' 26  3 1954   3643.    6.3   11.5   0.85   11.1    0.2   -99.9
 'Wageningen' 27  3 1954  11932.    3.3   12.6   0.74    1.2    0.0   -99.9
 'Wageningen' 28  3 1954  10593.    0.6   12.3   0.61    1.2    4.5   -99.9
 'Wageningen' 29  3 1954   6322.    6.9   14.0   1.00    4.3    0.2   -99.9
 'Wageningen' 30  3 1954   9002.    7.4   11.0   0.82    8.6    0.9   -99.9
 'Wageningen' 31  3 1954   3852.    6.3    8.4   0.94    6.3    3.5   -99.9
 'Wageningen'  1  4 1954   5317.    4.9   10.1   0.77    6.3    2.3   -99.9
 'Wageningen'  2  4 1954   5317.    2.8   13.3   1.10    4.3    7.2   -99.9
 'Wageningen'  3  4 1954   6029.    8.1   11.4   1.14    6.3    4.4   -99.9
 'Wageningen'  4  4 1954   3517.    7.4   10.7   1.18    6.3    4.7   -99.9
 'Wageningen'  5  4 1954  15952.    3.4    9.9   0.61    4.3    0.0   -99.9
 'Wageningen'  6  4 1954  17417.    0.8    8.8   0.68    2.5    0.0   -99.9
 'Wageningen'  7  4 1954   7997.   -1.7   12.3   0.72    4.3    0.0   -99.9
 'Wageningen'  8  4 1954  20180.   -3.2   14.0   0.55    2.5    0.0   -99.9
 'Wageningen'  9  4 1954  19301.    1.0   10.3   0.48    4.3    0.0   -99.9
 'Wageningen' 10  4 1954  19887.    0.8   12.6   0.48    4.3    0.0   -99.9
 'Wageningen' 11  4 1954  20055.    0.1   11.3   0.33    4.3    0.0   -99.9
 'Wageningen' 12  4 1954   5359.   -1.0   12.2   0.76    4.3    0.0   -99.9
 'Wageningen' 13  4 1954  13900.    3.4   11.9   0.69    4.3    0.0   -99.9
 'Wageningen' 14  4 1954  11179.    3.1   10.3   0.78    6.3    1.5   -99.9
 'Wageningen' 15  4 1954  13188.    6.9    8.5   0.98   11.1    1.1   -99.9
 'Wageningen' 16  4 1954  18589.    2.9   11.3   0.76    6.3    1.0   -99.9
 'Wageningen' 17  4 1954  13984.   -1.0    8.5   0.60    4.3    0.0   -99.9
 'Wageningen' 18  4 1954  11388.   -2.4    9.6   0.81    4.3    1.1   -99.9
 'Wageningen' 19  4 1954  12728.    1.0   11.2   0.65    2.5    0.7   -99.9
 'Wageningen' 20  4 1954  11974.    1.7   16.9   0.63    2.5    0.0   -99.9
 'Wageningen' 21  4 1954  15072.    6.3   10.8   0.90    2.5    0.0   -99.9
 'Wageningen' 22  4 1954  20725.    1.1   14.5   0.78    2.5    0.0   -99.9
 'Wageningen' 23  4 1954  17040.    3.9   12.5   0.90    1.2    0.0   -99.9
 'Wageningen' 24  4 1954  22441.    0.9   16.7   0.92    0.1    0.0   -99.9
 'Wageningen' 25  4 1954  22023.   -0.2   15.7   1.02    2.5    0.0   -99.9
 'Wageningen' 26  4 1954  22944.    2.9   11.4   0.55    4.3    0.0   -99.9
 'Wageningen' 27  4 1954  16957.    1.8   14.0   0.76    4.3    0.0   -99.9
 'Wageningen' 28  4 1954  18589.   -1.0   12.2   0.55    2.5    0.0   -99.9
 'Wageningen' 29  4 1954  19929.   -1.3   17.4   0.84    4.3    0.0   -99.9
 'Wageningen' 30  4 1954  22734.   -1.5   19.1   0.80    1.2    0.0   -99.9
 'Wageningen'  1  5 1954  16203.    2.9   13.2   0.52    4.3    0.2   -99.9
 'Wageningen'  2  5 1954   7746.    7.5   11.0   0.78    6.3    3.8   -99.9
 'Wageningen'  3  5 1954   4480.    5.1   14.3   0.81    6.3    4.3   -99.9
 'Wageningen'  4  5 1954  15784.    4.9   14.2   0.89    2.5    0.2   -99.9
 'Wageningen'  5  5 1954  10425.    4.6   14.3   0.92    4.3    0.5   -99.9
 'Wageningen'  6  5 1954  15407.    7.1   14.9   0.55    6.3    0.4   -99.9
 'Wageningen'  7  5 1954  17375.    4.5   17.1   0.65    4.3    0.0   -99.9
 'Wageningen'  8  5 1954  22776.    2.8   23.2   0.61    1.2    0.0   -99.9
 'Wageningen'  9  5 1954  21646.    7.0   27.7   1.12    2.5    0.0   -99.9
 'Wageningen' 10  5 1954  20976.   14.5   28.4   0.93    1.2    0.0   -99.9
 'Wageningen' 11  5 1954  21604.   15.8   27.5   1.12    2.5    0.0   -99.9
 'Wageningen' 12  5 1954  19720.   12.6   24.3   1.18    2.5    0.3   -99.9
 'Wageningen' 13  5 1954  23865.   13.1   21.5   0.73    4.3    0.0   -99.9
 'Wageningen' 14  5 1954  23530.    8.1   19.0   0.41    4.3    0.0   -99.9
 'Wageningen' 15  5 1954  22064.    6.1   16.8   0.97    4.3    0.0   -99.9
 'Wageningen' 16  5 1954  21646.    7.2   13.8   0.96    2.5    0.0   -99.9
 'Wageningen' 17  5 1954   8960.    7.3   12.9   0.86    8.6    0.0   -99.9
 'Wageningen' 18  5 1954  12225.    2.4   12.2   0.76    8.6    0.3   -99.9
 'Wageningen' 19  5 1954  14110.    6.4   12.8   0.81    6.3    2.5   -99.9
 'Wageningen' 20  5 1954   9295.    7.0   14.2   1.00    6.3    0.7   -99.9
 'Wageningen' 21  5 1954  16663.    5.8   11.0   0.72    6.3    2.0   -99.9
 'Wageningen' 22  5 1954   7453.    6.5   16.3   0.97    2.5    2.0   -99.9
 'Wageningen' 23  5 1954  17166.    5.9   18.1   0.77    1.2    1.7   -99.9
 'Wageningen' 24  5 1954  19887.    4.9   23.2   0.97    2.5    0.0   -99.9
 'Wageningen' 25  5 1954  23488.    8.7   28.2   0.85    2.5    0.0   -99.9
 'Wageningen' 26  5 1954  24618.   13.2   28.7   1.00    1.2    0.0   -99.9
 'Wageningen' 27  5 1954  22190.   11.2   28.2   1.01    4.3    0.0   -99.9
 'Wageningen' 28  5 1954  22023.   16.4   23.8   0.97    4.3    0.0   -99.9
 'Wageningen' 29  5 1954   3559.   11.8   15.2   1.36    1.2   16.5   -99.9
 'Wageningen' 30  5 1954   4229.   10.5   14.0   1.25    0.1    0.1   -99.9
 'Wageningen' 31  5 1954   4187.   11.2   17.0   1.24    1.2    6.1   -99.9
 'Wageningen'  1  6 1954   5610.    9.2   19.0   1.50    1.2    7.4   -99.9
 'Wageningen'  2  6 1954   9965.   11.1   21.3   1.41    1.2    0.1   -99.9
 'Wageningen'  3  6 1954  15282.    9.1   23.9   1.60    2.5    3.6   -99.9
 'Wageningen'  4  6 1954  24660.   11.6   24.6   0.97    4.3    0.0   -99.9
 'Wageningen'  5  6 1954  21311.   12.8   18.6   1.21    4.3   11.0   -99.9
 'Wageningen'  6  6 1954   7536.   14.6   19.0   1.49    1.2    2.4   -99.9
 'Wageningen'  7  6 1954  21688.    8.2   23.0   1.12    4.3    0.0   -99.9
 'Wageningen'  8  6 1954  10300.   12.6   19.1   1.37    4.3    4.4   -99.9
 'Wageningen'  9  6 1954  16873.   13.1   18.5   1.30    4.3    1.3   -99.9
 'Wageningen' 10  6 1954  19134.   13.0   19.1   1.22    6.3    1.9   -99.9
 'Wageningen' 11  6 1954  13105.   10.0   19.5   1.22    4.3    0.3   -99.9
 'Wageningen' 12  6 1954  17250.    7.3   20.2   1.14    0.1   19.6   -99.9
 'Wageningen' 13  6 1954  14821.   13.3   16.2   1.34    4.3   26.4   -99.9
 'Wageningen' 14  6 1954  12225.   12.3   19.3   1.05    6.3    0.0   -99.9
 'Wageningen' 15  6 1954  26126.    5.3   20.2   1.17    4.3    0.0   -99.9
 'Wageningen' 16  6 1954  15617.    9.9   21.0   1.48    2.5    0.3   -99.9
 'Wageningen' 17  6 1954  14193.   12.7   23.1   1.50    1.2    0.0   -99.9
 'Wageningen' 18  6 1954  16119.   14.8   29.0   1.70    1.2    0.0   -99.9
 'Wageningen' 19  6 1954  23990.   16.3   28.3   1.72    1.2    0.0   -99.9
 'Wageningen' 20  6 1954  18296.   16.4   21.7   2.00    1.2    2.6   -99.9
 'Wageningen' 21  6 1954   9881.   13.6   20.0   1.62    2.5    2.0   -99.9
 'Wageningen' 22  6 1954   7159.   13.4   19.3   1.62    1.2    0.0   -99.9
 'Wageningen' 23  6 1954  14696.   10.0   22.1   1.45    2.5    0.0   -99.9
 'Wageningen' 24  6 1954  24242.   11.0   20.0   1.30    4.3    0.0   -99.9
 'Wageningen' 25  6 1954   3936.   12.1   19.8   1.40    4.3   10.2   -99.9
 'Wageningen' 26  6 1954  13858.   14.1   16.7   1.37    6.3    3.1   -99.9
 'Wageningen' 27  6 1954  21981.   10.2   14.1   0.96    4.3    0.1   -99.9
 'Wageningen' 28  6 1954   5401.    9.4   15.3   1.33    2.5    3.7   -99.9
 'Wageningen' 29  6 1954  11681.   10.9   18.2   1.17    1.2    0.0   -99.9
 'Wageningen' 30  6 1954  20599.    7.9   20.0   1.17    0.1    0.0   -99.9
 'Wageningen'  1  7 1954  23823.    8.8   19.3   0.94    1.2    0.2   -99.9
 'Wageningen'  2  7 1954  12058.   13.2   17.3   1.33    2.5    0.3   -99.9
 'Wageningen'  3  7 1954   7913.   12.2   18.3   1.17    2.5    0.0   -99.9
 'Wageningen'  4  7 1954  19804.   11.7   17.2   1.21    2.5    4.2   -99.9
 'Wageningen'  5  7 1954  15575.    8.4   15.7   1.28    4.3    5.9   -99.9
 'Wageningen'  6  7 1954  14403.   10.1   16.7   1.14    4.3    3.9   -99.9
 'Wageningen'  7  7 1954  16077.    6.8   20.6   1.33    1.2    0.4   -99.9
 'Wageningen'  8  7 1954  22358.    6.2   22.2   1.26    1.2    0.0   -99.9
 'Wageningen'  9  7 1954  22902.    8.8   22.6   1.37    1.2    0.0   -99.9
 'Wageningen' 10  7 1954  24535.    9.2   22.0   1.54    1.2    0.0   -99.9
 'Wageningen' 11  7 1954   9504.   14.8   19.0   1.70    4.3    0.0   -99.9
 'Wageningen' 12  7 1954   6573.   13.8   16.4   1.54    2.5    3.7   -99.9
 'Wageningen' 13  7 1954   3768.   12.7   16.5   1.42    2.5    0.9   -99.9
 'Wageningen' 14  7 1954   4605.   10.2   16.4   1.74    4.3    7.3   -99.9
 'Wageningen' 15  7 1954  12435.   11.0   18.4   1.36    4.3    0.2   -99.9
 'Wageningen' 16  7 1954  12728.    9.1   16.1   1.38    4.3    3.3   -99.9
 'Wageningen' 17  7 1954   6741.   12.4   17.8   1.65    6.3   46.9   -99.9
 'Wageningen' 18  7 1954   9295.   12.3   16.1   1.48    6.3    9.6   -99.9
 'Wageningen' 19  7 1954   9043.   13.3   21.3   1.36    4.3    2.7   -99.9
 'Wageningen' 20  7 1954  23948.    7.8   21.7   1.38    6.3    0.1   -99.9
 'Wageningen' 21  7 1954  18757.   12.4   17.3   1.30    2.5    0.1   -99.9
 'Wageningen' 22  7 1954  17250.   10.3   18.5   1.17    2.5    0.0   -99.9
 'Wageningen' 23  7 1954  14235.   10.3   18.0   1.24    2.5    3.0   -99.9
 'Wageningen' 24  7 1954   3517.   13.7   19.3   1.78    4.3    0.9   -99.9
 'Wageningen' 25  7 1954   4899.   15.7   20.5   1.81    4.3   43.3   -99.9
 'Wageningen' 26  7 1954   7620.   14.8   19.3   1.69    4.3    7.3   -99.9
 'Wageningen' 27  7 1954  19594.   13.4   18.0   1.25    8.6    0.3   -99.9
 'Wageningen' 28  7 1954   9504.   10.7   18.9   1.32    4.3   14.3   -99.9
 'Wageningen' 29  7 1954  13523.   12.4   16.1   1.38    6.3    4.9   -99.9
 'Wageningen' 30  7 1954   7955.   12.7   17.5   1.36    4.3    0.5   -99.9
 'Wageningen' 31  7 1954   8039.   11.3   21.0   1.25    2.5    0.5   -99.9
 'Wageningen'  1  8 1954  15031.   11.7   25.5   1.42    2.5    0.0   -99.9
 'Wageningen'  2  8 1954  20390.   14.4   28.5   1.89    4.3    0.0   -99.9
 'Wageningen'  3  8 1954  18966.   14.2   25.2   2.05    0.1    0.0   -99.9
 'Wageningen'  4  8 1954  17124.   17.1   23.4   2.25    1.2    0.0   -99.9
 'Wageningen'  5  8 1954  15198.   13.8   23.7   2.09    1.2    0.0   -99.9
 'Wageningen'  6  8 1954  10928.   18.2   20.6   1.92    1.2    4.6   -99.9
 'Wageningen'  7  8 1954  12895.   13.6   16.6   1.25    4.3    1.2   -99.9
 'Wageningen'  8  8 1954   9127.   13.5   19.9   1.41    2.5    2.7   -99.9
 'Wageningen'  9  8 1954  13858.   11.3   17.0   1.53    1.2    2.4   -99.9
 'Wageningen' 10  8 1954   9797.   12.9   18.1   1.54    2.5   11.4   -99.9
 'Wageningen' 11  8 1954  12644.   12.2   17.0   1.34    4.3    0.1   -99.9
 'Wageningen' 12  8 1954   4187.   10.0   20.9   1.57    2.5   11.4   -99.9
 'Wageningen' 13  8 1954  14654.   14.5   20.7   1.54    1.2    1.9   -99.9
 'Wageningen' 14  8 1954  11765.   10.9   18.0   1.33    0.1   15.0   -99.9
 'Wageningen' 15  8 1954  12979.   11.6   18.8   1.25    1.2    0.0   -99.9
 'Wageningen' 16  8 1954  16203.    9.6   21.5   1.38    2.5    1.6   -99.9
 'Wageningen' 17  8 1954  22441.   10.1   19.4   1.24    2.5    1.6   -99.9
 'Wageningen' 18  8 1954  11430.   15.1   17.8   1.48    4.3    0.0   -99.9
 'Wageningen' 19  8 1954   4564.   12.3   19.8   1.54    4.3    2.9   -99.9
 'Wageningen' 20  8 1954  10132.   12.4   18.1   1.42    2.5    0.0   -99.9
 'Wageningen' 21  8 1954   5694.    9.6   17.0   1.38    1.2    0.0   -99.9
 'Wageningen' 22  8 1954   5694.   13.7   15.8   1.42    4.3    0.3   -99.9
 'Wageningen' 23  8 1954   4396.   12.2   14.1   1.44    4.3   23.0   -99.9
 'Wageningen' 24  8 1954   1842.   11.1   18.6   1.33    6.3   32.4   -99.9
 'Wageningen' 25  8 1954   7578.   11.8   24.3   1.76    2.5    0.4   -99.9
 'Wageningen' 26  8 1954  20599.   10.7   24.8   1.40    2.5    0.0   -99.9
 'Wageningen' 27  8 1954  18380.   10.1   19.2   1.69    1.2    0.0   -99.9
 'Wageningen' 28  8 1954  15282.   10.8   20.7   1.76    2.5    1.2   -99.9
 'Wageningen' 29  8 1954  13188.   10.1   19.4   1.41    4.3    0.0   -99.9
 'Wageningen' 30  8 1954   7746.   14.6   22.2   1.57    4.3    0.0   -99.9
 'Wageningen' 31  8 1954   7076.   15.1   27.6   2.02    2.5    0.0   -99.9
 'Wageningen'  1  9 1954  18045.   11.6   22.8   1.49    1.2    0.0   -99.9
 'Wageningen'  2  9 1954  11639.   15.4   24.6   2.06    1.2    0.0   -99.9
 'Wageningen'  3  9 1954  12853.   14.3   24.8   1.81    1.2    0.0   -99.9
 'Wageningen'  4  9 1954  11681.   13.1   17.7   2.07    1.2   16.0   -99.9
 'Wageningen'  5  9 1954   4229.   13.1   20.0   1.68    0.1    8.5   -99.9
 'Wageningen'  6  9 1954   9504.   14.1   20.4   1.56    2.5    0.0   -99.9
 'Wageningen'  7  9 1954   6406.   15.3   19.8   2.06    2.5    3.5   -99.9
 'Wageningen'  8  9 1954  15701.    9.9   20.6   1.41    2.5    0.0   -99.9
 'Wageningen'  9  9 1954   8709.   12.7   19.8   1.60    4.3    1.1   -99.9
 'Wageningen' 10  9 1954  12058.   11.4   19.6   1.53    4.3    4.2   -99.9
 'Wageningen' 11  9 1954   9420.   13.6   17.7   1.52    4.3    4.5   -99.9
 'Wageningen' 12  9 1954  10216.   12.1   18.5   1.40    4.3    0.0   -99.9
 'Wageningen' 13  9 1954  11053.   10.3   18.1   1.30    2.5    0.0   -99.9
 'Wageningen' 14  9 1954  11262.   10.0   15.2   1.22    2.5    0.0   -99.9
 'Wageningen' 15  9 1954   5778.    8.2   18.8   1.52    4.3    0.3   -99.9
 'Wageningen' 16  9 1954   4271.   14.1   16.9   1.84    8.6    7.5   -99.9
 'Wageningen' 17  9 1954   9462.   10.1   18.3   1.29    6.3    1.4   -99.9
 'Wageningen' 18  9 1954   7118.   11.3   15.4   1.44    1.2    0.8   -99.9
 'Wageningen' 19  9 1954   6113.    8.4   15.3   1.37    2.5    0.9   -99.9
 'Wageningen' 20  9 1954  11639.   11.1   14.4   0.97    8.6    4.9   -99.9
 'Wageningen' 21  9 1954   7746.    9.3   15.3   1.14    1.2    5.5   -99.9
 'Wageningen' 22  9 1954   7201.    8.7   16.4   1.17    2.5    1.7   -99.9
 'Wageningen' 23  9 1954   9504.    5.9   17.4   1.21    1.2    0.0   -99.9
 'Wageningen' 24  9 1954   5317.    7.9   15.4   1.45    8.6    5.7   -99.9
 'Wageningen' 25  9 1954   5024.    9.2   13.4   1.45    4.3    5.4   -99.9
 'Wageningen' 26  9 1954   3182.    8.2   12.3   1.36    2.5    6.6   -99.9
 'Wageningen' 27  9 1954   6908.    8.3   13.9   0.88    1.2    0.3   -99.9
 'Wageningen' 28  9 1954   4564.    5.1   11.1   1.26    2.5    1.2   -99.9
 'Wageningen' 29  9 1954   6071.    5.7   11.4   0.84    4.3    6.7   -99.9
 'Wageningen' 30  9 1954   2680.    3.8   15.0   1.09    6.3    6.3   -99.9
 'Wageningen'  1 10 1954   1507.    9.3   17.7   1.36    2.5    0.7   -99.9
 'Wageningen'  2 10 1954   3433.   13.3   20.3   1.73    2.5    0.1   -99.9
 'Wageningen'  3 10 1954  11514.   10.1   16.2   1.49    4.3    0.3   -99.9
 'Wageningen'  4 10 1954   5862.   10.6   14.0   1.21    4.3    3.4   -99.9
 'Wageningen'  5 10 1954   1424.    9.3   15.7   1.42    4.3   10.7   -99.9
 'Wageningen'  6 10 1954   4187.    9.6   11.2   1.25    8.6   15.2   -99.9
 'Wageningen'  7 10 1954   2596.    8.4   12.1   1.04    2.5    0.0   -99.9
 'Wageningen'  8 10 1954   5443.    6.9   13.1   1.05    1.2    0.3   -99.9
 'Wageningen'  9 10 1954   7829.    7.1   10.1   1.10    1.2    0.0   -99.9
 'Wageningen' 10 10 1954   2428.    5.1   14.2   1.05    2.5    1.0   -99.9
 'Wageningen' 11 10 1954   7955.    6.0   15.0   1.12    1.2    0.0   -99.9
 'Wageningen' 12 10 1954   7034.    5.4   14.5   1.20    2.5    0.0   -99.9
 'Wageningen' 13 10 1954   1926.   10.3   16.9   1.45    4.3    0.3   -99.9
 'Wageningen' 14 10 1954   4605.   12.0   16.7   1.37    1.2    0.0   -99.9
 'Wageningen' 15 10 1954   7453.    9.1   15.9   1.24    4.3    0.0   -99.9
 'Wageningen' 16 10 1954   2303.   10.0   16.9   1.50    4.3    3.0   -99.9
 'Wageningen' 17 10 1954   1675.   13.2   18.7   1.57    2.5    0.0   -99.9
 'Wageningen' 18 10 1954   4396.   13.1   16.4   1.53    2.5   10.7   -99.9
 'Wageningen' 19 10 1954   2512.   13.9   14.3   1.36    8.6    0.6   -99.9
 'Wageningen' 20 10 1954   5987.   10.2   12.8   1.16    2.5    0.4   -99.9
 'Wageningen' 21 10 1954   1717.   10.8   13.9   1.37    2.5    1.1   -99.9
 'Wageningen' 22 10 1954   4103.    9.9   13.3   1.22    4.3   15.8   -99.9
 'Wageningen' 23 10 1954   4187.    7.7   17.3   1.06    2.5    0.0   -99.9
 'Wageningen' 24 10 1954   1842.   10.5   11.3   1.62    8.6    4.6   -99.9
 'Wageningen' 25 10 1954   5275.    7.5   10.6   0.93    2.5    0.2   -99.9
 'Wageningen' 26 10 1954   7494.    2.9   16.4   0.73    1.2    0.3   -99.9
 'Wageningen' 27 10 1954   1633.    3.7   16.1   1.57    6.3   11.3   -99.9
 'Wageningen' 28 10 1954   4480.   12.0   16.0   1.41    2.5    0.1   -99.9
 'Wageningen' 29 10 1954   2010.    9.4   13.8   1.40    6.3    0.9   -99.9
 'Wageningen' 30 10 1954   2763.    8.8   12.0   1.08    4.3    0.5   -99.9
 'Wageningen' 31 10 1954   5234.    6.7   13.5   1.09    2.5    0.2   -99.9
 'Wageningen'  1 11 1954   4731.    5.8   13.8   1.08    1.2    0.0   -99.9
 'Wageningen'  2 11 1954   5192.    4.3   11.9   1.21    1.2    0.8   -99.9
 'Wageningen'  3 11 1954   2847.    6.3   11.6   1.04    1.2    5.5   -99.9
 'Wageningen'  4 11 1954   4187.    3.3   12.5   1.01    2.5    0.1   -99.9
 'Wageningen'  5 11 1954   4982.    4.5   15.0   0.89    2.5    0.0   -99.9
 'Wageningen'  6 11 1954   2973.    5.0   12.7   1.30    1.2    3.7   -99.9
 'Wageningen'  7 11 1954    419.    6.8   10.0   1.18    1.2   21.5   -99.9
 'Wageningen'  8 11 1954   4689.    2.3    9.7   0.85    2.5    1.6   -99.9
 'Wageningen'  9 11 1954   4522.    4.3    8.0   0.88    4.3    0.3   -99.9
 'Wageningen' 10 11 1954   3433.    0.7   11.3   0.69    2.5    5.1   -99.9
 'Wageningen' 11 11 1954   3726.    3.4   13.5   0.84    6.3    1.0   -99.9
 'Wageningen' 12 11 1954    837.    8.4    9.2   1.45    4.3    4.2   -99.9
 'Wageningen' 13 11 1954   5192.    3.2    9.2   0.77    2.5    7.9   -99.9
 'Wageningen' 14 11 1954   3559.    4.6    8.0   0.73    2.5    0.4   -99.9
 'Wageningen' 15 11 1954   6071.    2.3    6.6   0.76    4.3    1.0   -99.9
 'Wageningen' 16 11 1954   1340.   -0.1    8.4   0.88    1.2    5.0   -99.9
 'Wageningen' 17 11 1954   3056.    4.6    8.6   0.89    1.2    0.3   -99.9
 'Wageningen' 18 11 1954   3391.    4.0    7.0   0.74    2.5    0.0   -99.9
 'Wageningen' 19 11 1954   2638.    2.9    5.3   0.72    1.2    0.0   -99.9
 'Wageningen' 20 11 1954   4019.    0.3    1.7   0.68    1.2    0.0   -99.9
 'Wageningen' 21 11 1954   3726.   -3.0    4.8   0.51    2.5    0.0   -99.9
 'Wageningen' 22 11 1954   2512.   -0.9    9.4   0.65    2.5    0.0   -99.9
 'Wageningen' 23 11 1954   1591.    3.3    9.2   0.77    6.3    2.5   -99.9
 'Wageningen' 24 11 1954   3349.    5.1    8.9   0.77    4.3    0.8   -99.9
 'Wageningen' 25 11 1954   1465.    3.0   10.3   1.01    4.3    3.5   -99.9
 'Wageningen' 26 11 1954   2680.    5.8   11.0   0.86    2.5    1.5   -99.9
 'Wageningen' 27 11 1954   2763.    7.8   11.7   0.90    6.3    3.2   -99.9
 'Wageningen' 28 11 1954   2261.    7.5   10.3   1.18    1.2    0.2   -99.9
 'Wageningen' 29 11 1954   2847.    6.1   13.4   0.86    4.3    1.8   -99.9
 'Wageningen' 30 11 1954   2093.    8.8   10.9   1.04    4.3    0.4   -99.9
 'Wageningen'  1 12 1954   2763.    5.4   10.6   0.92    4.3    0.1   -99.9
 'Wageningen'  2 12 1954   1130.    3.5   13.1   0.94    4.3    0.5   -99.9
 'Wageningen'  3 12 1954   1507.    8.8   13.0   1.17    4.3    0.5   -99.9
 'Wageningen'  4 12 1954   1465.    7.2    9.4   1.24    8.6    1.9   -99.9
 'Wageningen'  5 12 1954   2889.    4.2    5.7   0.82    4.3    1.6   -99.9
 'Wageningen'  6 12 1954   1842.    1.8    2.9   0.76    4.3    2.4   -99.9
 'Wageningen'  7 12 1954   2261.   -1.9    2.7   0.70    0.1    0.1   -99.9
 'Wageningen'  8 12 1954   1800.   -1.0    8.6   0.72    6.3    3.0   -99.9
 'Wageningen'  9 12 1954   1298.    1.3    8.2   0.84    6.3    0.1   -99.9
 'Wageningen' 10 12 1954   2303.    3.1    3.4   0.76    2.5    0.0   -99.9
 'Wageningen' 11 12 1954   1842.   -0.4    4.9   0.74    1.2    1.8   -99.9
 'Wageningen' 12 12 1954   1717.    0.6    7.0   0.70    4.3    3.2   -99.9
 'Wageningen' 13 12 1954   2889.    3.2    5.4   0.80    4.3    6.6   -99.9
 'Wageningen' 14 12 1954    670.    3.4   11.1   0.84    1.2    2.5   -99.9
 'Wageningen' 15 12 1954   2303.    4.5    4.6   0.89    4.3    0.3   -99.9
 'Wageningen' 16 12 1954   1047.   -0.3    3.6   0.77    1.2    0.3   -99.9
 'Wageningen' 17 12 1954    419.   -1.7    3.6   0.73    1.2    0.8   -99.9
 'Wageningen' 18 12 1954   1047.   -0.5    7.1   0.77    1.2    0.0   -99.9
 'Wageningen' 19 12 1954    544.    3.3    9.4   0.89    2.5    0.6   -99.9
 'Wageningen' 20 12 1954   1382.    6.6    7.7   1.08    4.3    0.9   -99.9
 'Wageningen' 21 12 1954   1172.    3.3    9.1   0.81    8.6    7.8   -99.9
 'Wageningen' 22 12 1954   1340.    4.3    9.0   0.85    0.1   10.6   -99.9
 'Wageningen' 23 12 1954   1005.    0.6    4.8   0.67   11.1   11.9   -99.9
 'Wageningen' 24 12 1954   2931.    1.4    7.8   0.67    1.2    3.4   -99.9
 'Wageningen' 25 12 1954    209.    0.6    9.8   0.97    2.5    8.0   -99.9
 'Wageningen' 26 12 1954   1298.    6.7   10.6   0.86    8.6    0.0   -99.9
 'Wageningen' 27 12 1954   1047.    7.3   10.5   1.08    6.3    0.0   -99.9
 'Wageningen' 28 12 1954   1005.    7.8    9.8   1.04    4.3    0.0   -99.9
 'Wageningen' 29 12 1954   1005.    7.7    8.5   1.08    1.2    0.6   -99.9
 'Wageningen' 30 12 1954    837.    6.2    6.2   1.04   23.3    0.1   -99.9
 'Wageningen' 31 12 1954   3224.   -1.0    2.4   0.59    1.2    0.0   -99.9
