***************************************************************************
* File name: Wageni.986
* Contents: SWAP  3.0 - Meteo data of Wageningen weather station                
***************************************************************************     
* Comment area:                                                                 
*                                                                               
*                                                                               
***************************************************************************     
    Station   DD MM YYYY     RAD   Tmin   Tmax    HUM   WIND   RAIN   ETref     
*             nr nr   nr   kJ/m2      C      C    kPa    m/s     mm      mm     
 'Wageningen'  1  1 1986    670.   -7.0   -1.9   0.38    3.8    0.0   -99.9
 'Wageningen'  2  1 1986    940.   -2.7    4.7   0.64    3.9    4.2   -99.9
 'Wageningen'  3  1 1986    520.   -3.9    4.7   0.60    2.2    5.6   -99.9
 'Wageningen'  4  1 1986   2830.   -3.2    1.0   0.52    2.7    2.8   -99.9
 'Wageningen'  5  1 1986    490.   -0.7    0.8   0.58    3.8    3.3   -99.9
 'Wageningen'  6  1 1986   1450.   -3.5    1.0   0.57    1.6    9.4   -99.9
 'Wageningen'  7  1 1986   2020.   -5.8   -1.9   0.45    1.4    1.0   -99.9
 'Wageningen'  8  1 1986   1930.   -3.3   -1.0   0.39    3.8    0.0   -99.9
 'Wageningen'  9  1 1986   2870.   -7.9   -2.5   0.38    2.0    0.0   -99.9
 'Wageningen' 10  1 1986    670.   -4.9    5.8   0.61    4.9    0.0   -99.9
 'Wageningen' 11  1 1986   2450.    1.8    5.8   0.71    4.8    8.4   -99.9
 'Wageningen' 12  1 1986   1920.    2.0    5.1   0.65    5.8    5.3   -99.9
 'Wageningen' 13  1 1986    820.    4.8    9.9   0.91    7.4    6.9   -99.9
 'Wageningen' 14  1 1986   1280.    3.4   10.1   0.67    6.7    8.9   -99.9
 'Wageningen' 15  1 1986   1920.    0.0    6.1   0.70    4.9   12.3   -99.9
 'Wageningen' 16  1 1986   2930.   -0.6    3.9   0.57    3.3    1.8   -99.9
 'Wageningen' 17  1 1986   3320.   -0.4    3.9   0.54    2.4    0.4   -99.9
 'Wageningen' 18  1 1986    480.   -0.4    8.8   0.82    5.7    1.5   -99.9
 'Wageningen' 19  1 1986    550.    5.1   10.9   0.96    8.1   17.9   -99.9
 'Wageningen' 20  1 1986   3250.    3.0    6.8   0.68    6.1    8.0   -99.9
 'Wageningen' 21  1 1986   1160.    4.9    6.8   0.76    5.7    0.0   -99.9
 'Wageningen' 22  1 1986   3220.    3.0    7.8   0.73    5.7    8.5   -99.9
 'Wageningen' 23  1 1986   2390.    2.1    8.3   0.72    5.1    7.6   -99.9
 'Wageningen' 24  1 1986   2470.    0.6    3.8   0.59    3.9    3.2   -99.9
 'Wageningen' 25  1 1986   4030.   -0.1    4.1   0.52    4.4    2.8   -99.9
 'Wageningen' 26  1 1986   5260.   -4.0    3.3   0.49    0.8    0.6   -99.9
 'Wageningen' 27  1 1986   1070.   -4.2   -1.0   0.45    2.6    0.0   -99.9
 'Wageningen' 28  1 1986   3700.   -2.0    3.5   0.55    3.6    1.3   -99.9
 'Wageningen' 29  1 1986   2830.   -0.1    2.6   0.45    4.8    0.0   -99.9
 'Wageningen' 30  1 1986   4100.   -1.3    2.6   0.46    3.8    0.0   -99.9
 'Wageningen' 31  1 1986   1460.    0.7    2.0   0.50    6.1    0.0   -99.9
 'Wageningen'  1  2 1986    520.    0.9    3.4   0.58    5.8    0.0   -99.9
 'Wageningen'  2  2 1986    730.   -0.4    2.9   0.55    4.2    0.0   -99.9
 'Wageningen'  3  2 1986    760.   -1.5   -0.1   0.45    4.6    0.4   -99.9
 'Wageningen'  4  2 1986   4060.   -4.4   -0.7   0.36    4.6    0.0   -99.9
 'Wageningen'  5  2 1986   5520.   -7.4   -0.2   0.33    2.8    0.0   -99.9
 'Wageningen'  6  2 1986   3000.   -6.4   -2.1   0.30    3.6    0.0   -99.9
 'Wageningen'  7  2 1986   5200.   -6.3   -0.6   0.31    3.1    0.0   -99.9
 'Wageningen'  8  2 1986   4270.   -9.0   -3.2   0.31    2.5    0.0   -99.9
 'Wageningen'  9  2 1986   5030.  -11.9   -7.4   0.21    1.9    0.0   -99.9
 'Wageningen' 10  2 1986   1750.   -8.6   -1.4   0.39    3.2    0.0   -99.9
 'Wageningen' 11  2 1986   4360.   -2.2    0.8   0.44    2.9    0.0   -99.9
 'Wageningen' 12  2 1986   6550.   -5.4    2.8   0.35    2.9    0.0   -99.9
 'Wageningen' 13  2 1986   7020.   -6.1    2.5   0.23    3.6    0.0   -99.9
 'Wageningen' 14  2 1986   3920.   -6.2    0.0   0.34    4.3    0.0   -99.9
 'Wageningen' 15  2 1986   5520.   -5.4    1.4   0.36    3.8    0.0   -99.9
 'Wageningen' 16  2 1986   4330.   -6.5    0.3   0.38    4.1    0.0   -99.9
 'Wageningen' 17  2 1986   6670.   -5.2    1.8   0.34    5.5    0.0   -99.9
 'Wageningen' 18  2 1986   3100.   -7.4   -0.4   0.39    2.8    0.1   -99.9
 'Wageningen' 19  2 1986   2150.  -10.8   -2.0   0.36    2.4    0.0   -99.9
 'Wageningen' 20  2 1986   5280.  -11.9   -1.9   0.32    0.7    0.0   -99.9
 'Wageningen' 21  2 1986   6280.  -16.3    0.2   0.17    0.8    0.1   -99.9
 'Wageningen' 22  2 1986   4660.  -14.7   -1.9   0.23    1.8    0.0   -99.9
 'Wageningen' 23  2 1986   8570.   -9.8   -1.5   0.28    3.0    0.1   -99.9
 'Wageningen' 24  2 1986   7060.  -14.7    1.5   0.29    2.1    0.0   -99.9
 'Wageningen' 25  2 1986   7930.   -6.6   -0.7   0.29    3.0    0.0   -99.9
 'Wageningen' 26  2 1986   9380.  -11.9   -0.4   0.24    3.4    0.0   -99.9
 'Wageningen' 27  2 1986   9740.  -11.6    1.6   0.22    3.7    0.0   -99.9
 'Wageningen' 28  2 1986   6480.   -6.5    2.2   0.22    5.6    0.0   -99.9
 'Wageningen'  1  3 1986   4750.   -3.0    1.0   0.28    4.6    0.0   -99.9
 'Wageningen'  2  3 1986   9030.   -7.2    2.8   0.31    3.8    0.0   -99.9
 'Wageningen'  3  3 1986   8860.   -8.2    3.2   0.34    1.6    0.0   -99.9
 'Wageningen'  4  3 1986   2210.   -7.5    4.1   0.55    4.5    0.0   -99.9
 'Wageningen'  5  3 1986   1130.    4.1    7.5   0.91    4.8    7.1   -99.9
 'Wageningen'  6  3 1986   6460.    1.0    7.5   0.77    2.7    2.4   -99.9
 'Wageningen'  7  3 1986   8130.   -2.5    7.8   0.46    1.5    0.0   -99.9
 'Wageningen'  8  3 1986   6020.   -3.0    4.8   0.61    1.6    0.0   -99.9
 'Wageningen'  9  3 1986   7240.   -3.4    7.0   0.55    1.0    0.1   -99.9
 'Wageningen' 10  3 1986  10000.   -0.6    8.1   0.52    0.9    0.0   -99.9
 'Wageningen' 11  3 1986   4920.   -4.9    6.8   0.59    0.8    0.0   -99.9
 'Wageningen' 12  3 1986   1980.    1.0    3.8   0.63    1.3    0.0   -99.9
 'Wageningen' 13  3 1986   3320.    1.0    5.0   0.58    1.0    0.0   -99.9
 'Wageningen' 14  3 1986   6160.    0.5    6.2   0.57    1.5    0.0   -99.9
 'Wageningen' 15  3 1986   8070.    0.2    9.9   0.69    2.2    0.0   -99.9
 'Wageningen' 16  3 1986   8910.    2.9   10.9   0.75    2.8    0.0   -99.9
 'Wageningen' 17  3 1986   4380.    2.0    9.1   0.82    1.4    0.1   -99.9
 'Wageningen' 18  3 1986   9270.    4.6   16.8   0.82    2.5    2.5   -99.9
 'Wageningen' 19  3 1986  11980.    5.6   16.4   0.83    2.6    0.0   -99.9
 'Wageningen' 20  3 1986   5510.    4.0    9.5   0.81    4.8    0.0   -99.9
 'Wageningen' 21  3 1986   8950.    0.3    8.0   0.68    3.1    3.7   -99.9
 'Wageningen' 22  3 1986   3480.    1.7    8.3   0.78    5.7    0.0   -99.9
 'Wageningen' 23  3 1986   9520.    3.9    9.6   0.78    7.3   15.3   -99.9
 'Wageningen' 24  3 1986   3880.    1.9   10.7   0.71    8.6    2.6   -99.9
 'Wageningen' 25  3 1986  10760.    2.0    7.9   0.60    7.8    7.5   -99.9
 'Wageningen' 26  3 1986   7890.    3.3    9.0   0.73    4.5    2.1   -99.9
 'Wageningen' 27  3 1986   6580.    4.7   13.5   1.01    6.0    4.2   -99.9
 'Wageningen' 28  3 1986  11130.    6.4   11.8   0.83    6.7   14.6   -99.9
 'Wageningen' 29  3 1986   6670.    4.4    9.3   0.81    4.7    9.7   -99.9
 'Wageningen' 30  3 1986   8360.    0.7    7.4   0.69    6.6    5.5   -99.9
 'Wageningen' 31  3 1986   4220.    2.9    9.3   0.74    4.2    6.2   -99.9
 'Wageningen'  1  4 1986  10420.    1.3    8.9   0.69    5.6    6.0   -99.9
 'Wageningen'  2  4 1986   8680.    0.0    9.3   0.01    2.1    0.3   -99.9
 'Wageningen'  3  4 1986   7920.   -0.2    7.9   0.66    2.2    2.7   -99.9
 'Wageningen'  4  4 1986   5880.    0.2    7.0   0.64    2.0    1.6   -99.9
 'Wageningen'  5  4 1986  10930.   -1.5    7.8   0.64    2.1    4.4   -99.9
 'Wageningen'  6  4 1986  14230.   -0.1    9.5   0.58    3.7    0.3   -99.9
 'Wageningen'  7  4 1986   2250.    1.9    7.5   0.83    4.3    1.1   -99.9
 'Wageningen'  8  4 1986   2870.    3.4    6.8   0.80    4.7    0.1   -99.9
 'Wageningen'  9  4 1986   1530.    2.8    6.7   0.67    4.4    0.0   -99.9
 'Wageningen' 10  4 1986  12560.   -1.6    8.3   0.53    5.1    0.0   -99.9
 'Wageningen' 11  4 1986  13630.   -4.4    3.6   0.32    3.2    0.0   -99.9
 'Wageningen' 12  4 1986  19130.   -5.7    5.8   0.36    1.5    0.0   -99.9
 'Wageningen' 13  4 1986  14100.   -2.5    6.6   0.53    1.7    0.0   -99.9
 'Wageningen' 14  4 1986   4390.    2.0    7.8   0.77    3.0    1.1   -99.9
 'Wageningen' 15  4 1986   5810.    4.1   10.3   0.91    3.7    2.8   -99.9
 'Wageningen' 16  4 1986  12230.    5.4   13.4   0.81    4.4    8.4   -99.9
 'Wageningen' 17  4 1986  11110.    3.3   12.1   0.83    2.9    0.0   -99.9
 'Wageningen' 18  4 1986   8480.    2.4    9.8   0.79    1.9    0.9   -99.9
 'Wageningen' 19  4 1986   5630.    1.3    7.3   0.77    2.1    2.1   -99.9
 'Wageningen' 20  4 1986   5210.    2.0    8.6   0.82    3.9    4.0   -99.9
 'Wageningen' 21  4 1986   8420.    3.9   11.1   0.87    4.3    4.0   -99.9
 'Wageningen' 22  4 1986  13540.    5.3   13.3   0.72    4.9    6.4   -99.9
 'Wageningen' 23  4 1986  11790.    5.3   14.2   0.79    3.3    0.0   -99.9
 'Wageningen' 24  4 1986   9620.    3.7   14.0   0.92    2.7    0.0   -99.9
 'Wageningen' 25  4 1986  11590.    1.8   16.9   0.91    1.7    0.3   -99.9
 'Wageningen' 26  4 1986   9340.    3.8   14.8   1.05    2.4    0.6   -99.9
 'Wageningen' 27  4 1986  11960.    8.5   15.0   1.11    2.4    5.2   -99.9
 'Wageningen' 28  4 1986  13540.    7.3   13.8   1.02    1.7    0.1   -99.9
 'Wageningen' 29  4 1986   8010.    4.6   13.7   0.99    1.8    0.0   -99.9
 'Wageningen' 30  4 1986  19120.    3.7   15.3   0.80    2.0    0.0   -99.9
 'Wageningen'  1  5 1986  23180.    3.0   19.9   0.85    2.5    0.0   -99.9
 'Wageningen'  2  5 1986  20470.   12.1   24.8   1.16    3.5    0.0   -99.9
 'Wageningen'  3  5 1986  16760.   10.0   25.1   1.22    3.3    0.0   -99.9
 'Wageningen'  4  5 1986  18790.    9.2   17.6   0.99    2.1   14.9   -99.9
 'Wageningen'  5  5 1986  15900.    9.8   21.7   1.28    2.6    0.5   -99.9
 'Wageningen'  6  5 1986  12180.   10.0   19.3   1.23    2.7    0.3   -99.9
 'Wageningen'  7  5 1986  19930.    9.9   16.8   1.09    3.6   16.4   -99.9
 'Wageningen'  8  5 1986  13640.    7.2   13.6   1.04    3.1    0.0   -99.9
 'Wageningen'  9  5 1986   8990.    8.7   14.9   1.15    3.5    3.7   -99.9
 'Wageningen' 10  5 1986   4260.   10.9   16.3   1.43    4.0   10.9   -99.9
 'Wageningen' 11  5 1986   9970.    8.5   15.0   1.04    5.1    2.0   -99.9
 'Wageningen' 12  5 1986  20000.    8.1   21.6   1.15    2.9    0.0   -99.9
 'Wageningen' 13  5 1986  14900.    9.9   16.9   1.11    2.6    1.2   -99.9
 'Wageningen' 14  5 1986  13450.    9.3   16.7   1.02    2.1    1.0   -99.9
 'Wageningen' 15  5 1986  11110.    6.9   13.0   0.94    4.3    0.5   -99.9
 'Wageningen' 16  5 1986  20790.    6.0   16.2   0.88    2.3    3.3   -99.9
 'Wageningen' 17  5 1986  18450.    4.7   20.5   1.12    2.4    0.0   -99.9
 'Wageningen' 18  5 1986  20430.    8.4   18.8   1.28    3.4    0.1   -99.9
 'Wageningen' 19  5 1986  24570.    7.7   21.3   1.13    1.3    0.0   -99.9
 'Wageningen' 20  5 1986  21530.    7.9   24.8   1.52    2.7    0.0   -99.9
 'Wageningen' 21  5 1986  21640.   12.4   20.3   1.22    4.8    6.9   -99.9
 'Wageningen' 22  5 1986  21250.    8.8   17.7   1.02    3.6    0.0   -99.9
 'Wageningen' 23  5 1986  11670.   12.0   20.4   1.31    2.0    0.1   -99.9
 'Wageningen' 24  5 1986  16070.    8.4   15.8   1.06    3.4    2.1   -99.9
 'Wageningen' 25  5 1986  26240.    8.2   21.5   1.15    3.3    0.0   -99.9
 'Wageningen' 26  5 1986  26060.    8.4   23.6   1.24    2.2    0.0   -99.9
 'Wageningen' 27  5 1986  17450.    9.4   20.2   1.25    3.5    0.0   -99.9
 'Wageningen' 28  5 1986  16280.    7.0   16.3   0.98    1.7    0.0   -99.9
 'Wageningen' 29  5 1986  15490.    5.8   14.4   0.95    2.0    0.8   -99.9
 'Wageningen' 30  5 1986  21770.    4.9   14.9   0.88    1.7    3.3   -99.9
 'Wageningen' 31  5 1986  22660.    1.9   17.1   0.95    1.5    0.0   -99.9
 'Wageningen'  1  6 1986   5180.    9.6   14.2   1.14    1.8    0.6   -99.9
 'Wageningen'  2  6 1986  15360.    5.7   19.7   1.14    1.2    0.1   -99.9
 'Wageningen'  3  6 1986   6530.    6.3   17.6   1.28    3.1    0.0   -99.9
 'Wageningen'  4  6 1986  16330.    7.6   12.6   0.90    4.2    7.3   -99.9
 'Wageningen'  5  6 1986  11030.    7.4   11.8   1.00    4.6    2.9   -99.9
 'Wageningen'  6  6 1986   7450.    8.1   13.3   1.10    5.1   11.3   -99.9
 'Wageningen'  7  6 1986   4550.    6.1   11.3   1.07    4.2    3.4   -99.9
 'Wageningen'  8  6 1986  13120.    6.8   15.1   1.09    2.9    0.0   -99.9
 'Wageningen'  9  6 1986  24080.    8.6   23.5   1.22    2.9    0.0   -99.9
 'Wageningen' 10  6 1986  24560.   10.4   26.7   1.34    3.8    1.6   -99.9
 'Wageningen' 11  6 1986  16570.    9.9   17.0   1.09    2.4    0.2   -99.9
 'Wageningen' 12  6 1986  23480.    8.4   17.8   1.04    2.1    0.0   -99.9
 'Wageningen' 13  6 1986  28350.    4.4   21.1   1.00    1.9    0.0   -99.9
 'Wageningen' 14  6 1986  28080.    9.3   24.9   1.10    2.9    0.0   -99.9
 'Wageningen' 15  6 1986  26370.   15.1   28.4   1.38    4.1    0.0   -99.9
 'Wageningen' 16  6 1986  22730.   17.6   30.5   1.93    2.2    0.0   -99.9
 'Wageningen' 17  6 1986  20220.   13.8   28.3   1.96    2.3    0.0   -99.9
 'Wageningen' 18  6 1986  21680.   10.6   18.4   1.27    2.7    4.0   -99.9
 'Wageningen' 19  6 1986  20230.    9.0   23.8   1.36    2.6    0.0   -99.9
 'Wageningen' 20  6 1986  24970.   12.1   24.9   1.46    3.2    0.0   -99.9
 'Wageningen' 21  6 1986  21930.   11.0   21.8   1.38    2.5    0.0   -99.9
 'Wageningen' 22  6 1986  27440.   12.9   25.9   1.38    2.9    0.0   -99.9
 'Wageningen' 23  6 1986  21880.   13.7   27.1   1.65    2.8    7.4   -99.9
 'Wageningen' 24  6 1986   7910.   10.2   18.0   1.48    2.7    0.0   -99.9
 'Wageningen' 25  6 1986  24180.    8.3   23.7   1.40    1.9    0.0   -99.9
 'Wageningen' 26  6 1986  25210.   14.6   29.9   1.59    2.7    0.0   -99.9
 'Wageningen' 27  6 1986  25720.   16.8   28.9   1.62    2.5    0.0   -99.9
 'Wageningen' 28  6 1986  27020.   14.7   28.4   1.29    2.2    0.0   -99.9
 'Wageningen' 29  6 1986  27520.   10.3   27.5   1.41    2.2    0.0   -99.9
 'Wageningen' 30  6 1986  27190.   14.9   27.1   1.52    2.2    0.0   -99.9
 'Wageningen'  1  7 1986  24690.   13.5   29.4   1.75    1.2    0.0   -99.9
 'Wageningen'  2  7 1986  21910.   14.6   30.1   1.93    1.0    0.0   -99.9
 'Wageningen'  3  7 1986  22010.   14.8   26.7   1.75    2.1    0.0   -99.9
 'Wageningen'  4  7 1986  22060.   13.2   24.2   1.55    3.3    0.0   -99.9
 'Wageningen'  5  7 1986  10700.   14.5   23.3   1.59    3.1    6.0   -99.9
 'Wageningen'  6  7 1986  12680.   10.9   19.7   1.45    2.2    2.5   -99.9
 'Wageningen'  7  7 1986  16700.   10.6   18.9   1.25    3.0    2.2   -99.9
 'Wageningen'  8  7 1986  20430.    9.9   20.5   1.15    2.4    2.5   -99.9
 'Wageningen'  9  7 1986  16920.   11.9   18.5   1.12    1.9    1.0   -99.9
 'Wageningen' 10  7 1986  10850.   10.1   18.3   1.27    2.7    0.1   -99.9
 'Wageningen' 11  7 1986  20250.    7.1   18.7   1.11    1.8    0.0   -99.9
 'Wageningen' 12  7 1986  21430.    4.3   18.1   1.02    1.7    0.0   -99.9
 'Wageningen' 13  7 1986  24480.    6.0   18.6   1.01    1.8    0.0   -99.9
 'Wageningen' 14  7 1986  11250.    9.5   20.5   1.54    2.1    0.4   -99.9
 'Wageningen' 15  7 1986  21240.   11.8   25.5   1.77    1.2    0.0   -99.9
 'Wageningen' 16  7 1986  20400.   12.1   28.3   1.73    1.1    0.0   -99.9
 'Wageningen' 17  7 1986  15970.    8.4   25.0   1.77    2.2    0.0   -99.9
 'Wageningen' 18  7 1986  13420.    8.2   19.2   1.17    1.7    0.0   -99.9
 'Wageningen' 19  7 1986  13830.    9.0   19.2   1.13    1.0    0.0   -99.9
 'Wageningen' 20  7 1986  14020.    7.8   20.7   1.27    2.5    0.0   -99.9
 'Wageningen' 21  7 1986  15700.   12.6   21.5   1.60    2.1    0.0   -99.9
 'Wageningen' 22  7 1986   9560.   11.2   20.0   1.46    1.5    0.0   -99.9
 'Wageningen' 23  7 1986  16570.   10.2   19.8   1.18    2.5    0.5   -99.9
 'Wageningen' 24  7 1986   9070.    9.8   17.9   1.22    3.8   23.4   -99.9
 'Wageningen' 25  7 1986   5130.   11.3   16.4   1.47    3.0    7.6   -99.9
 'Wageningen' 26  7 1986   8350.   14.2   20.3   1.76    2.6    0.7   -99.9
 'Wageningen' 27  7 1986  21410.   15.1   23.5   1.62    2.7    0.0   -99.9
 'Wageningen' 28  7 1986  18020.   14.3   26.9   1.86    3.6    0.0   -99.9
 'Wageningen' 29  7 1986  13770.   14.7   22.7   1.50    4.3    0.1   -99.9
 'Wageningen' 30  7 1986  17620.   11.5   21.6   1.43    1.8    0.0   -99.9
 'Wageningen' 31  7 1986  14590.   13.1   22.1   1.39    3.9    0.0   -99.9
 'Wageningen'  1  8 1986  22340.   12.7   21.7   1.19    2.7    0.0   -99.9
 'Wageningen'  2  8 1986  16930.   12.2   23.4   1.40    3.1    0.0   -99.9
 'Wageningen'  3  8 1986  20110.   10.8   31.0   1.71    2.2    0.4   -99.9
 'Wageningen'  4  8 1986  13200.   14.6   22.1   1.68    2.9    4.0   -99.9
 'Wageningen'  5  8 1986  18430.    9.0   19.7   1.26    3.3    0.0   -99.9
 'Wageningen'  6  8 1986  22230.    8.3   25.4   1.17    1.6    0.0   -99.9
 'Wageningen'  7  8 1986  16090.   13.0   21.2   1.29    3.6    0.0   -99.9
 'Wageningen'  8  8 1986  10010.    9.4   19.3   1.34    2.6    0.0   -99.9
 'Wageningen'  9  8 1986  17070.    6.8   22.7   1.24    1.0    0.0   -99.9
 'Wageningen' 10  8 1986  18790.    9.6   23.9   1.27    2.0    0.0   -99.9
 'Wageningen' 11  8 1986  17730.    9.7   25.5   1.38    1.9    0.1   -99.9
 'Wageningen' 12  8 1986  17980.   10.4   21.4   1.53    2.2    1.8   -99.9
 'Wageningen' 13  8 1986  20090.    7.7   22.8   1.36    0.9    0.0   -99.9
 'Wageningen' 14  8 1986  18020.   10.1   25.2   1.46    1.8    0.0   -99.9
 'Wageningen' 15  8 1986  15840.   14.5   22.0   1.39    2.9    0.0   -99.9
 'Wageningen' 16  8 1986  17440.   11.1   20.2   1.25    3.4    0.0   -99.9
 'Wageningen' 17  8 1986  13880.   11.6   20.5   1.32    2.2    0.0   -99.9
 'Wageningen' 18  8 1986  15830.   12.2   19.3   1.18    2.2    0.1   -99.9
 'Wageningen' 19  8 1986   6900.   10.3   17.8   1.26    1.9    3.4   -99.9
 'Wageningen' 20  8 1986  13860.    6.5   17.4   1.20    2.9    4.6   -99.9
 'Wageningen' 21  8 1986  18400.    5.5   19.6   1.08    1.7    0.2   -99.9
 'Wageningen' 22  8 1986   9870.   11.1   20.2   1.54    1.8   13.1   -99.9
 'Wageningen' 23  8 1986  12720.    8.7   18.1   1.21    1.5    0.7   -99.9
 'Wageningen' 24  8 1986  16500.    8.1   18.4   1.13    1.6    0.0   -99.9
 'Wageningen' 25  8 1986  15130.    8.4   19.1   1.19    1.7    0.1   -99.9
 'Wageningen' 26  8 1986   9700.   12.5   20.3   1.31    5.9   10.9   -99.9
 'Wageningen' 27  8 1986   4220.   11.5   15.2   1.21    6.6    4.1   -99.9
 'Wageningen' 28  8 1986  17000.    9.1   16.7   1.12    3.7    0.4   -99.9
 'Wageningen' 29  8 1986  11740.    9.3   15.6   1.17    4.2    3.3   -99.9
 'Wageningen' 30  8 1986  10860.   11.9   16.9   1.37    3.2    4.1   -99.9
 'Wageningen' 31  8 1986   9140.    7.2   14.7   1.14    2.0    0.2   -99.9
 'Wageningen'  1  9 1986   7380.    8.4   16.7   1.19    4.4    0.0   -99.9
 'Wageningen'  2  9 1986   9370.   12.1   17.3   1.31    4.1    0.3   -99.9
 'Wageningen'  3  9 1986   7420.    9.8   14.5   1.30    4.1    5.3   -99.9
 'Wageningen'  4  9 1986  14150.    7.3   16.4   1.05    2.2   13.1   -99.9
 'Wageningen'  5  9 1986  17290.    6.3   18.7   1.12    3.7    6.3   -99.9
 'Wageningen'  6  9 1986   7470.    9.1   16.3   1.22    2.3    2.8   -99.9
 'Wageningen'  7  9 1986  16100.    8.2   16.1   1.08    3.0    0.0   -99.9
 'Wageningen'  8  9 1986   6910.    4.1   13.9   0.96    1.4    0.0   -99.9
 'Wageningen'  9  9 1986  19500.    2.0   17.2   0.80    1.2    0.0   -99.9
 'Wageningen' 10  9 1986   9650.    1.4   15.9   0.86    1.1    0.0   -99.9
 'Wageningen' 11  9 1986  16710.    2.1   16.5   0.84    1.1    0.0   -99.9
 'Wageningen' 12  9 1986  10510.    5.7   14.9   0.89    2.1    0.0   -99.9
 'Wageningen' 13  9 1986  14520.    0.7   16.4   1.05    2.4    5.1   -99.9
 'Wageningen' 14  9 1986   4950.   10.9   17.0   1.48    2.6    3.0   -99.9
 'Wageningen' 15  9 1986   4260.    7.0   12.5   1.04    2.3   10.3   -99.9
 'Wageningen' 16  9 1986  10660.    7.7   15.2   0.99    1.6    0.0   -99.9
 'Wageningen' 17  9 1986   6580.    8.4   13.1   0.93    2.4    0.0   -99.9
 'Wageningen' 18  9 1986  14010.    4.6   15.3   0.94    1.4    0.0   -99.9
 'Wageningen' 19  9 1986  13810.    1.3   16.5   0.87    0.9    0.0   -99.9
 'Wageningen' 20  9 1986  15250.    0.8   17.9   0.99    1.3    0.0   -99.9
 'Wageningen' 21  9 1986  10940.    6.3   18.5   1.19    2.5    0.0   -99.9
 'Wageningen' 22  9 1986   3350.    9.5   15.4   1.34    3.1    0.0   -99.9
 'Wageningen' 23  9 1986   8900.    7.7   19.5   1.40    1.9    0.0   -99.9
 'Wageningen' 24  9 1986  10680.    6.6   17.3   1.07    2.1    0.0   -99.9
 'Wageningen' 25  9 1986  14660.    1.9   15.9   0.87    1.8    0.0   -99.9
 'Wageningen' 26  9 1986  12150.    1.6   16.5   0.98    1.1    0.0   -99.9
 'Wageningen' 27  9 1986   8210.    3.9   16.8   1.07    0.7    0.0   -99.9
 'Wageningen' 28  9 1986  11260.    4.4   17.8   1.11    1.2    0.1   -99.9
 'Wageningen' 29  9 1986   3850.    8.2   17.5   1.46    1.7    0.0   -99.9
 'Wageningen' 30  9 1986   1890.    5.1   15.8   1.37    1.0    0.0   -99.9
 'Wageningen'  1 10 1986  12370.    4.5   20.7   1.22    1.2    0.1   -99.9
 'Wageningen'  2 10 1986   4890.    7.2   16.5   1.27    1.5    0.0   -99.9
 'Wageningen'  3 10 1986  10970.    3.4   16.2   1.04    0.9    0.1   -99.9
 'Wageningen'  4 10 1986  10720.    2.3   16.4   0.95    1.6    0.0   -99.9
 'Wageningen'  5 10 1986  10310.    8.2   21.3   1.29    2.5    0.0   -99.9
 'Wageningen'  6 10 1986   5210.   10.4   18.4   1.44    2.8    0.0   -99.9
 'Wageningen'  7 10 1986   4900.    9.4   19.4   1.47    2.7    0.8   -99.9
 'Wageningen'  8 10 1986   7400.    6.2   16.5   1.28    0.9    0.1   -99.9
 'Wageningen'  9 10 1986   8210.    7.4   18.1   1.32    1.7    0.0   -99.9
 'Wageningen' 10 10 1986   8920.    9.2   19.5   1.35    2.1    0.0   -99.9
 'Wageningen' 11 10 1986   2550.    8.8   14.5   1.35    1.5    0.5   -99.9
 'Wageningen' 12 10 1986   6840.   10.8   18.9   1.29    2.1    0.0   -99.9
 'Wageningen' 13 10 1986   8190.    9.5   18.2   1.24    2.1    0.0   -99.9
 'Wageningen' 14 10 1986   7090.   11.7   21.0   1.47    2.0    0.0   -99.9
 'Wageningen' 15 10 1986   6630.   14.1   20.7   1.63    1.7    0.0   -99.9
 'Wageningen' 16 10 1986   1790.    8.9   14.2   1.27    2.0    0.0   -99.9
 'Wageningen' 17 10 1986   8570.    6.6   16.0   0.98    2.3    0.0   -99.9
 'Wageningen' 18 10 1986   5490.    9.5   15.9   1.21    3.7    0.3   -99.9
 'Wageningen' 19 10 1986   6800.    5.7   13.1   0.95    5.4    8.5   -99.9
 'Wageningen' 20 10 1986    860.    6.9   15.5   0.98    7.1   16.2   -99.9
 'Wageningen' 21 10 1986   2650.    7.1   11.5   1.02    4.6   11.3   -99.9
 'Wageningen' 22 10 1986   1000.    6.7   14.4   1.19    3.8   15.7   -99.9
 'Wageningen' 23 10 1986   5310.    4.6   10.0   0.79    5.0    4.0   -99.9
 'Wageningen' 24 10 1986   6000.    3.0   10.8   0.81    3.8    0.0   -99.9
 'Wageningen' 25 10 1986   4370.    7.2   12.8   1.00    5.5    6.8   -99.9
 'Wageningen' 26 10 1986   1900.    5.1   10.3   0.90    4.3    0.7   -99.9
 'Wageningen' 27 10 1986   6480.    4.2   12.6   0.95    4.0    3.8   -99.9
 'Wageningen' 28 10 1986    820.    9.6   13.6   1.33    4.7    1.7   -99.9
 'Wageningen' 29 10 1986   6910.    4.9   13.8   0.95    3.9    2.9   -99.9
 'Wageningen' 30 10 1986   7510.    4.5   12.0   0.87    4.8    0.4   -99.9
 'Wageningen' 31 10 1986   3200.    7.0   11.8   0.97    3.1    4.3   -99.9
 'Wageningen'  1 11 1986   1600.    7.5   13.8   1.17    4.8    5.5   -99.9
 'Wageningen'  2 11 1986   6610.    4.5   10.8   0.89    2.9    0.0   -99.9
 'Wageningen'  3 11 1986   3420.    5.1    9.8   0.80    2.8    0.0   -99.9
 'Wageningen'  4 11 1986   4410.    3.9   12.0   0.90    1.5    0.0   -99.9
 'Wageningen'  5 11 1986   1450.    7.1   11.0   0.98    4.3    0.0   -99.9
 'Wageningen'  6 11 1986   5540.    3.2   10.9   0.89    3.2    0.0   -99.9
 'Wageningen'  7 11 1986   2730.    2.1    9.5   0.86    3.5    0.0   -99.9
 'Wageningen'  8 11 1986   1100.    3.3    9.3   0.82    4.4    2.4   -99.9
 'Wageningen'  9 11 1986   4380.    2.2    8.5   0.70    4.1    0.0   -99.9
 'Wageningen' 10 11 1986    650.    6.5   12.8   1.05    5.0    2.2   -99.9
 'Wageningen' 11 11 1986   6010.   10.9   15.3   1.15    4.9    1.7   -99.9
 'Wageningen' 12 11 1986   6030.    4.5   12.8   0.94    1.9    0.0   -99.9
 'Wageningen' 13 11 1986   4990.    7.8   15.7   0.97    4.0    0.0   -99.9
 'Wageningen' 14 11 1986   5250.   10.2   14.8   1.08    3.6    0.4   -99.9
 'Wageningen' 15 11 1986   1050.    6.2   15.2   1.03    2.9    0.3   -99.9
 'Wageningen' 16 11 1986   2250.    5.7   10.5   1.01    2.6    0.0   -99.9
 'Wageningen' 17 11 1986   1750.    5.6   11.3   0.99    3.2    0.3   -99.9
 'Wageningen' 18 11 1986   1390.    5.0   10.5   0.95    6.3    3.9   -99.9
 'Wageningen' 19 11 1986    250.   10.1   11.7   1.25    6.5   18.4   -99.9
 'Wageningen' 20 11 1986    360.    2.1   11.3   0.87    2.8    7.3   -99.9
 'Wageningen' 21 11 1986    370.    2.7    6.5   0.80    4.6   11.3   -99.9
 'Wageningen' 22 11 1986   2530.    4.9   11.5   0.90    4.9    2.1   -99.9
 'Wageningen' 23 11 1986   2600.    3.9    7.4   0.79    5.3    3.0   -99.9
 'Wageningen' 24 11 1986    490.    5.7   12.4   1.01    5.6    0.7   -99.9
 'Wageningen' 25 11 1986    470.   11.2   12.6   1.19    5.7    0.1   -99.9
 'Wageningen' 26 11 1986   1100.    4.8   11.5   1.00    5.4    1.1   -99.9
 'Wageningen' 27 11 1986   3660.    3.5    9.8   0.81    2.5    0.0   -99.9
 'Wageningen' 28 11 1986   1270.   -2.3    4.9   0.70    1.6    0.0   -99.9
 'Wageningen' 29 11 1986   3490.   -2.9    3.2   0.55    0.8    0.0   -99.9
 'Wageningen' 30 11 1986   3740.   -3.4    4.8   0.57    2.2    0.0   -99.9
 'Wageningen'  1 12 1986    510.   -1.3    7.1   0.74    4.7    0.9   -99.9
 'Wageningen'  2 12 1986    850.    5.0    9.7   1.03    3.7    0.2   -99.9
 'Wageningen'  3 12 1986   3920.    5.9   10.8   0.86    5.0    0.0   -99.9
 'Wageningen'  4 12 1986   2440.    5.8   11.4   0.90    4.9    0.0   -99.9
 'Wageningen'  5 12 1986   3230.    6.4   11.2   0.84    5.7    1.9   -99.9
 'Wageningen'  6 12 1986   2730.   -0.4    7.8   0.77    2.1    2.8   -99.9
 'Wageningen'  7 12 1986    910.   -0.5    8.9   0.77    3.3    0.7   -99.9
 'Wageningen'  8 12 1986   2910.    8.3   13.3   1.03    3.7    0.0   -99.9
 'Wageningen'  9 12 1986    720.   -1.1    9.8   0.81    3.3    0.8   -99.9
 'Wageningen' 10 12 1986   1360.    3.7    6.9   0.73    2.4    0.8   -99.9
 'Wageningen' 11 12 1986   1930.    2.9    5.3   1.08    3.0    0.0   -99.9
 'Wageningen' 12 12 1986    290.   -2.4    5.7   0.80    2.1    1.1   -99.9
 'Wageningen' 13 12 1986    270.   -0.7    6.2   0.76    4.3    3.9   -99.9
 'Wageningen' 14 12 1986    800.    2.3    6.1   0.69    2.2    3.2   -99.9
 'Wageningen' 15 12 1986    250.    2.4    6.6   0.68    4.9    8.2   -99.9
 'Wageningen' 16 12 1986   1870.    5.1    6.5   0.67   10.3    3.5   -99.9
 'Wageningen' 17 12 1986    940.    1.7    7.4   0.80    5.0    3.1   -99.9
 'Wageningen' 18 12 1986   1270.    1.6    9.9   0.84    6.3    6.3   -99.9
 'Wageningen' 19 12 1986   1060.   -2.2    6.9   0.62    7.1    3.3   -99.9
 'Wageningen' 20 12 1986    650.    0.0    4.3   0.67    3.5   10.4   -99.9
 'Wageningen' 21 12 1986   1020.   -2.2    5.2   0.62    3.2    6.5   -99.9
 'Wageningen' 22 12 1986   2670.   -6.4    1.2   0.52    2.0    0.1   -99.9
 'Wageningen' 23 12 1986   2220.   -2.8    1.9   0.50    1.1    0.1   -99.9
 'Wageningen' 24 12 1986   4570.   -6.6   -0.8   0.47    1.3    0.0   -99.9
 'Wageningen' 25 12 1986    190.   -2.5    1.7   0.59    4.0    8.0   -99.9
 'Wageningen' 26 12 1986    780.   -1.2    3.0   0.66    2.4    1.2   -99.9
 'Wageningen' 27 12 1986   1860.    1.4    6.1   0.68    4.1    1.1   -99.9
 'Wageningen' 28 12 1986    550.    5.6    9.4   0.88    6.6    1.8   -99.9
 'Wageningen' 29 12 1986    160.    8.0    9.9   0.96    7.9    3.6   -99.9
 'Wageningen' 30 12 1986    110.    8.3    9.9   1.05    7.3   32.9   -99.9
 'Wageningen' 31 12 1986    250.    6.9    9.3   0.86    8.1    3.7   -99.9
