***************************************************************************
* File name: Wageni.000
* Contents: SWAP  3.0 - Meteo data of Wageningen weather station                
***************************************************************************     
* Comment area:                                                                 
*                                                                               
*                                                                               
***************************************************************************     
    Station     DD    MM  YYYY   RAD   Tmin  Tmax   HUM  WIND  RAIN ETref     
*               nr    nr    nr kJ/m2      C     C   kPa   m/s    mm    mm  
'Wageningen'     1     1  2000   831.   0.1   8.2  0.83   1.0   0.9 -99.9
'Wageningen'     2     1  2000  1021.   4.4   8.3  0.93   1.7   0.3 -99.9
'Wageningen'     3     1  2000   740.   7.2   9.2  0.98   4.8   2.4 -99.9
'Wageningen'     4     1  2000   436.   4.5   9.3  0.89   3.2   9.2 -99.9
'Wageningen'     5     1  2000  3670.   1.4   7.6  0.74   2.7   4.5 -99.9
'Wageningen'     6     1  2000  1627.   3.7   9.1  0.89   3.4   2.6 -99.9
'Wageningen'     7     1  2000  1846.   5.3   7.5  0.86   3.7   0.0 -99.9
'Wageningen'     8     1  2000   629.   1.6   7.5  0.83   2.9   0.6 -99.9
'Wageningen'     9     1  2000  4019.  -2.8   6.5  0.65   0.3   0.0 -99.9
'Wageningen'    10     1  2000  2422.  -4.0   0.0  0.52   0.6   0.0 -99.9
'Wageningen'    11     1  2000  3726.  -1.5   4.3  0.60   2.6   0.0 -99.9
'Wageningen'    12     1  2000  3675.  -0.7   3.1  0.56   3.3   0.0 -99.9
'Wageningen'    13     1  2000  2235.  -0.6   3.7  0.58   2.3   0.0 -99.9
'Wageningen'    14     1  2000   970.   1.6   3.6  0.70   0.2   0.0 -99.9
'Wageningen'    15     1  2000  2387.   1.1   4.6  0.67   0.2   0.0 -99.9
'Wageningen'    16     1  2000  1615.   0.7   7.0  0.82   0.6   0.9 -99.9
'Wageningen'    17     1  2000  1071.   4.7   7.4  0.91   3.4   0.1 -99.9
'Wageningen'    18     1  2000  2389.   3.9   8.1  0.80   4.0   0.9 -99.9
'Wageningen'    19     1  2000  1694.   1.1   5.3  0.70   0.6   0.0 -99.9
'Wageningen'    20     1  2000  1072.   3.1   6.0  0.76   3.2   0.6 -99.9
'Wageningen'    21     1  2000  2697.   1.7   7.4  0.75   1.9   1.9 -99.9
'Wageningen'    22     1  2000  2447.   1.9   6.0  0.75   2.6   5.0 -99.9
'Wageningen'    23     1  2000  1219.  -4.8   4.3  0.57   0.7   0.4 -99.9
'Wageningen'    24     1  2000  5657.  -9.0   1.7  0.38   0.2   0.0 -99.9
'Wageningen'    25     1  2000  4915.  -2.0   3.1  0.52   0.7   0.0 -99.9
'Wageningen'    26     1  2000  2524.  -1.3   4.1  0.62   1.3   0.0 -99.9
'Wageningen'    27     1  2000   907.  -0.6   3.3  0.58   4.0   0.0 -99.9
'Wageningen'    28     1  2000  1427.  -1.0   6.4  0.62   5.6   0.0 -99.9
'Wageningen'    29     1  2000  1061.   5.3  11.1  0.97   9.3  10.2 -99.9
'Wageningen'    30     1  2000  1333.   6.7  10.4  0.93   5.6   0.5 -99.9
'Wageningen'    31     1  2000   550.   8.7  10.5  1.02   6.3   6.5 -99.9
'Wageningen'     1     2  2000  3421.   7.5  10.1  0.91   5.0   0.8 -99.9
'Wageningen'     2     2  2000  4027.   3.9   8.7  0.86   3.6   6.6 -99.9
'Wageningen'     3     2  2000  2899.   2.3   8.4  0.80   2.0   0.0 -99.9
'Wageningen'     4     2  2000  1750.   5.2   9.2  0.91   5.7   2.2 -99.9
'Wageningen'     5     2  2000  5791.   5.2  11.8  0.79   3.1   0.0 -99.9
'Wageningen'     6     2  2000  1750.   4.2   9.1  0.87   2.7   0.9 -99.9
'Wageningen'     7     2  2000  4376.   5.1   9.4  0.92   6.0   7.9 -99.9
'Wageningen'     8     2  2000  1294.   5.4  11.6  0.88   6.7   7.3 -99.9
'Wageningen'     9     2  2000  2817.   3.8   8.1  0.68   5.8   0.1 -99.9
'Wageningen'    10     2  2000  2887.   1.7   8.5  0.75   4.6   8.3 -99.9
'Wageningen'    11     2  2000  7708.  -0.6   8.4  0.66   2.2   0.1 -99.9
'Wageningen'    12     2  2000  3188.   2.2   6.8  0.74   5.1   4.3 -99.9
'Wageningen'    13     2  2000  6717.   0.4   8.4  0.71   3.5   0.0 -99.9
'Wageningen'    14     2  2000  6260.  -0.5   7.8  0.70   2.2   2.1 -99.9
'Wageningen'    15     2  2000  5379.   3.8   8.9  0.85   2.6   1.1 -99.9
'Wageningen'    16     2  2000  7581.   0.4   6.1  0.64   5.5  10.7 -99.9
'Wageningen'    17     2  2000  4666.   0.3   6.8  0.63   3.3   0.7 -99.9
'Wageningen'    18     2  2000  1782.   0.6   7.9  0.77   4.1  10.6 -99.9
'Wageningen'    19     2  2000  3516.   1.0   6.6  0.75   4.0   1.4 -99.9
'Wageningen'    20     2  2000  8949.  -3.1   7.6  0.57   1.0   0.0 -99.9
'Wageningen'    21     2  2000  6458.  -3.7   5.5  0.65   1.7   0.6 -99.9
'Wageningen'    22     2  2000  3378.  -0.7   5.7  0.71   1.3   0.0 -99.9
'Wageningen'    23     2  2000  7938.  -1.9   9.9  0.77   1.2   0.0 -99.9
'Wageningen'    24     2  2000  4178.   4.4   9.7  0.85   3.4   8.8 -99.9
'Wageningen'    25     2  2000  8598.   1.9   8.8  0.71   2.1  23.8 -99.9
'Wageningen'    26     2  2000 10333.  -0.1   9.1  0.59   0.8   0.0 -99.9
'Wageningen'    27     2  2000  9851.   0.2  12.6  0.74   3.6   0.0 -99.9
'Wageningen'    28     2  2000  1820.   4.7  13.0  0.96   5.6   2.7 -99.9
'Wageningen'    29     2  2000  5034.   3.7   8.6  0.84   6.0   8.2 -99.9
'Wageningen'     1     3  2000  7932.   1.6   8.6  0.78   3.7   2.5 -99.9
'Wageningen'     2     3  2000  5160.   0.5   7.3  0.75   5.4  10.9 -99.9
'Wageningen'     3     3  2000  5613.   2.7   9.7  0.85   6.1  64.7 -99.9
'Wageningen'     4     3  2000  8772.  -1.5   5.3  0.59   3.3   7.4 -99.9
'Wageningen'     5     3  2000  7320.  -1.4   7.1  0.65   2.4   8.0 -99.9
'Wageningen'     6     3  2000  4207.   2.6   8.4  0.78   5.3  10.8 -99.9
'Wageningen'     7     3  2000  5420.   7.3  12.3  1.04   6.7   4.1 -99.9
'Wageningen'     8     3  2000  2123.   9.1  11.9  1.17   7.6   0.0 -99.9
'Wageningen'     9     3  2000  3247.   6.2  12.7  1.09   6.0   0.0 -99.9
'Wageningen'    10     3  2000  7152.   1.3   9.6  0.83   2.0   0.0 -99.9
'Wageningen'    11     3  2000  5637.   6.1  11.4  0.93   4.4   0.0 -99.9
'Wageningen'    12     3  2000  9258.   4.7  11.7  0.85   0.7   0.0 -99.9
'Wageningen'    13     3  2000  4820.   5.1  10.0  0.97   2.1   0.0 -99.9
'Wageningen'    14     3  2000  3083.   2.6  10.5  0.94   4.3   0.0 -99.9
'Wageningen'    15     3  2000  8723.   0.7   8.2  0.70   4.1   0.0 -99.9
'Wageningen'    16     3  2000  2200.   4.1   9.5  0.97   2.3   0.0 -99.9
'Wageningen'    17     3  2000  5378.   4.0  10.8  0.92   2.6   0.0 -99.9
'Wageningen'    18     3  2000  7745.   5.2   8.8  0.86   2.6   0.0 -99.9
'Wageningen'    19     3  2000 11294.   0.7  10.7  0.77   0.8   0.0 -99.9
'Wageningen'    20     3  2000  8964.  -2.1   9.2  0.74   0.2   0.0 -99.9
'Wageningen'    21     3  2000  5494.  -0.3   9.8  0.76   0.5   0.0 -99.9
'Wageningen'    22     3  2000 14474.  -2.1  16.2  0.75   1.2   0.0 -99.9
'Wageningen'    23     3  2000 13926.  -0.1  14.3  0.79   2.0   0.0 -99.9
'Wageningen'    24     3  2000  3361.   6.1  12.7  1.07   2.2   0.0 -99.9
'Wageningen'    25     3  2000  6980.   6.6  12.2  1.02   2.3   0.0 -99.9
'Wageningen'    26     3  2000 10786.   4.0  10.8  0.82   2.2   0.0 -99.9
'Wageningen'    27     3  2000  4507.   2.1   8.9  0.80   2.5   0.0 -99.9
'Wageningen'    28     3  2000  1798.   0.6   4.7  0.71   2.6   0.0 -99.9
'Wageningen'    29     3  2000  4733.   4.1   7.3  0.82   4.3   0.0 -99.9
'Wageningen'    30     3  2000  2410.   5.2   7.3  0.85   2.2   0.0 -99.9
'Wageningen'    31     3  2000  3723.   4.0   7.3  0.82   0.9   0.0 -99.9
'Wageningen'     1     4  2000  6034.   4.1  10.0  0.83   1.6   0.0 -99.9
'Wageningen'     2     4  2000 12774.   4.2  14.8  0.92   3.1   0.0 -99.9
'Wageningen'     3     4  2000 12093.   7.0  17.3  0.98   3.4   0.0 -99.9
'Wageningen'     4     4  2000 12606.   5.1  16.2  1.01   3.8   0.0 -99.9
'Wageningen'     5     4  2000  8603.  -2.3   8.0  0.53   3.5   0.0 -99.9
'Wageningen'     6     4  2000 18283.  -4.4  11.4  0.56   2.0   0.0 -99.9
'Wageningen'     7     4  2000 19435.  -3.0  12.7  0.60   1.5   0.0 -99.9
'Wageningen'     8     4  2000 13338.  -2.8  13.6  0.59   1.4   0.0 -99.9
'Wageningen'     9     4  2000 17361.   3.4  15.2  0.69   3.9   0.0 -99.9
'Wageningen'    10     4  2000 21415.  -0.2  10.8  0.53   2.8   0.0 -99.9
'Wageningen'    11     4  2000 17617.  -3.7  12.4  0.60   1.7   0.0 -99.9
'Wageningen'    12     4  2000  7610.   3.9   8.9  0.78   4.0   0.0 -99.9
'Wageningen'    13     4  2000  7118.   3.6   8.9  0.80   4.9   0.0 -99.9
'Wageningen'    14     4  2000 13706.   2.1  11.8  0.82   2.8 142.0 -99.9
'Wageningen'    15     4  2000  8169.   5.7  13.7  0.90   4.5 108.1 -99.9
'Wageningen'    16     4  2000 17962.   5.4  13.1  0.71   4.2   0.0 -99.9
'Wageningen'    17     4  2000 14190.   5.4  14.9  0.96   4.4  50.0 -99.9
'Wageningen'    18     4  2000 15210.   6.2  15.1  0.91   3.6   0.0 -99.9
'Wageningen'    19     4  2000 16371.   8.3  17.9  1.06   2.2 148.8 -99.9
'Wageningen'    20     4  2000 13418.   8.2  17.7  1.16   3.1  88.5 -99.9
'Wageningen'    21     4  2000 17192.  10.2  17.9  1.07   2.6   0.0 -99.9
'Wageningen'    22     4  2000  6791.  12.4  19.2  1.25   2.6  10.7 -99.9
'Wageningen'    23     4  2000  3883.   8.7  13.6  1.28   1.6   7.6 -99.9
'Wageningen'    24     4  2000 16464.   6.9  16.8  1.02   1.8   0.0 -99.9
'Wageningen'    25     4  2000 21499.   8.5  20.4  1.02   3.7   0.0 -99.9
'Wageningen'    26     4  2000 19231.   9.5  22.9  1.26   3.2   0.0 -99.9
'Wageningen'    27     4  2000 13171.  11.5  20.4  1.44   1.9   0.9 -99.9
'Wageningen'    28     4  2000 19593.   8.2  23.3  1.53   1.7   0.0 -99.9
'Wageningen'    29     4  2000  4242.  11.1  13.9  1.29   2.2   0.6 -99.9
'Wageningen'    30     4  2000  5509.  11.3  15.0  1.34   1.1   0.0 -99.9
'Wageningen'     1     5  2000 12887.  10.3  17.9  1.35   1.9   0.0 -99.9
'Wageningen'     2     5  2000  5050.   8.9  12.4  1.17   2.2   0.4 -99.9
'Wageningen'     3     5  2000  5952.   9.3  14.1  1.28   1.7   1.3 -99.9
'Wageningen'     4     5  2000 15058.   9.3  21.3  1.25   2.0   0.0 -99.9
'Wageningen'     5     5  2000 24603.   6.0  25.4  0.95   3.0   0.0 -99.9
'Wageningen'     6     5  2000 22915.  13.9  26.5  1.22   3.3   0.0 -99.9
'Wageningen'     7     5  2000 21702.  12.9  26.3  1.38   2.6   0.0 -99.9
'Wageningen'     8     5  2000 22914.   9.1  26.7  1.51   1.5   2.8 -99.9
'Wageningen'     9     5  2000 22219.  13.1  25.9  1.59   1.2   0.0 -99.9
'Wageningen'    10     5  2000 20428.  11.9  27.4  1.47   2.0   0.0 -99.9
'Wageningen'    11     5  2000 25317.  13.3  25.9  1.13   3.0   0.0 -99.9
'Wageningen'    12     5  2000 25728.  11.0  25.4  1.18   3.1   0.0 -99.9
'Wageningen'    13     5  2000 21987.   9.7  24.1  0.88   2.8   0.0 -99.9
'Wageningen'    14     5  2000 27215.   6.1  28.9  1.03   0.9   0.0 -99.9
'Wageningen'    15     5  2000 25542.   9.7  28.8  1.22   1.5   0.0 -99.9
'Wageningen'    16     5  2000 22144.  12.8  29.3  1.58   2.4  14.2 -99.9
'Wageningen'    17     5  2000 17031.  10.5  17.5  1.17   4.9   4.6 -99.9
'Wageningen'    18     5  2000 17207.   8.4  15.2  1.00   4.6   2.0 -99.9
'Wageningen'    19     5  2000  9723.   6.1  13.6  1.07   3.4   6.4 -99.9
'Wageningen'    20     5  2000 17199.   5.1  15.4  0.97   2.4   1.9 -99.9
'Wageningen'    21     5  2000  7890.   5.0  13.7  1.14   2.3   8.9 -99.9
'Wageningen'    22     5  2000 10833.   8.6  15.4  1.17   1.7   0.0 -99.9
'Wageningen'    23     5  2000 13325.   7.6  18.6  1.31   3.1   4.1 -99.9
'Wageningen'    24     5  2000 14314.  12.4  18.3  1.39   2.4   8.3 -99.9
'Wageningen'    25     5  2000 15065.   9.6  15.9  1.21   5.4   2.8 -99.9
'Wageningen'    26     5  2000 16979.   8.2  17.9  1.06   3.1   1.2 -99.9
'Wageningen'    27     5  2000 18111.   8.7  17.4  1.00   6.2   0.1 -99.9
'Wageningen'    28     5  2000  9014.   7.2  14.5  1.03   7.0  11.2 -99.9
'Wageningen'    29     5  2000 17965.   6.0  15.1  1.01   3.9  12.4 -99.9
'Wageningen'    30     5  2000 15868.   5.0  14.9  1.02   1.7   0.0 -99.9
'Wageningen'    31     5  2000 21193.   3.4  18.1  0.92   1.1   0.0 -99.9
'Wageningen'     1     6  2000 14673.  11.6  20.9  1.46   3.3   0.1 -99.9
'Wageningen'     2     6  2000 24300.  12.1  21.8  1.47   2.3   0.0 -99.9
'Wageningen'     3     6  2000 18791.   9.4  25.0  1.69   2.2  17.8 -99.9
'Wageningen'     4     6  2000 23158.   8.9  21.1  1.55   3.2   0.8 -99.9
'Wageningen'     5     6  2000  4168.   7.1  15.0  1.27   1.5  14.8 -99.9
'Wageningen'     6     6  2000 14039.  10.7  17.0  1.25   3.2   6.0 -99.9
'Wageningen'     7     6  2000 16647.   5.8  16.5  1.14   3.1   0.0 -99.9
'Wageningen'     8     6  2000 29325.   4.8  21.9  1.01   3.2   0.0 -99.9
'Wageningen'     9     6  2000 27640.  14.2  28.9  1.65   3.3   0.0 -99.9
'Wageningen'    10     6  2000 16744.  12.3  21.1  1.57   1.7   0.0 -99.9
'Wageningen'    11     6  2000 23756.   8.8  19.9  1.27   2.5   0.0 -99.9
'Wageningen'    12     6  2000 20581.  10.9  21.5  1.45   3.3   0.0 -99.9
'Wageningen'    13     6  2000 22574.  14.1  20.7  1.66   2.5   0.0 -99.9
'Wageningen'    14     6  2000 11835.  15.4  21.0  1.68   4.2   1.6 -99.9
'Wageningen'    15     6  2000 17495.   7.4  18.7  1.27   2.3   0.7 -99.9
'Wageningen'    16     6  2000 26108.   5.3  17.9  0.89   1.6   0.0 -99.9
'Wageningen'    17     6  2000 30090.   3.7  20.6  0.90   1.6   0.0 -99.9
'Wageningen'    18     6  2000 28747.  10.0  30.0  1.27   1.8   0.0 -99.9
'Wageningen'    19     6  2000 28887.  16.3  31.8  1.82   2.4   0.0 -99.9
'Wageningen'    20     6  2000 27899.  19.4  32.6  1.81   2.4   0.0 -99.9
'Wageningen'    21     6  2000 17756.  14.2  26.3  1.80   3.3   1.7 -99.9
'Wageningen'    22     6  2000 12569.  12.0  20.4  1.40   3.3   0.2 -99.9
'Wageningen'    23     6  2000  9649.  11.7  18.4  1.48   4.1   3.3 -99.9
'Wageningen'    24     6  2000 11947.   9.6  17.5  1.29   3.1   3.3 -99.9
'Wageningen'    25     6  2000 11721.  10.2  15.5  1.20   2.6   4.9 -99.9
'Wageningen'    26     6  2000 17806.   6.1  16.4  0.99   2.6   0.0 -99.9
'Wageningen'    27     6  2000 23811.   5.2  17.4  1.00   1.7   0.0 -99.9
'Wageningen'    28     6  2000 20792.   4.5  17.3  0.97   1.8   0.0 -99.9
'Wageningen'    29     6  2000 20326.   8.8  17.8  0.98   2.5   2.3 -99.9
'Wageningen'    30     6  2000 21203.   6.5  19.9  1.10   1.4   1.7 -99.9
'Wageningen'     1     7  2000  7927.   7.7  16.4  1.37   1.9   5.7 -99.9
'Wageningen'     2     7  2000 19915.  14.5  24.4  1.71   1.7   3.4 -99.9
'Wageningen'     3     7  2000 17217.  13.3  24.4  1.71   1.2   0.0 -99.9
'Wageningen'     4     7  2000 13144.  10.5  23.6  1.64   1.5  29.0 -99.9
'Wageningen'     5     7  2000 10593.  14.3  20.9  1.63   2.8   9.3 -99.9
'Wageningen'     6     7  2000 16910.  13.7  21.0  1.43   1.7   0.2 -99.9
'Wageningen'     7     7  2000 15731.   8.8  17.5  1.19   2.9   2.4 -99.9
'Wageningen'     8     7  2000  9944.   6.3  15.2  1.24   2.5   1.0 -99.9
'Wageningen'     9     7  2000  5629.  12.3  15.0  1.44   4.3   4.9 -99.9
'Wageningen'    10     7  2000 14324.  12.5  18.3  1.42   4.9   5.0 -99.9
'Wageningen'    11     7  2000 11666.  11.4  16.4  1.35   3.7   1.7 -99.9
'Wageningen'    12     7  2000 18523.   8.0  17.6  1.03   2.8   0.0 -99.9
'Wageningen'    13     7  2000  5164.  10.8  16.2  1.47   2.7  12.2 -99.9
'Wageningen'    14     7  2000 14822.  10.4  17.1  1.32   3.0   6.7 -99.9
'Wageningen'    15     7  2000 17628.  10.8  16.4  1.26   2.9   2.5 -99.9
'Wageningen'    16     7  2000 13453.  11.8  17.9  1.36   2.1   3.0 -99.9
'Wageningen'    17     7  2000  7576.  12.0  16.3  1.35   2.3   2.6 -99.9
'Wageningen'    18     7  2000 15118.  12.2  16.6  1.22   2.5   0.0 -99.9
'Wageningen'    19     7  2000 13375.  10.3  19.9  1.35   2.5   0.1 -99.9
'Wageningen'    20     7  2000 23600.   8.4  22.0  1.31   1.5   0.0 -99.9
'Wageningen'    21     7  2000 19362.  10.3  18.7  1.30   2.1   0.0 -99.9
'Wageningen'    22     7  2000 14264.  10.4  20.9  1.53   1.6   0.1 -99.9
'Wageningen'    23     7  2000 21174.  13.1  21.7  1.52   2.0   0.2 -99.9
'Wageningen'    24     7  2000 16219.  13.7  23.7  1.70   3.1  14.4 -99.9
'Wageningen'    25     7  2000 11928.  14.4  21.4  1.74   3.1   2.7 -99.9
'Wageningen'    26     7  2000 13518.  14.2  19.5  1.58   1.8   0.0 -99.9
'Wageningen'    27     7  2000 13830.  13.3  21.2  1.58   1.3  10.6 -99.9
'Wageningen'    28     7  2000 14394.  10.9  22.1  1.61   1.9   2.8 -99.9
'Wageningen'    29     7  2000  8805.  12.1  20.1  1.64   1.7  14.5 -99.9
'Wageningen'    30     7  2000 14462.  10.6  21.9  1.60   1.7   0.2 -99.9
'Wageningen'    31     7  2000 22667.  12.8  24.1  1.61   1.5   0.0 -99.9
'Wageningen'     1     8  2000 20703.  16.2  28.2  1.81   2.1  13.0 -99.9
'Wageningen'     2     8  2000 18237.  14.5  21.8  1.57   3.3   2.6 -99.9
'Wageningen'     3     8  2000 19675.  13.4  22.2  1.48   2.9   0.0 -99.9
'Wageningen'     4     8  2000 19989.  10.8  22.1  1.52   1.2   0.0 -99.9
'Wageningen'     5     8  2000 20186.  10.5  21.5  1.44   1.1   0.0 -99.9
'Wageningen'     6     8  2000 14212.  10.0  22.2  1.67   1.9   0.0 -99.9
'Wageningen'     7     8  2000 10173.  12.7  21.1  1.71   1.2   0.9 -99.9
'Wageningen'     8     8  2000 12818.  11.0  22.0  1.62   1.5   0.8 -99.9
'Wageningen'     9     8  2000 20403.   9.5  24.7  1.55   1.4   0.0 -99.9
'Wageningen'    10     8  2000  8213.  16.9  20.6  1.89   3.0   0.1 -99.9
'Wageningen'    11     8  2000 16846.  12.6  23.4  1.60   1.3   0.0 -99.9
'Wageningen'    12     8  2000 21454.  11.3  24.3  1.46   1.1   0.0 -99.9
'Wageningen'    13     8  2000 19882.  12.2  29.1  1.77   2.8   0.0 -99.9
'Wageningen'    14     8  2000 16028.  18.2  26.2  2.08   2.1   0.3 -99.9
'Wageningen'    15     8  2000 12357.  12.0  22.1  1.77   2.8   0.0 -99.9
'Wageningen'    16     8  2000 15338.  13.1  23.0  1.57   2.5   4.0 -99.9
'Wageningen'    17     8  2000 16752.  13.0  22.5  1.57   3.5   0.3 -99.9
'Wageningen'    18     8  2000 16830.  11.3  22.2  1.38   1.8   0.1 -99.9
'Wageningen'    19     8  2000 12698.  15.5  23.0  1.76   2.3  10.1 -99.9
'Wageningen'    20     8  2000 17676.  13.2  23.2  1.62   1.5   5.7 -99.9
'Wageningen'    21     8  2000 20185.  11.6  20.9  1.29   1.5   5.9 -99.9
'Wageningen'    22     8  2000 16723.   9.1  21.1  1.37   1.4   0.0 -99.9
'Wageningen'    23     8  2000 20968.   7.6  21.1  1.19   2.4   0.0 -99.9
'Wageningen'    24     8  2000 21381.   7.6  23.6  1.19   1.3   0.0 -99.9
'Wageningen'    25     8  2000  9221.   9.6  21.0  1.50   1.4   0.0 -99.9
'Wageningen'    26     8  2000 19554.  13.1  26.9  1.49   3.7   0.0 -99.9
'Wageningen'    27     8  2000  5059.  13.0  20.0  1.74   1.5  15.8 -99.9
'Wageningen'    28     8  2000 14103.  11.2  20.5  1.41   2.2   0.0 -99.9
'Wageningen'    29     8  2000 15866.   7.8  20.6  1.36   1.5   0.0 -99.9
'Wageningen'    30     8  2000 16217.   7.0  20.7  1.24   1.0   0.0 -99.9
'Wageningen'    31     8  2000 16508.   5.7  21.7  1.25   1.4   0.0 -99.9
'Wageningen'     1     9  2000  8614.  12.8  18.5  1.51   2.8   0.6 -99.9
'Wageningen'     2     9  2000  7280.  12.5  17.1  1.47   2.3   8.1 -99.9
'Wageningen'     3     9  2000 11376.  12.1  17.9  1.28   2.3   4.5 -99.9
'Wageningen'     4     9  2000 10157.  11.3  17.1  1.31   1.5   0.3 -99.9
'Wageningen'     5     9  2000  9741.   9.2  18.3  1.43   2.0   0.0 -99.9
'Wageningen'     6     9  2000  4573.  12.5  16.2  1.46   4.3   3.4 -99.9
'Wageningen'     7     9  2000 10254.  13.9  18.4  1.33   3.6   0.0 -99.9
'Wageningen'     8     9  2000  2998.  14.7  18.7  1.80   3.7   0.9 -99.9
'Wageningen'     9     9  2000  5437.  12.7  20.6  1.87   2.3   0.0 -99.9
'Wageningen'    10     9  2000 10321.  12.8  24.3  1.81   0.9   0.0 -99.9
'Wageningen'    11     9  2000 15573.  10.4  23.5  1.78   2.4   0.0 -99.9
'Wageningen'    12     9  2000  9042.  13.7  22.8  1.81   2.7   0.0 -99.9
'Wageningen'    13     9  2000 11419.  10.5  20.2  1.53   2.2   0.0 -99.9
'Wageningen'    14     9  2000  9721.  10.0  21.1  1.49   0.9   0.0 -99.9
'Wageningen'    15     9  2000  9767.  11.8  22.1  1.71   2.3  17.0 -99.9
'Wageningen'    16     9  2000 11649.   8.3  19.9  1.52   2.2   0.2 -99.9
'Wageningen'    17     9  2000  4323.   8.8  16.9  1.44   1.3   0.6 -99.9
'Wageningen'    18     9  2000 11445.  11.2  20.3  1.48   2.7   0.0 -99.9
'Wageningen'    19     9  2000 14044.  12.8  22.4  1.56   4.0   0.2 -99.9
'Wageningen'    20     9  2000  1952.  12.5  16.3  1.51   2.3   9.7 -99.9
'Wageningen'    21     9  2000  8549.  10.1  16.6  1.33   1.6   1.0 -99.9
'Wageningen'    22     9  2000 11272.   9.0  20.0  1.50   2.7   0.0 -99.9
'Wageningen'    23     9  2000 13796.  12.4  20.3  1.49   3.1   0.0 -99.9
'Wageningen'    24     9  2000 14838.  10.3  20.6  1.29   3.7   0.3 -99.9
'Wageningen'    25     9  2000 11328.  12.5  19.6  1.44   1.8   4.3 -99.9
'Wageningen'    26     9  2000  9465.  13.5  22.6  1.60   2.4   5.3 -99.9
'Wageningen'    27     9  2000 10789.  13.4  19.3  1.48   3.0   6.2 -99.9
'Wageningen'    28     9  2000  3092.  14.6  17.8  1.62   3.6   2.5 -99.9
'Wageningen'    29     9  2000  6176.  14.0  23.1  1.67   2.1   0.0 -99.9
'Wageningen'    30     9  2000  8447.  11.7  19.4  1.58   1.9   1.6 -99.9
'Wageningen'     1    10  2000  1336.  10.8  15.4  1.46   1.6  13.0 -99.9
'Wageningen'     2    10  2000  8090.  10.4  16.5  1.31   2.7   0.0 -99.9
'Wageningen'     3    10  2000  7268.   9.4  15.9  1.26   2.3   0.0 -99.9
'Wageningen'     4    10  2000  2978.  10.1  15.4  1.32   2.2   0.1 -99.9
'Wageningen'     5    10  2000  6457.   8.7  16.7  2.23   2.2   3.2 -99.9
'Wageningen'     6    10  2000  7584.   6.1  13.9  1.02   2.3   2.8 -99.9
'Wageningen'     7    10  2000 10750.   4.0  13.8  0.92   1.7   0.0 -99.9
'Wageningen'     8    10  2000  1757.   6.0  12.5  1.12   3.4   2.6 -99.9
'Wageningen'     9    10  2000 10770.   4.8  14.4  0.99   3.1   0.6 -99.9
'Wageningen'    10    10  2000  6520.   7.6  11.7  0.99   6.2   8.1 -99.9
'Wageningen'    11    10  2000  6880.   7.8  13.7  1.02   6.1   8.4 -99.9
'Wageningen'    12    10  2000  9392.   8.6  15.7  1.08   4.3   0.0 -99.9
'Wageningen'    13    10  2000  8654.   6.4  15.8  1.18   2.5   1.3 -99.9
'Wageningen'    14    10  2000  4216.   6.6  11.4  1.09   1.3   0.0 -99.9
'Wageningen'    15    10  2000  2752.   7.7  12.5  1.17   1.7   0.1 -99.9
'Wageningen'    16    10  2000  3947.  10.7  17.4  1.31   4.6   2.3 -99.9
'Wageningen'    17    10  2000  6164.   5.4  14.2  1.13   2.7   7.7 -99.9
'Wageningen'    18    10  2000  3441.   5.6  12.2  1.07   3.7   0.3 -99.9
'Wageningen'    19    10  2000  5956.   3.5  15.7  1.15   2.3   6.5 -99.9
'Wageningen'    20    10  2000  8497.   2.5  16.4  1.19   3.8   0.0 -99.9
'Wageningen'    21    10  2000  4612.  11.8  18.0  1.44   2.6   0.0 -99.9
'Wageningen'    22    10  2000  7194.  10.5  19.6  1.41   2.0   0.0 -99.9
'Wageningen'    23    10  2000  6723.  11.1  19.0  1.41   3.7   6.0 -99.9
'Wageningen'    24    10  2000  1640.  11.2  13.0  1.23   4.9   0.5 -99.9
'Wageningen'    25    10  2000  1620.   9.8  14.8  1.21   5.5   0.3 -99.9
'Wageningen'    26    10  2000  6216.   7.0  13.0  1.03   3.8   3.4 -99.9
'Wageningen'    27    10  2000  1145.   8.3  12.3  1.19   4.3   5.9 -99.9
'Wageningen'    28    10  2000  1415.  12.1  14.2  1.35   4.7   2.7 -99.9
'Wageningen'    29    10  2000  4667.   8.5  12.8  0.95   7.0   2.0 -99.9
'Wageningen'    30    10  2000   752.   7.4  13.2  1.05   8.7   6.3 -99.9
'Wageningen'    31    10  2000  2016.   7.4  11.3  0.99   5.7   0.8 -99.9
'Wageningen'     1    11  2000  1734.   6.0   9.9  0.95   5.4   4.0 -99.9
'Wageningen'     2    11  2000  3490.   4.9  11.9  0.96   4.6   6.4 -99.9
'Wageningen'     3    11  2000  5969.   5.7  11.0  0.90   3.7   0.3 -99.9
'Wageningen'     4    11  2000  3758.   3.8   9.7  0.88   3.0   0.0 -99.9
'Wageningen'     5    11  2000  6054.   3.8  10.8  0.84   3.8   0.0 -99.9
'Wageningen'     6    11  2000  2860.   7.1  12.2  0.95   5.5   4.0 -99.9
'Wageningen'     7    11  2000  1307.   7.3   9.4  1.02   4.2   1.6 -99.9
'Wageningen'     8    11  2000  1039.   6.5   9.1  1.00   4.9   5.4 -99.9
'Wageningen'     9    11  2000  2541.   6.9   9.8  0.97   5.1   2.1 -99.9
'Wageningen'    10    11  2000  3411.   5.6   9.4  0.89   4.5   1.5 -99.9
'Wageningen'    11    11  2000  2885.   6.1  10.3  0.89   5.1   0.3 -99.9
'Wageningen'    12    11  2000   987.   7.4   9.9  0.97   4.6   5.8 -99.9
'Wageningen'    13    11  2000  3269.   5.9  10.3  0.99   2.5   0.0 -99.9
'Wageningen'    14    11  2000  3901.   2.6   9.6  0.88   2.0   0.0 -99.9
'Wageningen'    15    11  2000  2229.   3.7   8.1  0.86   3.6   0.0 -99.9
'Wageningen'    16    11  2000  2243.   4.6   9.3  0.92   4.1   6.1 -99.9
'Wageningen'    17    11  2000  3698.   2.0   7.3  0.79   2.7   6.7 -99.9
'Wageningen'    18    11  2000  3339.   3.8   8.4  0.86   4.8   5.4 -99.9
'Wageningen'    19    11  2000  1524.   7.8  10.8  1.04   4.9   3.6 -99.9
'Wageningen'    20    11  2000  1901.   4.7   8.0  0.86   4.0   5.6 -99.9
'Wageningen'    21    11  2000  2147.   4.5   8.0  0.80   4.8   2.4 -99.9
'Wageningen'    22    11  2000  1918.   5.3  10.4  0.95   4.6   0.6 -99.9
'Wageningen'    23    11  2000  1131.   5.0  11.3  1.03   3.7   6.9 -99.9
'Wageningen'    24    11  2000  3504.   4.2   9.7  0.91   3.7   0.1 -99.9
'Wageningen'    25    11  2000  2395.   4.3   9.5  0.87   4.7   9.2 -99.9
'Wageningen'    26    11  2000  2107.   5.3   9.1  0.92   4.5   4.5 -99.9
'Wageningen'    27    11  2000  3405.   3.8   8.6  0.86   3.3   0.0 -99.9
'Wageningen'    28    11  2000   907.   7.2  14.3  1.25   3.9   6.3 -99.9
'Wageningen'    29    11  2000  2646.   9.4  13.4  1.15   3.3   0.0 -99.9
'Wageningen'    30    11  2000  3820.   7.3  12.7  1.12   2.6   0.0 -99.9
'Wageningen'     1    12  2000  2023.   9.1  13.7  1.19   4.2   1.3 -99.9
'Wageningen'     2    12  2000  2392.   8.7  12.3  1.20   2.7   0.0 -99.9
'Wageningen'     3    12  2000  1894.   4.6  10.7  1.02   3.2   4.3 -99.9
'Wageningen'     4    12  2000  2004.   4.4   9.2  0.89   4.2   1.5 -99.9
'Wageningen'     5    12  2000  3086.   6.7  12.1  0.99   3.8   0.0 -99.9
'Wageningen'     6    12  2000   981.   8.6  11.2  1.15   3.6   4.0 -99.9
'Wageningen'     7    12  2000  1825.   8.3  11.4  1.13   3.6   1.3 -99.9
'Wageningen'     8    12  2000  2090.   9.9  14.7  1.09   5.6   1.5 -99.9
'Wageningen'     9    12  2000  2022.   7.4  11.1  1.02   4.4   0.0 -99.9
'Wageningen'    10    12  2000  1053.   6.8  11.5  1.04   6.0   3.7 -99.9
'Wageningen'    11    12  2000  1976.   9.5  13.3  1.16   5.6   5.8 -99.9
'Wageningen'    12    12  2000   467.  12.0  13.8  1.34   5.6   5.3 -99.9
'Wageningen'    13    12  2000  1114.   8.6  13.0  1.00   8.9   2.5 -99.9
'Wageningen'    14    12  2000  1645.   5.0   9.6  0.93   4.7   0.5 -99.9
'Wageningen'    15    12  2000  1608.   3.1   7.4  0.81   4.8  12.1 -99.9
'Wageningen'    16    12  2000  1073.   2.3   4.3  0.71   4.2  10.9 -99.9
'Wageningen'    17    12  2000  2893.   0.7   5.3  0.67   1.7   0.2 -99.9
'Wageningen'    18    12  2000   833.   2.0   4.4  0.71   2.4   0.0 -99.9
'Wageningen'    19    12  2000  3382.   0.4   4.4  0.67   3.3   0.0 -99.9
'Wageningen'    20    12  2000  2796.  -0.3   2.7  0.55   4.8   0.0 -99.9
'Wageningen'    21    12  2000  3723.  -2.4   2.2  0.44   4.0   0.0 -99.9
'Wageningen'    22    12  2000  3608.  -3.9   1.3  0.42   2.8   0.0 -99.9
'Wageningen'    23    12  2000  3236.  -5.6   3.6  0.46   1.2   0.0 -99.9
'Wageningen'    24    12  2000  1275.  -1.0   1.0  0.59   2.3   3.3 -99.9
'Wageningen'    25    12  2000  2713.  -4.1   0.8  0.51   4.2   1.6 -99.9
'Wageningen'    26    12  2000  1562.  -4.7  -1.3  0.46   3.0   0.0 -99.9
'Wageningen'    27    12  2000   824.  -1.9  -0.3  0.53   2.2   3.3 -99.9
'Wageningen'    28    12  2000  1907.  -1.6   1.7  0.56   3.8   1.6 -99.9
'Wageningen'    29    12  2000  2990.  -2.9   2.0  0.56   4.7   1.3 -99.9
'Wageningen'    30    12  2000  2117.  -1.6   2.5  0.62   3.2   8.2 -99.9
'Wageningen'    31    12  2000  1776.  -3.0   1.2  0.56   2.8   0.0 -99.9
