***************************************************************************
* File name: Wageni.964
* Contents: SWAP  3.0 - Meteo data of Wageningen weather station                
***************************************************************************     
* Comment area:                                                                 
*                                                                               
*                                                                               
***************************************************************************     
    Station   DD MM YYYY     RAD   Tmin   Tmax    HUM   WIND   RAIN   ETref     
*             nr nr   nr   kJ/m2      C      C    kPa    m/s     mm      mm     
 'Wageningen'  1  1 1964   1758.    1.1    6.3   0.83    3.1    0.0   -99.9
 'Wageningen'  2  1 1964   2596.    3.0    5.2   0.65    1.6    0.0   -99.9
 'Wageningen'  3  1 1964   3768.   -1.5    3.0   0.56    2.2    0.2   -99.9
 'Wageningen'  4  1 1964   1256.   -6.4   -2.4   0.47    0.5    0.0   -99.9
 'Wageningen'  5  1 1964    419.   -5.0    3.0   0.56    1.3    0.5   -99.9
 'Wageningen'  6  1 1964    837.   -2.6    4.5   0.77    2.6    0.2   -99.9
 'Wageningen'  7  1 1964   1758.   -0.3    5.5   0.77    0.9    0.7   -99.9
 'Wageningen'  8  1 1964    879.    0.4    5.2   0.88    1.7    1.3   -99.9
 'Wageningen'  9  1 1964    335.    4.0    5.0   0.84    3.2    1.4   -99.9
 'Wageningen' 10  1 1964    670.   -1.5    0.6   0.63    1.7    1.8   -99.9
 'Wageningen' 11  1 1964   1968.   -4.0   -2.9   0.42    1.0    0.0   -99.9
 'Wageningen' 12  1 1964   1172.   -4.5   -2.7   0.49    2.1    0.0   -99.9
 'Wageningen' 13  1 1964   1214.   -5.8    2.0   0.44    1.4    2.6   -99.9
 'Wageningen' 14  1 1964    712.   -3.3    2.3   0.67    2.6    1.0   -99.9
 'Wageningen' 15  1 1964   4019.   -3.0    0.0   0.29    3.4    0.0   -99.9
 'Wageningen' 16  1 1964   4647.   -6.6    1.1   0.60    2.8    0.0   -99.9
 'Wageningen' 17  1 1964   4019.   -5.5    1.5   0.37    2.3    0.0   -99.9
 'Wageningen' 18  1 1964   4522.   -9.0    0.9   0.42    1.3    0.0   -99.9
 'Wageningen' 19  1 1964   1465.   -6.0    0.8   0.60    1.7    0.0   -99.9
 'Wageningen' 20  1 1964   4229.   -4.6    1.3   0.52    1.4    0.0   -99.9
 'Wageningen' 21  1 1964    461.   -4.9    0.3   0.60    0.3    0.4   -99.9
 'Wageningen' 22  1 1964    670.   -1.2    1.1   0.65    0.7    0.3   -99.9
 'Wageningen' 23  1 1964    628.   -1.7    0.0   0.49    1.6    0.0   -99.9
 'Wageningen' 24  1 1964    670.   -1.4    2.6   0.71    2.1    0.1   -99.9
 'Wageningen' 25  1 1964   2219.    0.0    2.5   0.60    2.5    0.0   -99.9
 'Wageningen' 26  1 1964   2596.    0.8    5.3   0.76    3.2    0.2   -99.9
 'Wageningen' 27  1 1964   1842.    1.5    4.3   0.64    2.7    0.0   -99.9
 'Wageningen' 28  1 1964   1047.    0.0    2.2   0.60    2.9    3.5   -99.9
 'Wageningen' 29  1 1964   2261.    0.0    5.1   0.85    1.4    1.8   -99.9
 'Wageningen' 30  1 1964   2052.    0.0    7.0   0.68    5.1    2.1   -99.9
 'Wageningen' 31  1 1964   3098.    1.5    9.4   0.75    3.9    3.8   -99.9
 'Wageningen'  1  2 1964   3182.    3.5   10.0   0.98    5.5    0.0   -99.9
 'Wageningen'  2  2 1964   1424.    2.2    8.2   1.00    3.3    0.2   -99.9
 'Wageningen'  3  2 1964   1591.    2.8    9.1   0.91    4.5    4.2   -99.9
 'Wageningen'  4  2 1964   6029.    2.5    7.0   0.70    4.5    0.0   -99.9
 'Wageningen'  5  2 1964   6196.   -0.9    6.1   0.57    4.2    0.0   -99.9
 'Wageningen'  6  2 1964   4899.   -2.0    5.5   0.65    2.9    0.6   -99.9
 'Wageningen'  7  2 1964   4480.   -3.5    5.5   0.72    2.0    0.5   -99.9
 'Wageningen'  8  2 1964   5024.    1.0    8.0   0.77    3.4    0.2   -99.9
 'Wageningen'  9  2 1964   2052.    2.1    7.5   0.92    4.6    0.3   -99.9
 'Wageningen' 10  2 1964   1842.    5.0    6.9   0.87    4.0    2.5   -99.9
 'Wageningen' 11  2 1964    754.    4.8    5.7   0.84    4.6    7.2   -99.9
 'Wageningen' 12  2 1964   3475.   -0.6    5.3   0.79    1.0    0.3   -99.9
 'Wageningen' 13  2 1964   6406.   -2.9    2.0   0.49    2.4    0.0   -99.9
 'Wageningen' 14  2 1964   6448.   -3.8    4.1   0.34    3.5    0.0   -99.9
 'Wageningen' 15  2 1964   6238.   -1.3    6.3   0.52    2.1    0.0   -99.9
 'Wageningen' 16  2 1964   2680.   -1.0    1.3   0.47    3.3    0.5   -99.9
 'Wageningen' 17  2 1964    837.   -1.0    1.0   0.60    2.4    8.0   -99.9
 'Wageningen' 18  2 1964   1549.   -3.0   -2.1   0.45    1.9    0.2   -99.9
 'Wageningen' 19  2 1964   4187.   -3.0   -1.0   0.40    4.0    0.0   -99.9
 'Wageningen' 20  2 1964   9755.  -11.3    0.1   0.34    1.8    0.0   -99.9
 'Wageningen' 21  2 1964   7034.  -11.4    3.9   0.36    1.1    0.0   -99.9
 'Wageningen' 22  2 1964   8290.  -11.0    3.0   0.40    3.0    0.0   -99.9
 'Wageningen' 23  2 1964   3140.   -4.0    7.0   0.81    3.5    1.2   -99.9
 'Wageningen' 24  2 1964   5987.    2.3   12.0   1.00    3.1    0.0   -99.9
 'Wageningen' 25  2 1964   6029.    4.1   14.6   0.88    3.1    0.0   -99.9
 'Wageningen' 26  2 1964   5903.    3.8   14.5   0.94    2.3    0.2   -99.9
 'Wageningen' 27  2 1964   6322.    5.0   13.4   1.06    1.3    0.0   -99.9
 'Wageningen' 28  2 1964   6238.    3.1   13.6   0.98    0.3    0.0   -99.9
 'Wageningen' 29  2 1964   7034.   -0.6   10.1   0.80    0.2    1.8   -99.9
 'Wageningen'  1  3 1964   1800.    2.0    3.9   0.70    0.7    0.0   -99.9
 'Wageningen'  2  3 1964   4271.    1.7    3.5   0.60    1.3    0.0   -99.9
 'Wageningen'  3  3 1964   1884.   -2.6   -1.5   0.52    0.9    0.0   -99.9
 'Wageningen'  4  3 1964   2805.   -2.6    2.6   0.44    2.3    0.0   -99.9
 'Wageningen'  5  3 1964   5778.   -2.0    0.9   0.38    4.2    0.0   -99.9
 'Wageningen'  6  3 1964   9630.   -4.5    0.0   0.28    3.9    0.0   -99.9
 'Wageningen'  7  3 1964  12393.   -6.4    2.0   0.30    3.9    0.0   -99.9
 'Wageningen'  8  3 1964  13021.   -7.9    3.7   0.32    2.7    0.0   -99.9
 'Wageningen'  9  3 1964  12937.   -8.2    8.1   0.32    1.6    0.0   -99.9
 'Wageningen' 10  3 1964   9630.   -6.8    7.7   0.48    0.9    0.0   -99.9
 'Wageningen' 11  3 1964   9546.   -7.0    8.5   0.41    0.6    0.0   -99.9
 'Wageningen' 12  3 1964  10090.   -6.0   11.5   0.44    4.4    0.0   -99.9
 'Wageningen' 13  3 1964   4354.    1.2    7.0   0.53    4.8    6.5   -99.9
 'Wageningen' 14  3 1964   5568.    1.9    6.3   0.79    6.5    0.5   -99.9
 'Wageningen' 15  3 1964   6741.    0.1    4.0   0.49    6.5    0.0   -99.9
 'Wageningen' 16  3 1964  14444.   -4.5    5.0   0.25    4.0    0.0   -99.9
 'Wageningen' 17  3 1964  13900.   -5.5    5.1   0.32    2.9    0.0   -99.9
 'Wageningen' 18  3 1964  12937.   -5.6    5.0   0.26    3.1    0.0   -99.9
 'Wageningen' 19  3 1964   5568.   -2.4    5.4   0.36    5.2   11.3   -99.9
 'Wageningen' 20  3 1964   9462.    0.0   13.4   0.98    2.4    0.2   -99.9
 'Wageningen' 21  3 1964   8583.    5.0   14.4   0.99    2.2    2.8   -99.9
 'Wageningen' 22  3 1964   7829.    6.2   12.3   0.94    1.9    2.4   -99.9
 'Wageningen' 23  3 1964   4312.    6.5   10.1   1.02    0.7    0.0   -99.9
 'Wageningen' 24  3 1964   6783.    2.6   12.0   0.94    3.5   10.5   -99.9
 'Wageningen' 25  3 1964   3517.    5.0   10.4   1.04    2.9    0.0   -99.9
 'Wageningen' 26  3 1964   1717.    4.5    5.5   0.77    3.5    0.6   -99.9
 'Wageningen' 27  3 1964   5778.    4.5    9.6   0.87    1.3    0.0   -99.9
 'Wageningen' 28  3 1964   7871.    1.1    7.9   0.70    2.6    0.2   -99.9
 'Wageningen' 29  3 1964   3433.    1.6    3.8   0.65    2.4    4.0   -99.9
 'Wageningen' 30  3 1964   3014.    0.0    4.5   0.67    0.8    1.1   -99.9
 'Wageningen' 31  3 1964   5527.    1.0    7.4   0.70    0.8    0.8   -99.9
 'Wageningen'  1  4 1964   1591.    3.3    4.3   0.70    2.7    0.0   -99.9
 'Wageningen'  2  4 1964   3349.    2.0    4.5   0.57    3.1    0.0   -99.9
 'Wageningen'  3  4 1964    837.    2.5    4.4   0.72    3.4    6.3   -99.9
 'Wageningen'  4  4 1964   3643.    2.8    4.9   0.67    3.2    0.0   -99.9
 'Wageningen'  5  4 1964  18882.    2.0    9.5   0.49    4.4    0.0   -99.9
 'Wageningen'  6  4 1964  15031.   -1.9    9.5   0.62    2.5    0.0   -99.9
 'Wageningen'  7  4 1964   8122.   -2.0    8.4   0.58    3.1    1.0   -99.9
 'Wageningen'  8  4 1964   6155.   -1.9   10.8   0.83    1.9    0.0   -99.9
 'Wageningen'  9  4 1964  17040.    2.9   12.9   0.85    2.6    0.0   -99.9
 'Wageningen' 10  4 1964  18589.    2.5   15.9   0.77    1.8    0.0   -99.9
 'Wageningen' 11  4 1964  15114.    0.0   15.3   0.81    0.9    0.0   -99.9
 'Wageningen' 12  4 1964   5443.    2.8   10.9   1.04    3.8    9.5   -99.9
 'Wageningen' 13  4 1964  10132.    7.1   12.0   0.95    3.0    0.0   -99.9
 'Wageningen' 14  4 1964  12016.    5.1   12.2   0.79    4.4    4.9   -99.9
 'Wageningen' 15  4 1964  14277.    5.9   15.4   0.72    2.8    0.0   -99.9
 'Wageningen' 16  4 1964  16580.    6.6   21.4   0.98    3.0    0.0   -99.9
 'Wageningen' 17  4 1964  16035.   10.4   20.7   0.99    2.6    0.5   -99.9
 'Wageningen' 18  4 1964  14068.   10.6   19.3   1.19    2.6    1.8   -99.9
 'Wageningen' 19  4 1964  10132.   13.0   21.3   0.99    1.9    0.8   -99.9
 'Wageningen' 20  4 1964  14612.    8.0   17.6   0.90    1.9    0.4   -99.9
 'Wageningen' 21  4 1964  15114.    8.4   17.0   0.80    3.4    0.0   -99.9
 'Wageningen' 22  4 1964  13607.    8.0   14.5   0.79    2.4    1.5   -99.9
 'Wageningen' 23  4 1964   7704.    5.0   13.0   1.03    2.0   13.2   -99.9
 'Wageningen' 24  4 1964   2763.    7.0    8.5   0.98    3.8    1.5   -99.9
 'Wageningen' 25  4 1964   6490.    6.0   10.0   0.90    1.2    0.0   -99.9
 'Wageningen' 26  4 1964  16622.    7.0   17.0   0.94    1.2    0.0   -99.9
 'Wageningen' 27  4 1964  20725.    3.0   19.0   0.85    2.5    0.0   -99.9
 'Wageningen' 28  4 1964   3601.    9.0   14.2   1.37    3.5    9.9   -99.9
 'Wageningen' 29  4 1964  14110.    9.4   14.5   0.95    5.0    2.5   -99.9
 'Wageningen' 30  4 1964  14486.    7.8   14.0   0.96    3.8    0.0   -99.9
 'Wageningen'  1  5 1964   8374.    7.1   11.0   0.94    3.3    6.3   -99.9
 'Wageningen'  2  5 1964   5610.    7.5   13.0   1.16    2.9    4.5   -99.9
 'Wageningen'  3  5 1964   5527.    9.6   15.4   1.43    4.2    8.3   -99.9
 'Wageningen'  4  5 1964  11639.    9.0   14.5   0.90    5.1    1.9   -99.9
 'Wageningen'  5  5 1964  16370.    9.0   14.4   0.81    4.6    0.0   -99.9
 'Wageningen'  6  5 1964  14528.    5.2   16.0   1.00    2.0    0.0   -99.9
 'Wageningen'  7  5 1964  13523.    8.8   21.7   1.17    1.9    3.6   -99.9
 'Wageningen'  8  5 1964  18841.    9.9   16.4   0.84    4.8    0.0   -99.9
 'Wageningen'  9  5 1964  23237.    6.3   17.8   1.03    1.7    0.0   -99.9
 'Wageningen' 10  5 1964  17836.    8.4   16.5   1.26    2.4    0.1   -99.9
 'Wageningen' 11  5 1964  10467.    6.5   19.7   1.20    2.1    0.0   -99.9
 'Wageningen' 12  5 1964  24409.    9.1   25.7   1.39    1.7    0.4   -99.9
 'Wageningen' 13  5 1964  10300.   13.0   18.4   1.63    2.3    0.1   -99.9
 'Wageningen' 14  5 1964  15575.   11.2   15.8   0.84    2.8    0.0   -99.9
 'Wageningen' 15  5 1964  23237.    1.9   17.2   0.90    1.9    0.0   -99.9
 'Wageningen' 16  5 1964  21269.    0.3   17.7   1.34    0.7    0.0   -99.9
 'Wageningen' 17  5 1964  24367.    1.7   24.8   1.13    0.6    0.0   -99.9
 'Wageningen' 18  5 1964  15701.    5.9   24.0   1.43    1.5    4.2   -99.9
 'Wageningen' 19  5 1964  23320.    8.5   21.7   1.26    1.5    2.5   -99.9
 'Wageningen' 20  5 1964  17961.   10.0   16.5   1.31    2.3    0.0   -99.9
 'Wageningen' 21  5 1964  14947.    5.0   18.5   1.00    0.8    0.0   -99.9
 'Wageningen' 22  5 1964  18966.    8.6   20.7   0.96    2.0    0.0   -99.9
 'Wageningen' 23  5 1964  21897.   11.9   24.0   1.10    3.3    0.0   -99.9
 'Wageningen' 24  5 1964  24786.   12.0   25.4   1.71    2.5    0.0   -99.9
 'Wageningen' 25  5 1964  23069.   15.4   25.9   1.04    2.7    0.0   -99.9
 'Wageningen' 26  5 1964  18296.    9.8   25.2   2.04    1.1    2.7   -99.9
 'Wageningen' 27  5 1964   9630.   13.5   21.2   1.71    1.2    1.9   -99.9
 'Wageningen' 28  5 1964  17459.    8.0   23.5   1.67    0.6    0.0   -99.9
 'Wageningen' 29  5 1964  10258.   12.5   24.0   1.52    0.7    2.2   -99.9
 'Wageningen' 30  5 1964  21478.   11.5   24.0   1.26    1.7    0.0   -99.9
 'Wageningen' 31  5 1964  23823.   12.0   24.9   1.15    2.2   11.0   -99.9
 'Wageningen'  1  6 1964  11807.   12.0   17.5   1.25    2.8    1.8   -99.9
 'Wageningen'  2  6 1964   6950.   12.0   20.0   1.66    2.1   11.5   -99.9
 'Wageningen'  3  6 1964   8374.   12.1   17.9   1.13    2.7    0.1   -99.9
 'Wageningen'  4  6 1964  24535.    5.1   25.4   1.31    2.5    0.0   -99.9
 'Wageningen'  5  6 1964  14444.   15.1   24.6   1.58    2.9    0.1   -99.9
 'Wageningen'  6  6 1964  25246.    8.1   23.9   0.99    1.5    0.0   -99.9
 'Wageningen'  7  6 1964   8750.   13.3   20.9   1.58    1.1   12.3   -99.9
 'Wageningen'  8  6 1964  20767.   12.2   17.8   1.11    3.8    0.0   -99.9
 'Wageningen'  9  6 1964  18003.   12.0   21.6   1.49    1.1    0.0   -99.9
 'Wageningen' 10  6 1964  21981.    9.2   25.5   1.07    1.5    0.0   -99.9
 'Wageningen' 11  6 1964  22316.   12.7   20.9   1.18    1.9    0.0   -99.9
 'Wageningen' 12  6 1964  23697.    6.6   26.3   1.57    1.6    0.0   -99.9
 'Wageningen' 13  6 1964  23823.   19.0   32.5   1.58    3.2    2.3   -99.9
 'Wageningen' 14  6 1964  15994.   13.7   22.7   1.31    2.4    4.5   -99.9
 'Wageningen' 15  6 1964   7997.   12.1   18.0   1.58    2.6    1.0   -99.9
 'Wageningen' 16  6 1964  15994.    7.9   19.6   1.08    1.3    0.0   -99.9
 'Wageningen' 17  6 1964  25246.    8.1   23.5   1.15    0.8    0.0   -99.9
 'Wageningen' 18  6 1964  13733.   15.3   22.9   2.31    2.1   11.2   -99.9
 'Wageningen' 19  6 1964   7955.   14.1   16.8   1.20    2.1    5.1   -99.9
 'Wageningen' 20  6 1964  15282.    5.6   14.0   0.96    2.3    0.0   -99.9
 'Wageningen' 21  6 1964  14319.    5.9   15.3   1.02    1.8    8.4   -99.9
 'Wageningen' 22  6 1964  14486.    7.7   14.6   1.13    1.7    0.3   -99.9
 'Wageningen' 23  6 1964  16370.    6.6   17.0   1.13    1.6    0.1   -99.9
 'Wageningen' 24  6 1964  24242.    4.3   20.3   1.00    1.2    0.0   -99.9
 'Wageningen' 25  6 1964  25958.    7.5   23.3   1.02    1.5    0.0   -99.9
 'Wageningen' 26  6 1964  24409.   11.3   25.5   1.19    1.6    0.0   -99.9
 'Wageningen' 27  6 1964  24074.   12.2   25.1   1.91    1.7    0.0   -99.9
 'Wageningen' 28  6 1964   9253.   14.2   20.1   1.47    2.0    0.5   -99.9
 'Wageningen' 29  6 1964  13775.   12.4   17.1   0.94    3.4    0.0   -99.9
 'Wageningen' 30  6 1964  12058.    7.7   18.4   1.03    3.3    0.0   -99.9
 'Wageningen'  1  7 1964  17626.   12.1   18.6   0.92    2.9    0.0   -99.9
 'Wageningen'  2  7 1964  20515.    6.9   20.4   1.22    1.5    0.0   -99.9
 'Wageningen'  3  7 1964  10132.    7.7   19.4   1.31    1.9    0.9   -99.9
 'Wageningen'  4  7 1964  20348.    6.7   16.2   0.99    1.4    1.5   -99.9
 'Wageningen'  5  7 1964  17124.    4.7   18.1   0.68    2.3    0.0   -99.9
 'Wageningen'  6  7 1964  22776.    8.0   17.5   0.94    2.2    0.0   -99.9
 'Wageningen'  7  7 1964  16747.    6.2   20.6   1.13    2.7    0.7   -99.9
 'Wageningen'  8  7 1964   4312.   13.0   16.6   1.50    4.5    8.5   -99.9
 'Wageningen'  9  7 1964  16329.   11.8   17.5   1.26    3.4    3.8   -99.9
 'Wageningen' 10  7 1964  19552.   10.9   18.0   1.04    3.5    0.0   -99.9
 'Wageningen' 11  7 1964   5192.    9.5   16.0   1.35    2.9    5.7   -99.9
 'Wageningen' 12  7 1964   6573.   11.7   18.4   1.88    3.0    3.4   -99.9
 'Wageningen' 13  7 1964  16789.   15.5   23.4   1.66    1.2    0.0   -99.9
 'Wageningen' 14  7 1964  23237.    9.6   29.6   1.74    1.2    0.0   -99.9
 'Wageningen' 15  7 1964  14486.   18.5   27.9   2.23    1.7    0.1   -99.9
 'Wageningen' 16  7 1964  21143.   13.5   26.1   1.89    0.8    0.0   -99.9
 'Wageningen' 17  7 1964  22525.   11.7   27.7   1.72    1.5    0.0   -99.9
 'Wageningen' 18  7 1964  18129.   18.6   33.1   1.99    3.0   12.2   -99.9
 'Wageningen' 19  7 1964  17752.   17.3   22.5   1.52    2.5    0.0   -99.9
 'Wageningen' 20  7 1964  20432.   12.9   24.5   1.46    1.0    0.0   -99.9
 'Wageningen' 21  7 1964  13775.   15.5   26.4   1.62    1.7   19.7   -99.9
 'Wageningen' 22  7 1964   6155.   14.7   17.3   1.59    2.3    2.2   -99.9
 'Wageningen' 23  7 1964  10969.   11.5   18.6   1.37    2.1    0.0   -99.9
 'Wageningen' 24  7 1964  16035.   10.6   23.0   1.65    1.7    0.0   -99.9
 'Wageningen' 25  7 1964  23027.   10.8   25.7   1.63    1.3    0.0   -99.9
 'Wageningen' 26  7 1964  23195.   10.9   27.7   1.68    1.0    0.0   -99.9
 'Wageningen' 27  7 1964  19678.   14.3   24.3   2.14    1.6    0.0   -99.9
 'Wageningen' 28  7 1964  18464.   14.0   23.3   1.40    2.9    0.0   -99.9
 'Wageningen' 29  7 1964  18589.   13.7   22.2   1.40    1.7    0.0   -99.9
 'Wageningen' 30  7 1964  17961.    9.9   25.5   1.35    0.9    0.0   -99.9
 'Wageningen' 31  7 1964   9085.   12.0   19.8   1.65    2.5    2.0   -99.9
 'Wageningen'  1  8 1964   8876.   13.5   19.6   1.40    3.8    3.7   -99.9
 'Wageningen'  2  8 1964  13565.   12.0   17.8   1.18    3.3    0.4   -99.9
 'Wageningen'  3  8 1964   5987.    7.8   18.0   1.46    1.4    0.1   -99.9
 'Wageningen'  4  8 1964  12728.   14.0   21.6   1.84    1.7    0.0   -99.9
 'Wageningen'  5  8 1964  14612.   12.5   21.0   1.46    1.0    0.0   -99.9
 'Wageningen'  6  8 1964  20515.    9.5   27.3   1.46    1.5    0.0   -99.9
 'Wageningen'  7  8 1964  12602.   15.0   22.3   1.61    1.9    2.4   -99.9
 'Wageningen'  8  8 1964  15910.   13.5   19.6   1.26    2.3    5.5   -99.9
 'Wageningen'  9  8 1964  13272.    9.7   18.5   1.45    1.2    0.0   -99.9
 'Wageningen' 10  8 1964  12142.    7.4   18.4   1.37    1.0    0.4   -99.9
 'Wageningen' 11  8 1964  10844.    8.4   19.5   1.39    1.3    3.5   -99.9
 'Wageningen' 12  8 1964   4899.   13.4   17.7   1.80    2.0    8.1   -99.9
 'Wageningen' 13  8 1964   5945.   14.5   18.9   1.66    2.6    0.2   -99.9
 'Wageningen' 14  8 1964  18254.   12.2   22.1   1.16    2.0    0.0   -99.9
 'Wageningen' 15  8 1964  21939.    6.4   21.5   1.16    1.3    0.0   -99.9
 'Wageningen' 16  8 1964  20348.    9.4   23.0   1.37    1.1    0.0   -99.9
 'Wageningen' 17  8 1964  15826.   15.0   28.8   1.47    2.9    0.6   -99.9
 'Wageningen' 18  8 1964  14779.   15.3   22.2   1.59    3.0    9.0   -99.9
 'Wageningen' 19  8 1964   4061.   14.3   17.1   1.46    4.7    6.6   -99.9
 'Wageningen' 20  8 1964  12351.   10.6   17.0   1.16    1.8    0.9   -99.9
 'Wageningen' 21  8 1964  16873.    5.1   18.6   1.00    1.2    0.0   -99.9
 'Wageningen' 22  8 1964  20180.    2.8   20.2   0.92    1.0    0.0   -99.9
 'Wageningen' 23  8 1964  19469.    3.3   22.9   0.88    0.4    0.0   -99.9
 'Wageningen' 24  8 1964   7536.   10.0   20.6   1.45    3.3    0.0   -99.9
 'Wageningen' 25  8 1964   9588.   16.0   24.0   1.68    2.3    0.0   -99.9
 'Wageningen' 26  8 1964  19552.   14.9   31.6   1.67    1.7    0.0   -99.9
 'Wageningen' 27  8 1964  17920.   16.5   33.1   1.49    2.0    0.0   -99.9
 'Wageningen' 28  8 1964  13398.   11.7   26.1   1.95    1.6    0.2   -99.9
 'Wageningen' 29  8 1964  14110.   15.0   18.5   1.13    3.4    0.3   -99.9
 'Wageningen' 30  8 1964  11346.    5.5   17.0   1.34    1.4    0.0   -99.9
 'Wageningen' 31  8 1964  17626.    7.0   18.1   0.81    1.8    0.0   -99.9
 'Wageningen'  1  9 1964  15156.    5.7   18.8   1.10    1.2    0.0   -99.9
 'Wageningen'  2  9 1964  16077.    6.5   22.5   0.75    3.5    0.0   -99.9
 'Wageningen'  3  9 1964  15491.   11.3   25.0   1.03    2.8    0.0   -99.9
 'Wageningen'  4  9 1964  13188.    7.5   27.7   1.77    0.6    0.7   -99.9
 'Wageningen'  5  9 1964  11388.    8.7   25.1   1.82    1.6   13.7   -99.9
 'Wageningen'  6  9 1964   4899.   14.0   17.6   1.78    1.9   15.2   -99.9
 'Wageningen'  7  9 1964  10300.   10.5   18.3   1.30    2.3    1.4   -99.9
 'Wageningen'  8  9 1964  10969.   12.2   18.8   1.37    3.1    0.1   -99.9
 'Wageningen'  9  9 1964   5024.   13.1   20.2   1.66    3.3    0.0   -99.9
 'Wageningen' 10  9 1964   6322.   16.0   21.0   1.71    3.7    0.0   -99.9
 'Wageningen' 11  9 1964  12686.   15.5   25.4   1.86    2.4    0.0   -99.9
 'Wageningen' 12  9 1964  15198.   11.5   17.1   0.94    2.4    0.0   -99.9
 'Wageningen' 13  9 1964  20892.    0.0   18.8   0.83    2.4    0.0   -99.9
 'Wageningen' 14  9 1964  17208.    9.0   29.8   1.77    2.3    0.0   -99.9
 'Wageningen' 15  9 1964   8750.   14.6   23.0   1.96    2.8    5.8   -99.9
 'Wageningen' 16  9 1964   6448.   14.0   19.2   1.27    3.0    1.4   -99.9
 'Wageningen' 17  9 1964   8206.   12.9   17.4   1.20    4.2    8.3   -99.9
 'Wageningen' 18  9 1964   9755.    8.5   15.9   0.92    3.7    0.0   -99.9
 'Wageningen' 19  9 1964   8206.    9.5   17.5   1.43    2.8    3.5   -99.9
 'Wageningen' 20  9 1964  11304.    8.5   15.7   1.11    2.8    1.6   -99.9
 'Wageningen' 21  9 1964  10928.    6.6   14.0   0.81    3.1    0.0   -99.9
 'Wageningen' 22  9 1964  10676.    3.5   17.2   1.13    1.2    0.0   -99.9
 'Wageningen' 23  9 1964  13733.    6.5   18.8   0.90    2.3    0.0   -99.9
 'Wageningen' 24  9 1964  14779.    8.3   20.6   0.84    3.5    0.0   -99.9
 'Wageningen' 25  9 1964  10969.    9.3   22.4   1.82    0.8    0.0   -99.9
 'Wageningen' 26  9 1964   4522.    6.5   19.7   1.65    0.8    6.0   -99.9
 'Wageningen' 27  9 1964  12393.    9.6   19.1   1.15    1.7    0.2   -99.9
 'Wageningen' 28  9 1964  10634.    6.7   18.6   1.16    0.9    0.0   -99.9
 'Wageningen' 29  9 1964  11723.    3.4   20.4   1.11    0.3    0.2   -99.9
 'Wageningen' 30  9 1964  13188.    3.5   16.8   0.94    1.6    0.0   -99.9
 'Wageningen'  1 10 1964  12142.    5.9   17.6   0.96    2.1    0.0   -99.9
 'Wageningen'  2 10 1964  10969.    1.5   18.1   1.02    1.4    0.0   -99.9
 'Wageningen'  3 10 1964  12142.    5.5   17.9   0.76    3.2    0.0   -99.9
 'Wageningen'  4 10 1964  10593.    8.0   17.5   1.04    2.6    0.0   -99.9
 'Wageningen'  5 10 1964   9713.    1.1   19.8   1.54    0.4    0.0   -99.9
 'Wageningen'  6 10 1964   5192.    4.5   17.1   1.10    2.2    0.0   -99.9
 'Wageningen'  7 10 1964   2638.    7.2   16.0   1.59    3.3   14.0   -99.9
 'Wageningen'  8 10 1964   7201.    8.5   13.0   1.02    2.8    6.8   -99.9
 'Wageningen'  9 10 1964   6490.    4.5   11.2   0.88    2.6    7.6   -99.9
 'Wageningen' 10 10 1964   5903.    6.0   11.8   0.81    3.0    2.2   -99.9
 'Wageningen' 11 10 1964   5527.    5.1   11.5   1.02    2.6    0.6   -99.9
 'Wageningen' 12 10 1964   6280.    7.0   10.9   0.91    2.0    0.0   -99.9
 'Wageningen' 13 10 1964   5192.    3.5   11.8   0.92    1.3    1.2   -99.9
 'Wageningen' 14 10 1964   8709.    2.0   13.0   0.83    1.4    0.3   -99.9
 'Wageningen' 15 10 1964    502.    4.0    8.5   0.94    4.1   23.6   -99.9
 'Wageningen' 16 10 1964   1256.    6.0   10.5   1.04    4.6   18.2   -99.9
 'Wageningen' 17 10 1964   6490.    6.6   13.0   1.02    2.3    3.2   -99.9
 'Wageningen' 18 10 1964   8918.    4.9   13.0   0.94    1.7    0.0   -99.9
 'Wageningen' 19 10 1964   6155.    0.5   13.1   0.80    0.5    0.0   -99.9
 'Wageningen' 20 10 1964   8499.   -3.1   13.7   0.88    0.3    0.0   -99.9
 'Wageningen' 21 10 1964   2638.   -1.1    8.6   0.95    1.0    7.4   -99.9
 'Wageningen' 22 10 1964   4145.    4.0   11.5   0.80    1.5   15.3   -99.9
 'Wageningen' 23 10 1964   2596.    6.0    7.0   0.77    3.3    5.9   -99.9
 'Wageningen' 24 10 1964   7871.    0.0   10.0   0.71    1.8    0.9   -99.9
 'Wageningen' 25 10 1964   4229.    0.8    8.8   0.71    1.4    0.9   -99.9
 'Wageningen' 26 10 1964   5568.    1.2   10.2   0.88    0.8    0.1   -99.9
 'Wageningen' 27 10 1964   8667.   -2.7    8.6   0.71    2.2    0.0   -99.9
 'Wageningen' 28 10 1964   1172.    1.6    8.8   0.92    1.6    0.0   -99.9
 'Wageningen' 29 10 1964    628.    5.2    9.5   1.08    0.9    0.0   -99.9
 'Wageningen' 30 10 1964    754.    7.1    8.7   1.04    0.4    0.1   -99.9
 'Wageningen' 31 10 1964   1172.    6.6    8.9   1.10    0.1    0.1   -99.9
 'Wageningen'  1 11 1964    712.    7.0    9.0   1.10    0.3    0.0   -99.9
 'Wageningen'  2 11 1964   3224.    6.0    8.8   0.81    1.7    2.6   -99.9
 'Wageningen'  3 11 1964   2135.    2.1    7.6   0.87    2.7    0.0   -99.9
 'Wageningen'  4 11 1964   3726.    2.4    5.5   0.65    2.7    0.0   -99.9
 'Wageningen'  5 11 1964   3559.    1.4    5.3   0.73    1.3    0.0   -99.9
 'Wageningen'  6 11 1964   1298.    1.5    4.6   0.68    0.9    0.0   -99.9
 'Wageningen'  7 11 1964   5275.   -3.6    7.1   0.68    1.4    0.0   -99.9
 'Wageningen'  8 11 1964   5820.   -2.5    6.9   0.65    1.6    0.0   -99.9
 'Wageningen'  9 11 1964   6196.   -0.5    9.6   0.52    2.8    0.0   -99.9
 'Wageningen' 10 11 1964   4187.   -0.7    5.5   0.60    1.7    0.0   -99.9
 'Wageningen' 11 11 1964   1675.   -2.0    5.8   0.76    1.2    0.0   -99.9
 'Wageningen' 12 11 1964   1047.    1.6    8.9   1.03    2.9    3.8   -99.9
 'Wageningen' 13 11 1964   1340.    4.0   12.7   1.00    3.5    8.0   -99.9
 'Wageningen' 14 11 1964    712.    5.0   13.6   1.20    5.1   13.2   -99.9
 'Wageningen' 15 11 1964   2177.    9.0   10.0   1.07    5.2    7.9   -99.9
 'Wageningen' 16 11 1964    712.    5.6   12.7   1.00    6.8    0.0   -99.9
 'Wageningen' 17 11 1964   1340.    4.9    8.0   0.92    3.0    1.3   -99.9
 'Wageningen' 18 11 1964   2680.    5.1    9.4   0.84    1.3    0.4   -99.9
 'Wageningen' 19 11 1964    921.    4.4   10.5   1.04    2.8    0.0   -99.9
 'Wageningen' 20 11 1964    879.    7.7   10.8   1.13    2.5    0.4   -99.9
 'Wageningen' 21 11 1964    754.    8.2   10.1   1.20    2.3    0.3   -99.9
 'Wageningen' 22 11 1964    670.    7.5   10.6   1.20    1.6    0.3   -99.9
 'Wageningen' 23 11 1964    461.    8.0    9.5   1.00    3.7    0.4   -99.9
 'Wageningen' 24 11 1964    377.    8.1   11.5   1.15    5.8    2.6   -99.9
 'Wageningen' 25 11 1964    963.    8.5   13.0   1.31    4.4    0.0   -99.9
 'Wageningen' 26 11 1964   1340.    1.5   10.0   1.19    1.1    1.3   -99.9
 'Wageningen' 27 11 1964    921.    3.6    8.0   0.91    2.9    4.2   -99.9
 'Wageningen' 28 11 1964   3684.    0.6    6.1   0.76    2.3    0.7   -99.9
 'Wageningen' 29 11 1964    879.    1.0    3.6   0.67    1.3    1.6   -99.9
 'Wageningen' 30 11 1964    963.   -4.0    1.7   0.62    1.5    3.9   -99.9
 'Wageningen'  1 12 1964   3601.   -2.0    3.3   0.56    2.1    0.1   -99.9
 'Wageningen'  2 12 1964   1465.   -5.0    4.0   0.55    2.1    7.2   -99.9
 'Wageningen'  3 12 1964   2973.   -2.6    4.5   0.57    4.9    4.3   -99.9
 'Wageningen'  4 12 1964   2219.   -1.0    3.5   0.67    4.5    1.7   -99.9
 'Wageningen'  5 12 1964   1298.   -1.0    4.8   0.73    2.9    2.1   -99.9
 'Wageningen'  6 12 1964   1214.    1.3   10.0   1.06    3.7    0.0   -99.9
 'Wageningen'  7 12 1964   1089.    4.8   10.7   0.95    5.1    0.0   -99.9
 'Wageningen'  8 12 1964   1758.    4.6   12.4   0.92    4.7    0.2   -99.9
 'Wageningen'  9 12 1964   3140.    7.5   13.5   0.90    5.9    3.6   -99.9
 'Wageningen' 10 12 1964    795.    7.4    9.5   0.88    2.7    0.7   -99.9
 'Wageningen' 11 12 1964    879.    7.1    8.1   0.98    0.7    0.3   -99.9
 'Wageningen' 12 12 1964    628.    3.8    9.5   0.91    4.5    7.5   -99.9
 'Wageningen' 13 12 1964     84.    5.6    9.7   1.10    6.8   13.3   -99.9
 'Wageningen' 14 12 1964   1214.    4.4    6.0   0.83    1.6    1.6   -99.9
 'Wageningen' 15 12 1964    126.    3.4    4.5   0.71    2.3    2.9   -99.9
 'Wageningen' 16 12 1964    754.    2.6    6.4   0.90    2.5    2.5   -99.9
 'Wageningen' 17 12 1964    963.    3.6    6.9   0.90    2.1    0.4   -99.9
 'Wageningen' 18 12 1964   1005.    4.6    6.4   0.81    1.3    0.5   -99.9
 'Wageningen' 19 12 1964   2010.   -4.7    1.6   0.60    1.8    0.0   -99.9
 'Wageningen' 20 12 1964   2512.   -3.5    0.3   0.48    1.0    0.4   -99.9
 'Wageningen' 21 12 1964   1256.   -3.5    1.2   0.55    1.8    0.0   -99.9
 'Wageningen' 22 12 1964   1256.   -2.6    0.5   0.57    3.4    0.0   -99.9
 'Wageningen' 23 12 1964   2638.   -4.5    2.0   0.45    1.4    0.0   -99.9
 'Wageningen' 24 12 1964   2135.   -7.5   -1.5   0.45    0.9    1.7   -99.9
 'Wageningen' 25 12 1964    921.   -5.5    0.0   0.56    0.4    0.5   -99.9
 'Wageningen' 26 12 1964   4229.  -11.5   -0.2   0.57    0.6    0.0   -99.9
 'Wageningen' 27 12 1964   2219.   -8.6   -2.5   0.45    1.8    0.0   -99.9
 'Wageningen' 28 12 1964   4271.   -9.5   -3.2   0.38    2.2    0.0   -99.9
 'Wageningen' 29 12 1964   3266.  -11.5   -0.5   0.40    2.1    1.2   -99.9
 'Wageningen' 30 12 1964    712.   -9.0    7.3   0.68    6.4   10.5   -99.9
 'Wageningen' 31 12 1964    419.    0.0    7.5   0.83    4.1   13.2   -99.9
