***************************************************************************
* File name: Wageni.972
* Contents: SWAP  3.0 - Meteo data of Wageningen weather station                
***************************************************************************     
* Comment area:                                                                 
*                                                                               
*                                                                               
***************************************************************************     
    Station   DD MM YYYY     RAD   Tmin   Tmax    HUM   WIND   RAIN   ETref     
*             nr nr   nr   kJ/m2      C      C    kPa    m/s     mm      mm     
 'Wageningen'  1  1 1972   2600.    1.0    4.1   0.58    3.6    0.0   -99.9
 'Wageningen'  2  1 1972   1280.    0.5    3.6   0.60    3.2    0.0   -99.9
 'Wageningen'  3  1 1972    430.   -0.8    1.7   0.60    1.2    0.0   -99.9
 'Wageningen'  4  1 1972    360.    0.5    2.7   0.64    1.3    0.5   -99.9
 'Wageningen'  5  1 1972    610.    1.1    3.8   0.71    2.2    0.1   -99.9
 'Wageningen'  6  1 1972   2070.    0.6    3.9   0.63    1.2    0.0   -99.9
 'Wageningen'  7  1 1972    930.   -0.8    1.9   0.60    1.9    0.0   -99.9
 'Wageningen'  8  1 1972   1140.   -1.3    1.9   0.47    3.8    0.0   -99.9
 'Wageningen'  9  1 1972   2780.   -1.1    5.2   0.63    3.2    0.0   -99.9
 'Wageningen' 10  1 1972   2320.   -0.3    6.5   0.58    3.1    0.3   -99.9
 'Wageningen' 11  1 1972    850.    0.3    8.1   0.88    4.3    3.4   -99.9
 'Wageningen' 12  1 1972    530.    6.1    8.0   0.94    2.6    0.9   -99.9
 'Wageningen' 13  1 1972   1500.    4.7    6.0   0.81    3.3    0.0   -99.9
 'Wageningen' 14  1 1972   1570.    1.9    5.3   0.64    2.7    0.1   -99.9
 'Wageningen' 15  1 1972   1030.   -0.5    2.6   0.58    4.1    0.0   -99.9
 'Wageningen' 16  1 1972   3920.   -0.2    3.7   0.49    4.8    0.0   -99.9
 'Wageningen' 17  1 1972   2560.   -6.8   -4.3   0.24    5.6    0.0   -99.9
 'Wageningen' 18  1 1972   3670.  -12.0    1.6   0.20    3.4    0.0   -99.9
 'Wageningen' 19  1 1972    780.  -11.6    5.7   0.57    3.9    1.8   -99.9
 'Wageningen' 20  1 1972    360.    0.0    3.0   0.75    1.3   11.6   -99.9
 'Wageningen' 21  1 1972   3100.    0.0    1.6   0.60    1.3    0.0   -99.9
 'Wageningen' 22  1 1972   1780.   -4.3    0.4   0.44    1.7    0.4   -99.9
 'Wageningen' 23  1 1972   2460.   -3.9    2.5   0.57    3.0    0.0   -99.9
 'Wageningen' 24  1 1972   2890.   -0.6    3.3   0.48    4.3    4.6   -99.9
 'Wageningen' 25  1 1972   4200.   -0.9    5.7   0.67    2.4    0.3   -99.9
 'Wageningen' 26  1 1972   5090.   -2.2    3.3   0.45    5.4    6.9   -99.9
 'Wageningen' 27  1 1972   1070.   -1.8    3.4   0.71    5.0    0.7   -99.9
 'Wageningen' 28  1 1972   1070.   -0.6    0.0   0.49    5.0    0.0   -99.9
 'Wageningen' 29  1 1972   3780.   -3.2   -2.2   0.29    4.7    0.0   -99.9
 'Wageningen' 30  1 1972   4310.   -9.9   -5.7   0.29    1.2    0.0   -99.9
 'Wageningen' 31  1 1972   4310.  -11.7   -2.6   0.29    2.6    0.0   -99.9
 'Wageningen'  1  2 1972   4380.   -8.8   -0.9   0.26    4.5    0.4   -99.9
 'Wageningen'  2  2 1972   3170.   -6.0    8.0   0.68    4.1    1.0   -99.9
 'Wageningen'  3  2 1972   4880.    2.2    8.4   0.65    4.4    2.7   -99.9
 'Wageningen'  4  2 1972   3060.    2.2    8.0   0.71    3.6    0.0   -99.9
 'Wageningen'  5  2 1972   5560.    1.1   10.1   0.58    3.4    0.0   -99.9
 'Wageningen'  6  2 1972   3030.    1.3    9.8   0.63    4.3    3.9   -99.9
 'Wageningen'  7  2 1972   2320.    1.7   10.8   0.98    1.8    5.7   -99.9
 'Wageningen'  8  2 1972   3920.    4.6    9.0   0.87    2.1    0.0   -99.9
 'Wageningen'  9  2 1972   3630.    2.3    8.3   0.72    1.7    0.0   -99.9
 'Wageningen' 10  2 1972   4700.   -2.0    6.8   0.60    1.7    2.8   -99.9
 'Wageningen' 11  2 1972   3630.    0.1    7.1   0.77    4.7    4.9   -99.9
 'Wageningen' 12  2 1972   3130.    2.9    7.7   0.72    4.2    1.6   -99.9
 'Wageningen' 13  2 1972   6200.    2.3    9.0   0.67    1.9    0.0   -99.9
 'Wageningen' 14  2 1972   2740.   -0.9    7.7   0.72    2.5    0.0   -99.9
 'Wageningen' 15  2 1972   4810.   -0.8    7.0   0.60    2.6    2.8   -99.9
 'Wageningen' 16  2 1972   5700.    0.1    8.8   0.58    3.6    0.0   -99.9
 'Wageningen' 17  2 1972   4740.    2.8    9.4   0.63    2.0    0.0   -99.9
 'Wageningen' 18  2 1972   4420.    1.8    4.2   0.62    3.2    0.0   -99.9
 'Wageningen' 19  2 1972   1530.    1.3    3.0   0.63    3.3    0.0   -99.9
 'Wageningen' 20  2 1972    680.    1.1    3.0   0.65    1.9    0.2   -99.9
 'Wageningen' 21  2 1972   1780.    1.3    5.4   0.73    2.0    1.5   -99.9
 'Wageningen' 22  2 1972   6130.    3.0   11.3   0.76    1.1    0.1   -99.9
 'Wageningen' 23  2 1972   8340.    1.9   10.1   0.64    2.7    0.0   -99.9
 'Wageningen' 24  2 1972   5340.    0.7    8.9   0.67    3.3    0.0   -99.9
 'Wageningen' 25  2 1972   6200.    2.6    8.9   0.68    1.6    0.0   -99.9
 'Wageningen' 26  2 1972   3060.   -4.4    6.4   0.56    1.1    0.1   -99.9
 'Wageningen' 27  2 1972   1850.   -0.8    3.0   0.68    1.5    0.0   -99.9
 'Wageningen' 28  2 1972   5880.    1.4    7.3   0.64    1.1    0.0   -99.9
 'Wageningen' 29  2 1972   6200.    2.5    9.5   0.70    1.0    0.0   -99.9
 'Wageningen'  1  3 1972   6770.    1.5   10.6   0.62    3.4    0.0   -99.9
 'Wageningen'  2  3 1972   4670.    2.7    9.2   0.63    2.4    0.0   -99.9
 'Wageningen'  3  3 1972   7940.    3.1   11.7   0.60    4.3    5.0   -99.9
 'Wageningen'  4  3 1972   6020.    4.5    8.4   0.87    3.4    0.2   -99.9
 'Wageningen'  5  3 1972  10610.   -0.3    9.8   0.60    3.5    0.0   -99.9
 'Wageningen'  6  3 1972   7090.    2.1    9.8   0.79    4.6    3.2   -99.9
 'Wageningen'  7  3 1972  11330.    3.5   10.6   0.67    4.3    0.0   -99.9
 'Wageningen'  8  3 1972  11830.    1.8   11.0   0.70    1.8    0.2   -99.9
 'Wageningen'  9  3 1972  10080.   -4.5    8.9   0.55    1.3    0.1   -99.9
 'Wageningen' 10  3 1972   4060.   -1.5    4.6   0.62    3.2    7.8   -99.9
 'Wageningen' 11  3 1972   6200.   -0.1    2.1   0.60    5.5    0.0   -99.9
 'Wageningen' 12  3 1972  15530.   -4.6    4.0   0.21    5.4    0.0   -99.9
 'Wageningen' 13  3 1972  12320.   -3.0    7.4   0.40    3.6    0.0   -99.9
 'Wageningen' 14  3 1972  11510.   -0.4   16.6   0.65    2.5    0.0   -99.9
 'Wageningen' 15  3 1972  13140.    3.5   19.4   0.72    2.5    0.0   -99.9
 'Wageningen' 16  3 1972  12720.    0.7   18.7   0.75    1.6    0.0   -99.9
 'Wageningen' 17  3 1972  13250.    5.7   18.1   0.68    2.1    0.0   -99.9
 'Wageningen' 18  3 1972  13680.    0.5   19.0   0.71    2.0    0.0   -99.9
 'Wageningen' 19  3 1972  10330.    3.2   17.1   0.75    1.0    0.0   -99.9
 'Wageningen' 20  3 1972  14180.   -3.5   18.9   0.80    0.8    0.0   -99.9
 'Wageningen' 21  3 1972  12920.   -1.5   18.6   0.75    0.8    0.1   -99.9
 'Wageningen' 22  3 1972  15090.   -0.7   15.9   0.64    1.4    0.0   -99.9
 'Wageningen' 23  3 1972  11860.   -1.4   14.0   0.84    2.1    0.0   -99.9
 'Wageningen' 24  3 1972  16630.   -3.5   11.8   0.71    1.9    0.0   -99.9
 'Wageningen' 25  3 1972  16290.    0.2   17.3   0.67    3.3    0.2   -99.9
 'Wageningen' 26  3 1972   4060.    5.1   12.8   1.00    3.7    2.5   -99.9
 'Wageningen' 27  3 1972   5260.    4.6    9.0   0.73    6.3   16.2   -99.9
 'Wageningen' 28  3 1972   7600.    2.6    7.6   0.68    6.0    3.9   -99.9
 'Wageningen' 29  3 1972  12290.    1.7    9.0   0.71    4.9    0.2   -99.9
 'Wageningen' 30  3 1972   7320.    3.8   11.5   0.84    4.5    0.5   -99.9
 'Wageningen' 31  3 1972   2860.    6.7   11.5   0.98    4.7    5.5   -99.9
 'Wageningen'  1  4 1972   3090.    8.4   11.1   1.07    2.2    6.1   -99.9
 'Wageningen'  2  4 1972   2970.    8.4   12.6   1.11    5.4    4.8   -99.9
 'Wageningen'  3  4 1972  11090.    9.1   12.8   1.03    5.5    0.0   -99.9
 'Wageningen'  4  4 1972   5660.    4.1   13.8   0.87    3.9    9.5   -99.9
 'Wageningen'  5  4 1972   7200.    7.8   10.7   0.98    5.8    3.6   -99.9
 'Wageningen'  6  4 1972   9260.    5.7   12.2   0.88    5.8    1.1   -99.9
 'Wageningen'  7  4 1972   8520.    6.5   15.2   1.13    5.7   11.3   -99.9
 'Wageningen'  8  4 1972   9890.    5.5   11.8   0.79    6.2    9.9   -99.9
 'Wageningen'  9  4 1972  15320.    3.7   13.1   0.85    3.2    3.2   -99.9
 'Wageningen' 10  4 1972   5660.    6.3   10.4   0.90    4.8    1.9   -99.9
 'Wageningen' 11  4 1972  14920.    3.3   11.2   0.76    3.3    0.0   -99.9
 'Wageningen' 12  4 1972  16690.   -2.2   13.9   0.85    1.5    0.0   -99.9
 'Wageningen' 13  4 1972   7150.   -0.7   11.1   0.88    1.1    0.0   -99.9
 'Wageningen' 14  4 1972  18920.   -2.3   16.0   0.99    1.0    6.7   -99.9
 'Wageningen' 15  4 1972   8170.    4.4    8.9   0.84    4.5   17.6   -99.9
 'Wageningen' 16  4 1972   5370.    4.4    9.6   0.91    3.9    0.0   -99.9
 'Wageningen' 17  4 1972  21660.    4.6   10.3   0.62    2.9    0.0   -99.9
 'Wageningen' 18  4 1972   8520.    0.0   11.3   0.73    2.1    1.4   -99.9
 'Wageningen' 19  4 1972  11320.    2.9    9.5   0.80    2.7    7.1   -99.9
 'Wageningen' 20  4 1972  13200.    3.4   11.4   0.83    3.6    0.0   -99.9
 'Wageningen' 21  4 1972  21440.    3.2   13.8   0.77    3.1    0.0   -99.9
 'Wageningen' 22  4 1972  11660.    1.7   13.2   0.64    3.3    0.0   -99.9
 'Wageningen' 23  4 1972  14520.   -0.2   10.7   0.76    3.1    0.0   -99.9
 'Wageningen' 24  4 1972  21320.    3.7    9.0   0.73    3.5    0.0   -99.9
 'Wageningen' 25  4 1972  24860.   -2.6    9.7   0.44    2.8    0.0   -99.9
 'Wageningen' 26  4 1972   5660.   -1.1    9.8   0.81    2.9    0.5   -99.9
 'Wageningen' 27  4 1972  14630.    3.5   10.4   0.72    3.8    0.8   -99.9
 'Wageningen' 28  4 1972  13720.    0.0   10.7   0.70    2.5    0.5   -99.9
 'Wageningen' 29  4 1972   6000.    5.0    9.9   0.73    6.1    4.5   -99.9
 'Wageningen' 30  4 1972   5430.    6.9   14.5   1.11    3.1    0.0   -99.9
 'Wageningen'  1  5 1972  22350.    4.3   20.7   1.11    1.8    4.4   -99.9
 'Wageningen'  2  5 1972  22520.    9.4   21.0   1.20    1.5    0.0   -99.9
 'Wageningen'  3  5 1972  13660.    7.2   20.7   1.38    2.0    1.6   -99.9
 'Wageningen'  4  5 1972   6800.    8.9   16.5   0.94    2.1    0.2   -99.9
 'Wageningen'  5  5 1972  10060.   10.6   15.7   1.13    2.9    0.7   -99.9
 'Wageningen'  6  5 1972  21890.    7.8   18.7   1.11    2.2    0.0   -99.9
 'Wageningen'  7  5 1972  20810.    5.0   18.5   1.20    1.1    0.0   -99.9
 'Wageningen'  8  5 1972  22010.    7.2   20.6   1.37    2.0    0.1   -99.9
 'Wageningen'  9  5 1972  11200.   11.2   16.1   1.29    2.1   10.9   -99.9
 'Wageningen' 10  5 1972   5030.    6.8   11.8   1.18    1.8    9.6   -99.9
 'Wageningen' 11  5 1972  19260.    7.0   16.3   1.04    1.8    1.4   -99.9
 'Wageningen' 12  5 1972   4630.    8.8    9.5   1.03    1.7   13.1   -99.9
 'Wageningen' 13  5 1972   6740.    6.7    9.7   0.96    1.8    3.6   -99.9
 'Wageningen' 14  5 1972   8570.    5.5   11.7   0.90    2.0    2.5   -99.9
 'Wageningen' 15  5 1972  12230.    3.7   12.4   0.96    2.0    6.1   -99.9
 'Wageningen' 16  5 1972  17490.    4.1   13.7   0.92    3.5    5.4   -99.9
 'Wageningen' 17  5 1972   5540.    3.9    8.1   0.80    2.7    1.9   -99.9
 'Wageningen' 18  5 1972  11320.    5.4   13.1   0.84    3.3    3.1   -99.9
 'Wageningen' 19  5 1972  23040.    2.6   18.2   1.03    1.2    0.0   -99.9
 'Wageningen' 20  5 1972  24120.    6.1   19.4   0.88    1.2    0.0   -99.9
 'Wageningen' 21  5 1972  18580.    8.3   17.6   0.99    2.1    0.0   -99.9
 'Wageningen' 22  5 1972  24690.    8.4   21.9   1.26    1.9    0.0   -99.9
 'Wageningen' 23  5 1972  21090.   13.2   23.1   1.29    2.6    2.0   -99.9
 'Wageningen' 24  5 1972   6060.   11.6   14.6   1.19    3.6    1.7   -99.9
 'Wageningen' 25  5 1972  20690.   10.2   16.5   1.08    4.7    1.1   -99.9
 'Wageningen' 26  5 1972  21550.   11.6   16.9   1.07    7.1    3.8   -99.9
 'Wageningen' 27  5 1972   9200.    8.5   12.1   1.03    6.0   15.6   -99.9
 'Wageningen' 28  5 1972  11660.    8.6   13.6   0.92    5.0    5.5   -99.9
 'Wageningen' 29  5 1972  10920.    9.9   15.2   1.08    4.3    0.0   -99.9
 'Wageningen' 30  5 1972  17210.    8.3   14.8   1.00    5.0    2.8   -99.9
 'Wageningen' 31  5 1972  13660.    9.4   14.8   1.15    4.2    1.7   -99.9
 'Wageningen'  1  6 1972  10800.    7.9   14.3   1.15    2.0    0.8   -99.9
 'Wageningen'  2  6 1972  22520.    2.5   17.4   1.22    1.3    0.0   -99.9
 'Wageningen'  3  6 1972  12690.   10.0   18.0   1.29    1.9    0.0   -99.9
 'Wageningen'  4  6 1972  13780.   11.2   22.2   1.18    2.4    0.0   -99.9
 'Wageningen'  5  6 1972  13490.   15.4   21.8   1.52    2.7   14.9   -99.9
 'Wageningen'  6  6 1972   5940.   10.3   15.0   1.16    1.7    1.1   -99.9
 'Wageningen'  7  6 1972  19830.    7.6   19.8   1.27    2.8    1.0   -99.9
 'Wageningen'  8  6 1972  14860.    9.9   15.5   1.08    2.9    1.9   -99.9
 'Wageningen'  9  6 1972  15780.    6.7   17.0   1.06    2.7    8.4   -99.9
 'Wageningen' 10  6 1972  20980.    9.6   16.0   0.98    2.7    1.1   -99.9
 'Wageningen' 11  6 1972  23840.    7.6   17.7   1.06    2.5    0.0   -99.9
 'Wageningen' 12  6 1972  14400.    7.3   18.2   1.13    0.9    5.2   -99.9
 'Wageningen' 13  6 1972  26290.    3.5   19.6   1.04    1.1    0.0   -99.9
 'Wageningen' 14  6 1972  18580.    8.1   18.6   1.18    2.4    0.0   -99.9
 'Wageningen' 15  6 1972  22520.    7.4   17.8   0.96    2.4    0.2   -99.9
 'Wageningen' 16  6 1972  10230.    8.6   16.1   1.19    1.3    0.0   -99.9
 'Wageningen' 17  6 1972  25490.    3.9   19.6   1.15    1.6    0.0   -99.9
 'Wageningen' 18  6 1972  13720.   10.5   20.9   1.13    3.4    3.2   -99.9
 'Wageningen' 19  6 1972  14980.   11.6   16.5   1.03    3.6    3.4   -99.9
 'Wageningen' 20  6 1972  20810.    8.2   17.4   1.08    2.6    0.0   -99.9
 'Wageningen' 21  6 1972   9430.   10.9   17.6   1.06    3.7    0.8   -99.9
 'Wageningen' 22  6 1972   4460.   12.2   13.1   1.35    3.8   27.6   -99.9
 'Wageningen' 23  6 1972  19090.    7.7   15.4   0.99    4.5    0.0   -99.9
 'Wageningen' 24  6 1972   7090.   11.1   14.8   1.32    2.3    0.0   -99.9
 'Wageningen' 25  6 1972  16230.   13.1   20.4   1.27    2.1    0.0   -99.9
 'Wageningen' 26  6 1972  24120.    8.0   25.9   1.65    1.4    0.0   -99.9
 'Wageningen' 27  6 1972  18120.   13.9   24.5   1.80    1.8    5.9   -99.9
 'Wageningen' 28  6 1972  21660.   14.1   19.0   1.50    2.4    0.0   -99.9
 'Wageningen' 29  6 1972  14060.    7.1   18.0   1.29    1.3    0.0   -99.9
 'Wageningen' 30  6 1972   5320.   10.9   13.8   1.13    1.3    8.6   -99.9
 'Wageningen'  1  7 1972   4110.    9.5   14.4   1.25    2.0   14.2   -99.9
 'Wageningen'  2  7 1972   9580.   10.7   16.8   1.31    3.5    4.5   -99.9
 'Wageningen'  3  7 1972   9100.   12.2   17.7   1.47    2.3    0.7   -99.9
 'Wageningen'  4  7 1972  13800.   13.4   21.7   1.49    2.4    0.0   -99.9
 'Wageningen'  5  7 1972  24990.   14.3   26.7   1.73    2.7    0.4   -99.9
 'Wageningen'  6  7 1972   8570.   16.1   21.0   1.82    2.0    0.7   -99.9
 'Wageningen'  7  7 1972  17140.   11.5   20.1   1.37    2.4    0.6   -99.9
 'Wageningen'  8  7 1972   4220.   12.6   17.6   1.49    2.3    4.9   -99.9
 'Wageningen'  9  7 1972   6660.   12.9   18.9   1.77    1.6    6.5   -99.9
 'Wageningen' 10  7 1972  20110.   11.1   18.1   1.25    2.1    0.0   -99.9
 'Wageningen' 11  7 1972  21000.   10.0   19.9   1.35    1.9    0.0   -99.9
 'Wageningen' 12  7 1972  26360.    6.0   20.4   1.27    1.1    0.0   -99.9
 'Wageningen' 13  7 1972  28620.    5.8   21.5   1.37    1.5    0.0   -99.9
 'Wageningen' 14  7 1972  23980.    7.1   21.5   1.22    1.5    0.0   -99.9
 'Wageningen' 15  7 1972  28440.    8.0   22.8   1.35    2.3    0.0   -99.9
 'Wageningen' 16  7 1972  24220.   15.9   25.5   1.37    3.3    0.0   -99.9
 'Wageningen' 17  7 1972  17370.   16.5   26.4   1.96    2.9    0.0   -99.9
 'Wageningen' 18  7 1972  23500.   17.5   30.4   2.23    2.6    0.0   -99.9
 'Wageningen' 19  7 1972  21240.   17.7   32.0   2.37    1.2    0.0   -99.9
 'Wageningen' 20  7 1972  22610.   17.0   32.4   2.38    1.0    0.0   -99.9
 'Wageningen' 21  7 1972  20230.   18.0   31.1   2.14    1.4    0.0   -99.9
 'Wageningen' 22  7 1972   7320.   18.1   22.4   2.28    1.7    2.9   -99.9
 'Wageningen' 23  7 1972  13740.   17.1   23.1   1.86    1.5    3.7   -99.9
 'Wageningen' 24  7 1972  12200.   16.5   23.3   2.03    2.2    0.7   -99.9
 'Wageningen' 25  7 1972  10350.   12.3   18.8   1.57    2.1    0.0   -99.9
 'Wageningen' 26  7 1972  10770.   11.3   17.6   1.38    2.5   12.2   -99.9
 'Wageningen' 27  7 1972   3870.   12.1   16.2   1.50    2.8   44.7   -99.9
 'Wageningen' 28  7 1972  12500.   13.5   19.8   1.61    1.7    5.0   -99.9
 'Wageningen' 29  7 1972  15770.   14.1   19.6   1.66    1.9    0.0   -99.9
 'Wageningen' 30  7 1972   9040.   12.9   19.0   1.71    1.3    0.0   -99.9
 'Wageningen' 31  7 1972  17730.   12.6   18.7   1.35    1.6    0.3   -99.9
 'Wageningen'  1  8 1972  14930.   13.5   20.1   1.62    2.1    1.7   -99.9
 'Wageningen'  2  8 1972  10830.   13.0   19.5   1.53    1.4    1.0   -99.9
 'Wageningen'  3  8 1972  11780.   12.8   18.7   1.57    2.9    0.5   -99.9
 'Wageningen'  4  8 1972  14520.    8.9   19.6   1.38    2.9    0.5   -99.9
 'Wageningen'  5  8 1972  10060.   12.9   19.4   1.61    2.7    0.0   -99.9
 'Wageningen'  6  8 1972  20350.   11.7   24.7   1.57    2.4    0.0   -99.9
 'Wageningen'  7  8 1972  16840.   15.6   27.5   1.86    1.8    4.2   -99.9
 'Wageningen'  8  8 1972  10650.   16.4   24.1   1.99    2.9   18.1   -99.9
 'Wageningen'  9  8 1972  18270.   11.9   20.4   1.37    2.2    0.0   -99.9
 'Wageningen' 10  8 1972  16360.    9.2   22.1   1.53    0.7    0.7   -99.9
 'Wageningen' 11  8 1972  19690.   14.5   19.8   1.75    1.9    0.0   -99.9
 'Wageningen' 12  8 1972  20290.    4.0   23.0   1.34    2.0    2.1   -99.9
 'Wageningen' 13  8 1972  11900.   15.6   21.9   1.91    1.8    0.0   -99.9
 'Wageningen' 14  8 1972  13740.   13.3   20.9   1.54    1.6    1.8   -99.9
 'Wageningen' 15  8 1972  11190.   14.7   20.0   1.46    2.0    0.0   -99.9
 'Wageningen' 16  8 1972  18210.   10.5   18.4   1.35    1.4    0.0   -99.9
 'Wageningen' 17  8 1972  10590.    8.8   19.4   1.47    3.0    7.1   -99.9
 'Wageningen' 18  8 1972  15230.   11.3   16.7   1.22    3.1    8.7   -99.9
 'Wageningen' 19  8 1972  17730.    8.3   17.3   1.20    2.8    4.3   -99.9
 'Wageningen' 20  8 1972  19870.   10.9   19.3   1.26    1.7    0.4   -99.9
 'Wageningen' 21  8 1972  14580.   13.6   17.4   1.39    2.7    0.2   -99.9
 'Wageningen' 22  8 1972  13090.   10.3   17.2   1.32    2.6    0.5   -99.9
 'Wageningen' 23  8 1972  13740.    6.0   17.4   1.26    0.9    0.0   -99.9
 'Wageningen' 24  8 1972  11540.    8.1   19.7   1.37    1.4    0.0   -99.9
 'Wageningen' 25  8 1972   8330.    6.3   18.6   1.42    1.1    0.1   -99.9
 'Wageningen' 26  8 1972   7080.   10.0   17.2   1.34    1.0    0.0   -99.9
 'Wageningen' 27  8 1972  10710.    6.8   19.4   1.34    1.7    0.0   -99.9
 'Wageningen' 28  8 1972  21240.   10.6   20.8   1.13    2.4    0.0   -99.9
 'Wageningen' 29  8 1972  20050.    9.6   21.2   1.16    2.3    0.0   -99.9
 'Wageningen' 30  8 1972  20230.   10.3   21.6   1.22    3.0    0.0   -99.9
 'Wageningen' 31  8 1972  19100.   11.0   20.0   1.35    2.7    0.0   -99.9
 'Wageningen'  1  9 1972  18270.    8.1   19.6   1.31    2.2    0.0   -99.9
 'Wageningen'  2  9 1972  13210.    6.3   17.6   1.15    2.1    0.0   -99.9
 'Wageningen'  3  9 1972  15590.    6.6   19.9   1.31    2.5    0.0   -99.9
 'Wageningen'  4  9 1972  13690.    6.9   17.8   1.40    1.6    0.0   -99.9
 'Wageningen'  5  9 1972  16840.    4.1   18.7   1.25    1.4    0.0   -99.9
 'Wageningen'  6  9 1972  17310.    6.6   21.6   1.29    1.0    0.1   -99.9
 'Wageningen'  7  9 1972   9520.    8.8   20.8   1.59    1.3    0.2   -99.9
 'Wageningen'  8  9 1972   6660.   12.8   18.3   1.56    1.6    0.7   -99.9
 'Wageningen'  9  9 1972  10170.   13.4   21.4   1.43    3.4   14.5   -99.9
 'Wageningen' 10  9 1972   8570.   10.4   14.4   1.27    2.5    2.8   -99.9
 'Wageningen' 11  9 1972   9820.    6.4   14.0   1.07    2.7    4.1   -99.9
 'Wageningen' 12  9 1972   7080.    7.9   14.5   1.15    2.0   11.6   -99.9
 'Wageningen' 13  9 1972   6900.   10.1   14.6   1.22    0.8    0.7   -99.9
 'Wageningen' 14  9 1972  10230.    8.5   16.2   1.19    1.8    0.0   -99.9
 'Wageningen' 15  9 1972  11780.    4.8   15.5   1.15    1.4    0.7   -99.9
 'Wageningen' 16  9 1972   7440.    3.4   13.4   1.23    2.2    5.4   -99.9
 'Wageningen' 17  9 1972   8570.    7.5   14.2   0.95    2.2    0.5   -99.9
 'Wageningen' 18  9 1972  13860.    4.3   16.2   0.99    0.8    3.1   -99.9
 'Wageningen' 19  9 1972  14160.    7.5   15.3   1.11    1.8    0.0   -99.9
 'Wageningen' 20  9 1972  13570.    1.9   17.0   0.96    0.7    0.0   -99.9
 'Wageningen' 21  9 1972  14160.    2.1   17.6   1.06    0.4    0.0   -99.9
 'Wageningen' 22  9 1972   9340.    4.5   18.6   1.16    0.9    0.1   -99.9
 'Wageningen' 23  9 1972  13630.    4.9   16.3   1.23    1.7    0.0   -99.9
 'Wageningen' 24  9 1972  16660.    1.9   16.3   1.07    1.0    0.0   -99.9
 'Wageningen' 25  9 1972  11540.    2.5   14.6   0.98    1.4    0.0   -99.9
 'Wageningen' 26  9 1972  12380.    0.8   15.4   0.92    0.9    0.9   -99.9
 'Wageningen' 27  9 1972   6310.    6.1   15.5   1.26    1.7    0.0   -99.9
 'Wageningen' 28  9 1972   6370.    3.7   12.8   0.98    1.2    0.0   -99.9
 'Wageningen' 29  9 1972   5000.    8.7   13.6   1.08    0.5    0.0   -99.9
 'Wageningen' 30  9 1972   6780.    8.5   13.8   1.08    1.6    0.0   -99.9
 'Wageningen'  1 10 1972  12380.    6.7   14.4   0.92    3.9    0.0   -99.9
 'Wageningen'  2 10 1972  12440.    5.3   14.9   0.76    3.7    0.0   -99.9
 'Wageningen'  3 10 1972  13270.    2.0   13.9   0.67    2.8    0.0   -99.9
 'Wageningen'  4 10 1972  12500.    3.3   13.8   0.67    2.6    0.0   -99.9
 'Wageningen'  5 10 1972  12730.    4.8   16.1   0.63    2.8    0.0   -99.9
 'Wageningen'  6 10 1972  11660.    4.5   18.3   0.70    2.5    0.0   -99.9
 'Wageningen'  7 10 1972  10710.    4.9   20.6   0.84    1.2    0.0   -99.9
 'Wageningen'  8 10 1972   9880.    0.9   19.8   0.98    0.4    0.1   -99.9
 'Wageningen'  9 10 1972   3690.    2.8   12.0   0.98    1.0    0.0   -99.9
 'Wageningen' 10 10 1972   5240.    6.7   15.1   1.07    2.7    0.0   -99.9
 'Wageningen' 11 10 1972   9160.    1.0   17.3   0.87    1.2    0.0   -99.9
 'Wageningen' 12 10 1972   8330.    3.6   13.3   1.02    1.6    0.0   -99.9
 'Wageningen' 13 10 1972   3390.   -0.6   11.5   0.92    1.2    0.0   -99.9
 'Wageningen' 14 10 1972  10890.   -1.7   14.2   0.72    1.5    0.0   -99.9
 'Wageningen' 15 10 1972   8390.    2.5   13.8   0.92    1.2    0.0   -99.9
 'Wageningen' 16 10 1972   2860.    7.2   12.7   1.11    0.5    0.0   -99.9
 'Wageningen' 17 10 1972   5060.    1.5   10.5   0.75    1.3    0.0   -99.9
 'Wageningen' 18 10 1972   6250.    3.4   12.5   0.88    2.1    0.0   -99.9
 'Wageningen' 19 10 1972   9700.   -5.8   10.7   0.52    1.0    0.5   -99.9
 'Wageningen' 20 10 1972   6550.   -1.3    8.9   0.81    2.3   10.4   -99.9
 'Wageningen' 21 10 1972   5890.    0.6    9.2   0.73    3.3    1.2   -99.9
 'Wageningen' 22 10 1972   2740.    4.0   11.6   0.96    3.5    3.5   -99.9
 'Wageningen' 23 10 1972   2860.    7.3   12.6   1.15    4.7    0.0   -99.9
 'Wageningen' 24 10 1972   4520.    7.4   12.0   0.99    3.0    0.0   -99.9
 'Wageningen' 25 10 1972   7850.    3.0   13.4   0.77    1.2    0.0   -99.9
 'Wageningen' 26 10 1972   4820.    0.9   13.4   0.79    2.0    0.7   -99.9
 'Wageningen' 27 10 1972   6010.    5.6   18.1   1.35    2.8    6.4   -99.9
 'Wageningen' 28 10 1972   5180.   11.4   13.8   1.20    2.9    0.3   -99.9
 'Wageningen' 29 10 1972   7850.    3.3   13.5   0.84    2.0    0.0   -99.9
 'Wageningen' 30 10 1972   4220.    4.5   12.6   0.80    2.8    0.0   -99.9
 'Wageningen' 31 10 1972   1960.    6.2   11.2   0.92    1.3    0.1   -99.9
 'Wageningen'  1 11 1972   5830.    1.8   13.4   0.87    0.2    0.1   -99.9
 'Wageningen'  2 11 1972   1370.    3.1   10.9   1.16    1.8    0.0   -99.9
 'Wageningen'  3 11 1972   1960.    6.4    9.5   0.96    2.0    0.0   -99.9
 'Wageningen'  4 11 1972    770.    7.0   11.1   1.15    2.4    0.8   -99.9
 'Wageningen'  5 11 1972   1130.    9.4   10.9   1.19    3.5    1.4   -99.9
 'Wageningen'  6 11 1972   1140.    9.6   12.9   1.27    2.9    2.2   -99.9
 'Wageningen'  7 11 1972    810.   10.7   12.8   1.29    4.0    3.8   -99.9
 'Wageningen'  8 11 1972   2030.    9.2   10.8   1.11    1.7    2.1   -99.9
 'Wageningen'  9 11 1972   3250.    4.0   11.0   0.92    2.4    0.0   -99.9
 'Wageningen' 10 11 1972    740.    7.5   11.9   0.96    5.5   11.4   -99.9
 'Wageningen' 11 11 1972   4720.    3.4    7.2   0.63    4.2    5.4   -99.9
 'Wageningen' 12 11 1972   4060.    3.9   12.9   0.75    4.5   15.5   -99.9
 'Wageningen' 13 11 1972   3320.    4.8    8.3   0.76    8.6    3.3   -99.9
 'Wageningen' 14 11 1972   2770.    1.6    6.7   0.64    1.4    1.8   -99.9
 'Wageningen' 15 11 1972   5350.    0.9    7.4   0.62    3.7    0.0   -99.9
 'Wageningen' 16 11 1972   1840.    0.1    3.9   0.62    2.7    0.4   -99.9
 'Wageningen' 17 11 1972   1840.    1.3    3.9   0.67    2.1    0.7   -99.9
 'Wageningen' 18 11 1972   5090.    0.9    7.2   0.64    2.5    0.4   -99.9
 'Wageningen' 19 11 1972   2180.   -1.8    7.3   0.62    4.3    5.3   -99.9
 'Wageningen' 20 11 1972    550.    0.6    9.6   0.92    5.6   12.3   -99.9
 'Wageningen' 21 11 1972   2400.    6.3    8.8   0.88    5.9    2.4   -99.9
 'Wageningen' 22 11 1972   3580.    4.8    8.8   0.85    4.6    1.6   -99.9
 'Wageningen' 23 11 1972   4390.    3.6    6.8   0.70    3.8    4.3   -99.9
 'Wageningen' 24 11 1972   3980.    0.0    7.4   0.64    1.5    0.0   -99.9
 'Wageningen' 25 11 1972   4060.   -4.7    4.4   0.42    1.2    0.9   -99.9
 'Wageningen' 26 11 1972   3130.   -4.5    4.2   0.60    1.4    0.0   -99.9
 'Wageningen' 27 11 1972   1360.   -0.5    5.6   0.70    4.2    0.0   -99.9
 'Wageningen' 28 11 1972   2210.    1.4    5.1   0.57    4.9    0.0   -99.9
 'Wageningen' 29 11 1972   3800.    1.7    7.1   0.72    5.4    0.3   -99.9
 'Wageningen' 30 11 1972   2660.    3.7    7.7   0.71    4.6    0.2   -99.9
 'Wageningen'  1 12 1972   3390.    4.2   10.3   0.80    5.3    0.0   -99.9
 'Wageningen'  2 12 1972   2100.    4.7   11.3   0.96    5.4    1.6   -99.9
 'Wageningen'  3 12 1972   2250.    6.4    8.8   0.96    2.3    0.1   -99.9
 'Wageningen'  4 12 1972   2990.    2.4    8.6   0.72    5.3    1.9   -99.9
 'Wageningen'  5 12 1972   2990.    3.0   11.6   0.71    6.6    1.2   -99.9
 'Wageningen'  6 12 1972   1730.    4.1   11.7   1.00    7.0    7.1   -99.9
 'Wageningen'  7 12 1972   2100.    7.8    9.5   0.98    4.0    0.1   -99.9
 'Wageningen'  8 12 1972   2840.    2.4    6.6   0.75    3.3    0.0   -99.9
 'Wageningen'  9 12 1972   1000.    1.9    6.7   0.77    4.0    4.3   -99.9
 'Wageningen' 10 12 1972    740.    2.7    7.7   0.88    4.4    4.6   -99.9
 'Wageningen' 11 12 1972   3800.    3.4    7.3   0.72    3.6    0.0   -99.9
 'Wageningen' 12 12 1972   2580.    2.3    9.7   0.62    4.5    0.0   -99.9
 'Wageningen' 13 12 1972    770.    2.8   10.7   0.96    5.0    0.3   -99.9
 'Wageningen' 14 12 1972    960.    8.8   10.5   1.10    2.5    0.0   -99.9
 'Wageningen' 15 12 1972   2180.    6.4    9.2   0.72    2.8    0.0   -99.9
 'Wageningen' 16 12 1972   2140.   -0.6    5.2   0.52    2.4    0.0   -99.9
 'Wageningen' 17 12 1972   3360.   -0.4    6.5   0.57    1.1    0.0   -99.9
 'Wageningen' 18 12 1972   3210.   -3.4    6.9   0.48    0.7    0.0   -99.9
 'Wageningen' 19 12 1972   1990.   -2.8    2.5   0.57    2.3    0.0   -99.9
 'Wageningen' 20 12 1972   3060.   -0.8    2.7   0.57    2.0    0.0   -99.9
 'Wageningen' 21 12 1972   3130.   -2.3    1.2   0.44    2.0    0.0   -99.9
 'Wageningen' 22 12 1972   3100.   -6.9   -1.9   0.38    1.6    0.0   -99.9
 'Wageningen' 23 12 1972    660.   -4.8   -0.1   0.44    2.7    0.0   -99.9
 'Wageningen' 24 12 1972   1250.   -3.0    0.7   0.52    2.2    0.0   -99.9
 'Wageningen' 25 12 1972   3060.   -2.9    1.6   0.45    2.6    0.0   -99.9
 'Wageningen' 26 12 1972   1840.   -3.1    4.0   0.45    4.1    0.0   -99.9
 'Wageningen' 27 12 1972    920.    0.8    4.4   0.50    4.6    0.0   -99.9
 'Wageningen' 28 12 1972   2210.    0.8    6.2   0.58    3.5    0.0   -99.9
 'Wageningen' 29 12 1972   2690.    0.2    4.7   0.53    1.5    0.0   -99.9
 'Wageningen' 30 12 1972   3840.   -9.7    2.0   0.25    1.7    0.0   -99.9
 'Wageningen' 31 12 1972   3500.  -10.1    0.2   0.29    0.8    0.0   -99.9
