***************************************************************************
* File name: Wageni.967
* Contents: SWAP  3.0 - Meteo data of Wageningen weather station                
***************************************************************************     
* Comment area:                                                                 
*                                                                               
*                                                                               
***************************************************************************     
    Station   DD MM YYYY     RAD   Tmin   Tmax    HUM   WIND   RAIN   ETref     
*             nr nr   nr   kJ/m2      C      C    kPa    m/s     mm      mm     
 'Wageningen'  1  1 1967   2470.    3.6    6.3   0.68    4.5    0.0   -99.9
 'Wageningen'  2  1 1967   1968.    1.9    4.3   0.65    4.1    4.6   -99.9
 'Wageningen'  3  1 1967   2763.    0.5    4.6   0.68    3.8    2.2   -99.9
 'Wageningen'  4  1 1967   2386.    0.7    3.0   0.68    3.1    3.7   -99.9
 'Wageningen'  5  1 1967   2428.   -1.8    0.5   0.58    0.3    2.1   -99.9
 'Wageningen'  6  1 1967   3643.  -10.5   -2.3   0.47    0.1    0.0   -99.9
 'Wageningen'  7  1 1967   1340.  -10.0   -4.0   0.42    0.0    0.1   -99.9
 'Wageningen'  8  1 1967   2386.   -9.6   -1.6   0.40    0.0    0.3   -99.9
 'Wageningen'  9  1 1967   4689.  -12.1   -2.0   0.47    0.0    0.0   -99.9
 'Wageningen' 10  1 1967   1758.  -11.7    1.6   0.57    2.9    1.2   -99.9
 'Wageningen' 11  1 1967   1214.   -2.6    5.5   0.73    3.6    1.8   -99.9
 'Wageningen' 12  1 1967   1675.    1.0    5.5   0.68    2.6    0.7   -99.9
 'Wageningen' 13  1 1967   1089.    2.1    7.6   0.88    3.0    0.0   -99.9
 'Wageningen' 14  1 1967    586.    3.6    7.5   0.88    3.2    0.1   -99.9
 'Wageningen' 15  1 1967    544.    4.9    4.7   0.79    1.6    0.1   -99.9
 'Wageningen' 16  1 1967    586.    3.0    4.5   0.73    0.7    0.0   -99.9
 'Wageningen' 17  1 1967   3810.   -0.4    5.0   0.65    2.0    0.0   -99.9
 'Wageningen' 18  1 1967    712.   -0.2    5.7   0.79    2.8    0.3   -99.9
 'Wageningen' 19  1 1967   3308.    1.9    8.9   0.79    2.2    0.0   -99.9
 'Wageningen' 20  1 1967   3224.    2.3    7.8   0.75    2.2    0.5   -99.9
 'Wageningen' 21  1 1967   1005.    2.2    8.2   0.94    2.5    0.8   -99.9
 'Wageningen' 22  1 1967   2428.    0.7    6.0   0.75    1.8    0.1   -99.9
 'Wageningen' 23  1 1967   1424.    0.8    4.9   0.72    2.8    2.8   -99.9
 'Wageningen' 24  1 1967   1884.    2.1    6.2   0.83    1.1    0.0   -99.9
 'Wageningen' 25  1 1967   1717.    2.1    8.3   0.88    1.5    5.5   -99.9
 'Wageningen' 26  1 1967   2093.    3.2    8.3   0.83    3.6    1.5   -99.9
 'Wageningen' 27  1 1967   1968.    2.3    9.3   0.81    2.2    1.5   -99.9
 'Wageningen' 28  1 1967   2093.    2.6   11.8   1.07    2.0    3.5   -99.9
 'Wageningen' 29  1 1967   3140.    8.1   11.8   1.13    2.6    0.1   -99.9
 'Wageningen' 30  1 1967   3140.    4.7   10.2   0.92    2.4    0.0   -99.9
 'Wageningen' 31  1 1967   2805.    4.7    9.6   0.87    2.4    0.1   -99.9
 'Wageningen'  1  2 1967    963.    6.1    9.8   1.03    4.1    8.8   -99.9
 'Wageningen'  2  2 1967    879.    7.6   10.6   1.13    4.0    0.3   -99.9
 'Wageningen'  3  2 1967   2386.    9.0   11.6   1.06    5.4    0.0   -99.9
 'Wageningen'  4  2 1967   3977.    4.0    8.2   0.79    3.0    0.0   -99.9
 'Wageningen'  5  2 1967   3977.   -0.5    8.0   0.87    1.0    0.1   -99.9
 'Wageningen'  6  2 1967   2177.    1.8    4.9   0.80    2.4    0.3   -99.9
 'Wageningen'  7  2 1967   2596.    3.1    7.0   0.79    1.3    0.7   -99.9
 'Wageningen'  8  2 1967   3977.   -0.8    6.0   0.67    2.5    3.5   -99.9
 'Wageningen'  9  2 1967   6364.   -4.0    5.7   0.58    0.7    0.4   -99.9
 'Wageningen' 10  2 1967   2847.   -2.0    6.6   0.63    0.9    0.4   -99.9
 'Wageningen' 11  2 1967   2889.    1.9    5.5   0.65    0.7    0.0   -99.9
 'Wageningen' 12  2 1967   7243.   -0.8    6.1   0.47    2.0    0.0   -99.9
 'Wageningen' 13  2 1967   4857.   -3.3    1.1   0.42    2.6    0.0   -99.9
 'Wageningen' 14  2 1967   7034.   -3.9    2.0   0.36    3.5    0.0   -99.9
 'Wageningen' 15  2 1967   6322.   -4.4    4.2   0.36    3.9    0.0   -99.9
 'Wageningen' 16  2 1967   4982.   -3.6    7.9   0.62    3.6    0.3   -99.9
 'Wageningen' 17  2 1967   2763.    0.6    8.0   0.63    3.5    0.0   -99.9
 'Wageningen' 18  2 1967   6322.   -0.2    9.4   0.68    1.4    6.1   -99.9
 'Wageningen' 19  2 1967   2219.    0.6   10.4   1.06    3.8    3.7   -99.9
 'Wageningen' 20  2 1967   5987.    4.6   11.6   0.68    5.8   10.8   -99.9
 'Wageningen' 21  2 1967   4061.    4.9    8.6   0.83    7.8    0.2   -99.9
 'Wageningen' 22  2 1967   4229.    3.8   10.9   0.84    4.2    1.8   -99.9
 'Wageningen' 23  2 1967   3517.    5.8   11.0   0.62    6.2    0.9   -99.9
 'Wageningen' 24  2 1967   9043.    1.7    8.8   0.63    3.3    0.0   -99.9
 'Wageningen' 25  2 1967   5066.    0.7    8.6   0.62    3.1    0.0   -99.9
 'Wageningen' 26  2 1967   6155.    2.5   11.5   0.92    2.2    1.2   -99.9
 'Wageningen' 27  2 1967   4773.    5.6   10.1   0.80    4.2   17.2   -99.9
 'Wageningen' 28  2 1967   4731.    5.4   10.1   0.73    8.4    2.1   -99.9
 'Wageningen'  1  3 1967   9043.    3.0    9.6   0.64    4.6    0.7   -99.9
 'Wageningen'  2  3 1967   4187.    4.2    8.6   0.77    5.9    1.5   -99.9
 'Wageningen'  3  3 1967   7243.    4.4   10.3   0.71    5.1    0.0   -99.9
 'Wageningen'  4  3 1967   3517.    6.6    8.5   0.68    1.8    0.0   -99.9
 'Wageningen'  5  3 1967   4103.    2.2   10.4   1.06    1.3    0.5   -99.9
 'Wageningen'  6  3 1967   6866.    2.7   10.8   0.85    2.1    0.1   -99.9
 'Wageningen'  7  3 1967   5945.    2.5   10.3   0.80    2.2    0.0   -99.9
 'Wageningen'  8  3 1967   5359.    2.7   13.4   0.90    2.3    2.1   -99.9
 'Wageningen'  9  3 1967   4271.    9.2   15.3   1.13    3.5    0.1   -99.9
 'Wageningen' 10  3 1967   4229.    7.0   10.9   1.00    4.6    0.5   -99.9
 'Wageningen' 11  3 1967   8750.    6.0   10.2   0.65    5.5    1.0   -99.9
 'Wageningen' 12  3 1967   8625.    4.1    9.4   0.53    4.2    3.1   -99.9
 'Wageningen' 13  3 1967   8415.    1.2    8.8   0.58    2.6    0.6   -99.9
 'Wageningen' 14  3 1967   3056.    1.0    9.2   0.91    2.5    0.1   -99.9
 'Wageningen' 15  3 1967   6155.    3.2   10.7   0.80    4.5    0.6   -99.9
 'Wageningen' 16  3 1967   7243.    1.8    8.7   0.63    2.8    0.9   -99.9
 'Wageningen' 17  3 1967   3768.    0.5    9.1   0.75    1.3    0.1   -99.9
 'Wageningen' 18  3 1967   5527.    3.4    8.8   0.64    6.5    3.0   -99.9
 'Wageningen' 19  3 1967   5527.    3.5    9.4   0.77    3.5    2.6   -99.9
 'Wageningen' 20  3 1967   5778.    4.2    9.2   0.79    3.5    0.0   -99.9
 'Wageningen' 21  3 1967   5066.    5.8   11.5   0.90    3.0    0.0   -99.9
 'Wageningen' 22  3 1967   3475.    5.2    9.3   0.95    4.5    0.1   -99.9
 'Wageningen' 23  3 1967  10174.    5.2    9.1   0.56    4.8    0.0   -99.9
 'Wageningen' 24  3 1967  13481.    0.7   10.6   0.62    3.0    0.0   -99.9
 'Wageningen' 25  3 1967  12519.    4.0   14.5   0.72    2.8    0.0   -99.9
 'Wageningen' 26  3 1967   9588.    5.3   12.5   0.77    4.0    0.3   -99.9
 'Wageningen' 27  3 1967   3977.    3.7    9.8   0.83    3.7   15.1   -99.9
 'Wageningen' 28  3 1967   6531.    2.2    8.1   0.76    3.8    6.3   -99.9
 'Wageningen' 29  3 1967   9755.    0.9    8.3   0.64    4.0    7.5   -99.9
 'Wageningen' 30  3 1967   5652.    2.3    8.6   0.75    2.8    5.2   -99.9
 'Wageningen' 31  3 1967   7704.   -0.3    7.8   0.67    1.0    0.0   -99.9
 'Wageningen'  1  4 1967  14277.   -2.2    8.0   0.63    1.5    0.0   -99.9
 'Wageningen'  2  4 1967   4689.   -1.5    7.7   0.77    3.4    6.7   -99.9
 'Wageningen'  3  4 1967  11430.    3.6   11.1   0.87    3.3    1.2   -99.9
 'Wageningen'  4  4 1967   6280.    3.2   12.0   0.98    2.9    0.0   -99.9
 'Wageningen'  5  4 1967   5568.    5.6   10.2   0.67    1.9    9.3   -99.9
 'Wageningen'  6  4 1967   4396.    1.7    5.6   0.57    3.8    0.6   -99.9
 'Wageningen'  7  4 1967  10258.    0.5    9.0   0.77    2.5    1.1   -99.9
 'Wageningen'  8  4 1967   7327.    1.2    9.9   0.68    1.1    0.1   -99.9
 'Wageningen'  9  4 1967   8709.   -1.4   13.5   0.67    2.6    4.1   -99.9
 'Wageningen' 10  4 1967   6699.    5.7   12.9   1.04    1.8    3.1   -99.9
 'Wageningen' 11  4 1967  10634.    5.3   12.8   0.87    4.0    0.3   -99.9
 'Wageningen' 12  4 1967  11681.    2.0   14.8   0.85    1.2    1.4   -99.9
 'Wageningen' 13  4 1967  13481.    4.7   17.2   1.08    2.0    0.0   -99.9
 'Wageningen' 14  4 1967  17668.    5.1   14.6   0.72    3.7    0.0   -99.9
 'Wageningen' 15  4 1967  19636.    2.8   15.4   0.76    2.4    0.0   -99.9
 'Wageningen' 16  4 1967  15784.    3.1   13.0   0.91    1.7    0.1   -99.9
 'Wageningen' 17  4 1967  15072.    0.7   15.6   1.15    2.3    0.0   -99.9
 'Wageningen' 18  4 1967  14235.    5.7    9.3   0.58    3.5    0.1   -99.9
 'Wageningen' 19  4 1967  12267.   -0.2   10.4   0.55    3.2    0.4   -99.9
 'Wageningen' 20  4 1967   5401.    6.2   11.0   0.68    4.5    2.7   -99.9
 'Wageningen' 21  4 1967  13314.    4.0    8.1   0.67    4.3    0.8   -99.9
 'Wageningen' 22  4 1967  22525.   -0.8    8.4   0.65    2.4    0.2   -99.9
 'Wageningen' 23  4 1967   8122.    3.7    8.3   0.57    1.7    0.2   -99.9
 'Wageningen' 24  4 1967  12853.   -4.6   10.0   0.53    0.7    0.0   -99.9
 'Wageningen' 25  4 1967  21562.    1.3   11.9   0.41    2.6    0.0   -99.9
 'Wageningen' 26  4 1967  21562.   -1.3   13.6   0.47    1.4    0.0   -99.9
 'Wageningen' 27  4 1967  21813.    0.3   15.4   0.45    2.2    0.0   -99.9
 'Wageningen' 28  4 1967  19427.   -1.1   15.2   0.60    2.4    0.3   -99.9
 'Wageningen' 29  4 1967  20180.    7.2   13.2   0.85    2.5    0.0   -99.9
 'Wageningen' 30  4 1967  21604.   -0.4   16.6   0.81    2.5    0.0   -99.9
 'Wageningen'  1  5 1967   6615.    7.7    9.9   0.70    2.0    0.0   -99.9
 'Wageningen'  2  5 1967  12770.    0.3    8.7   0.80    1.1    0.3   -99.9
 'Wageningen'  3  5 1967  17124.   -1.7    9.2   0.65    1.5    0.1   -99.9
 'Wageningen'  4  5 1967  20683.    1.2   15.2   0.60    3.8    0.0   -99.9
 'Wageningen'  5  5 1967  20599.    7.7   21.2   0.71    4.8    3.4   -99.9
 'Wageningen'  6  5 1967   9085.    9.7   15.3   0.96    1.6    2.0   -99.9
 'Wageningen'  7  5 1967  15617.    5.1   15.4   1.00    2.0    1.1   -99.9
 'Wageningen'  8  5 1967  19929.    4.6   17.6   0.75    1.2    0.5   -99.9
 'Wageningen'  9  5 1967  20390.    1.6   19.4   0.79    0.7    0.0   -99.9
 'Wageningen' 10  5 1967  22944.    3.0   23.1   0.90    1.0    0.0   -99.9
 'Wageningen' 11  5 1967  18841.   10.3   27.0   1.02    2.1    0.4   -99.9
 'Wageningen' 12  5 1967  16998.   11.6   25.1   1.52    1.4    2.7   -99.9
 'Wageningen' 13  5 1967  15659.   12.2   21.4   1.46    1.4    0.0   -99.9
 'Wageningen' 14  5 1967  17878.   12.1   25.6   1.35    2.3   13.4   -99.9
 'Wageningen' 15  5 1967  18003.   13.6   20.3   1.54    2.1    1.6   -99.9
 'Wageningen' 16  5 1967  11849.    9.4   18.1   1.31    0.8    3.0   -99.9
 'Wageningen' 17  5 1967  14779.    6.8   16.7   1.16    1.7    0.8   -99.9
 'Wageningen' 18  5 1967  15952.    8.1   12.6   0.84    2.9    0.3   -99.9
 'Wageningen' 19  5 1967   9755.    2.3   14.1   0.81    3.0    1.7   -99.9
 'Wageningen' 20  5 1967  18841.   10.4   16.4   0.87    5.1    0.0   -99.9
 'Wageningen' 21  5 1967  21562.    8.1   17.5   0.84    2.3    0.0   -99.9
 'Wageningen' 22  5 1967   7787.   10.2   18.1   1.43    2.1    2.5   -99.9
 'Wageningen' 23  5 1967  15575.    9.0   16.3   0.88    1.6    0.0   -99.9
 'Wageningen' 24  5 1967   7662.    7.7   13.4   1.15    2.8    4.2   -99.9
 'Wageningen' 25  5 1967  13063.    8.0   14.7   0.95    2.4    6.8   -99.9
 'Wageningen' 26  5 1967  14654.    7.2   15.7   0.92    2.7    1.2   -99.9
 'Wageningen' 27  5 1967  21562.    6.7   21.7   1.30    2.5    0.0   -99.9
 'Wageningen' 28  5 1967  23111.   14.4   26.6   1.57    2.6   13.6   -99.9
 'Wageningen' 29  5 1967  13942.   11.9   18.3   1.31    1.5    0.0   -99.9
 'Wageningen' 30  5 1967  12058.    6.0   17.7   1.29    1.0   12.3   -99.9
 'Wageningen' 31  5 1967   4187.    8.0   13.0   1.29    2.5    7.4   -99.9
 'Wageningen'  1  6 1967   9253.   10.6   16.6   1.47    1.9    0.0   -99.9
 'Wageningen'  2  6 1967  13188.   10.8   19.3   1.42    0.9    0.0   -99.9
 'Wageningen'  3  6 1967  14319.    7.9   19.2   1.66    0.8    0.0   -99.9
 'Wageningen'  4  6 1967  19134.    8.8   20.8   1.31    2.0    1.6   -99.9
 'Wageningen'  5  6 1967  21688.    9.2   19.1   1.15    1.5    0.0   -99.9
 'Wageningen'  6  6 1967  21311.    9.1   22.5   1.56    1.9    0.0   -99.9
 'Wageningen'  7  6 1967  11681.   13.6   18.2   1.13    2.2    0.1   -99.9
 'Wageningen'  8  6 1967  23404.    4.7   16.2   0.84    1.8    0.3   -99.9
 'Wageningen'  9  6 1967  19343.    6.6   15.3   0.72    1.1    0.0   -99.9
 'Wageningen' 10  6 1967  16161.    4.7   15.4   0.81    2.9    0.0   -99.9
 'Wageningen' 11  6 1967  18464.    8.7   15.3   0.96    2.4    0.7   -99.9
 'Wageningen' 12  6 1967  19259.    6.0   18.9   0.88    1.9    0.0   -99.9
 'Wageningen' 13  6 1967  26293.    4.3   17.9   1.06    2.3    0.0   -99.9
 'Wageningen' 14  6 1967  16035.    7.7   16.7   1.16    2.8    4.2   -99.9
 'Wageningen' 15  6 1967  18296.   10.7   18.7   0.87    2.0    0.0   -99.9
 'Wageningen' 16  6 1967  14110.    8.8   20.7   1.38    2.1    0.7   -99.9
 'Wageningen' 17  6 1967  22525.   11.4   21.6   1.40    2.6    0.0   -99.9
 'Wageningen' 18  6 1967  10760.    8.2   15.3   1.02    1.0    0.0   -99.9
 'Wageningen' 19  6 1967  21813.    3.8   19.7   1.19    0.8    0.0   -99.9
 'Wageningen' 20  6 1967  18506.    4.3   21.5   1.32    2.2    0.1   -99.9
 'Wageningen' 21  6 1967  17166.   13.3   18.4   1.06    2.6    0.0   -99.9
 'Wageningen' 22  6 1967  14779.    9.8   22.2   1.66    2.3    0.3   -99.9
 'Wageningen' 23  6 1967  11011.   14.4   23.2   1.74    1.2    5.0   -99.9
 'Wageningen' 24  6 1967   6155.   13.2   20.2   1.65    1.7   12.2   -99.9
 'Wageningen' 25  6 1967  12770.   14.0   23.9   2.12    2.1    0.3   -99.9
 'Wageningen' 26  6 1967  18087.   11.1   21.7   1.07    1.5    0.0   -99.9
 'Wageningen' 27  6 1967   7746.   11.2   17.9   1.46    1.0    2.9   -99.9
 'Wageningen' 28  6 1967  21478.   11.1   21.4   1.43    1.9    0.0   -99.9
 'Wageningen' 29  6 1967   9127.   12.3   20.6   1.50    3.1    0.0   -99.9
 'Wageningen' 30  6 1967  21143.   14.3   20.5   1.29    1.3    0.0   -99.9
 'Wageningen'  1  7 1967  21143.   10.1   24.6   1.47    0.8    0.0   -99.9
 'Wageningen'  2  7 1967  21185.   11.2   25.8   1.73    1.2    2.6   -99.9
 'Wageningen'  3  7 1967  15198.   13.0   20.3   1.25    2.0    0.0   -99.9
 'Wageningen'  4  7 1967  15659.   11.1   18.9   1.26    2.3    0.0   -99.9
 'Wageningen'  5  7 1967   8374.   10.7   19.2   1.46    0.6    0.0   -99.9
 'Wageningen'  6  7 1967  21897.    6.7   23.7   1.19    1.2    0.0   -99.9
 'Wageningen'  7  7 1967  11891.   12.2   25.1   1.54    0.9    0.0   -99.9
 'Wageningen'  8  7 1967   6238.   14.2   18.4   1.68    2.4    2.7   -99.9
 'Wageningen'  9  7 1967  18715.   10.5   19.5   1.19    2.2    0.0   -99.9
 'Wageningen' 10  7 1967  21981.    4.8   22.9   1.39    0.9    0.0   -99.9
 'Wageningen' 11  7 1967  23781.    8.3   27.5   1.38    0.7    0.0   -99.9
 'Wageningen' 12  7 1967  22274.   14.4   27.4   1.78    2.0    0.0   -99.9
 'Wageningen' 13  7 1967  21269.   14.9   30.8   1.75    1.9    3.6   -99.9
 'Wageningen' 14  7 1967  16747.   18.6   26.5   1.80    1.9    0.2   -99.9
 'Wageningen' 15  7 1967   6950.   14.8   19.8   1.68    1.7    0.1   -99.9
 'Wageningen' 16  7 1967   7662.   10.6   20.4   1.63    0.5    1.7   -99.9
 'Wageningen' 17  7 1967  21939.    9.6   25.4   1.32    1.7    0.0   -99.9
 'Wageningen' 18  7 1967  21646.   15.2   31.2   1.61    2.7    5.6   -99.9
 'Wageningen' 19  7 1967  18715.   17.0   26.0   1.98    2.0    1.6   -99.9
 'Wageningen' 20  7 1967  21185.   13.8   22.9   1.42    2.2    0.0   -99.9
 'Wageningen' 21  7 1967  16161.   10.2   22.5   1.68    0.9    0.0   -99.9
 'Wageningen' 22  7 1967  13272.   10.7   21.4   1.03    1.6    0.0   -99.9
 'Wageningen' 23  7 1967  14193.   12.9   22.6   1.16    1.9    0.0   -99.9
 'Wageningen' 24  7 1967  22274.    7.7   23.7   1.22    0.7    0.0   -99.9
 'Wageningen' 25  7 1967  16245.   10.7   23.3   1.50    1.6    0.0   -99.9
 'Wageningen' 26  7 1967  18589.   14.2   23.2   1.63    1.6    0.0   -99.9
 'Wageningen' 27  7 1967  23153.   13.9   25.7   1.18    1.7    0.0   -99.9
 'Wageningen' 28  7 1967  11639.   12.6   22.4   1.82    1.6    4.8   -99.9
 'Wageningen' 29  7 1967  15240.   16.1   22.4   1.62    1.3    0.2   -99.9
 'Wageningen' 30  7 1967   5945.   14.7   23.3   2.09    1.7    0.0   -99.9
 'Wageningen' 31  7 1967  14654.   14.7   27.0   1.96    0.8    0.0   -99.9
 'Wageningen'  1  8 1967  17961.   14.1   30.1   1.68    1.1    0.3   -99.9
 'Wageningen'  2  8 1967  13147.   15.2   26.0   2.03    1.7    0.0   -99.9
 'Wageningen'  3  8 1967  14193.   15.1   20.1   1.30    2.7    0.0   -99.9
 'Wageningen'  4  8 1967  16412.    9.8   20.5   1.16    1.6    3.5   -99.9
 'Wageningen'  5  8 1967  17920.   10.3   19.4   1.16    2.6    0.1   -99.9
 'Wageningen'  6  8 1967  17961.    5.6   21.6   0.92    0.8    0.0   -99.9
 'Wageningen'  7  8 1967  18506.    5.5   23.6   0.94    1.8    0.0   -99.9
 'Wageningen'  8  8 1967  17920.   13.6   26.6   1.37    2.5    4.2   -99.9
 'Wageningen'  9  8 1967   6448.   16.7   22.2   1.82    1.7    0.1   -99.9
 'Wageningen' 10  8 1967  15533.   15.2   23.7   1.59    1.3   17.7   -99.9
 'Wageningen' 11  8 1967  10383.   13.0   21.2   1.71    2.3    2.9   -99.9
 'Wageningen' 12  8 1967   9797.   13.8   18.5   1.52    2.6    0.6   -99.9
 'Wageningen' 13  8 1967   8709.   12.9   17.1   1.63    2.8    3.8   -99.9
 'Wageningen' 14  8 1967   8457.   10.4   17.2   1.49    2.6    8.7   -99.9
 'Wageningen' 15  8 1967   9295.   13.8   19.1   1.35    3.7   30.0   -99.9
 'Wageningen' 16  8 1967   5862.   15.4   19.4   1.78    2.3    2.8   -99.9
 'Wageningen' 17  8 1967  14235.   12.5   18.6   1.45    3.2    3.3   -99.9
 'Wageningen' 18  8 1967  11430.   12.6   20.0   1.42    2.2    0.3   -99.9
 'Wageningen' 19  8 1967   5443.   14.0   18.8   1.84    1.7   21.2   -99.9
 'Wageningen' 20  8 1967  19343.    5.3   19.3   1.07    1.1    0.0   -99.9
 'Wageningen' 21  8 1967  13691.    5.7   20.3   1.54    0.9    0.0   -99.9
 'Wageningen' 22  8 1967  19469.    9.8   20.3   1.59    2.1    0.0   -99.9
 'Wageningen' 23  8 1967  17375.   11.1   24.9   1.86    1.1    0.1   -99.9
 'Wageningen' 24  8 1967  18506.   10.9   23.6   1.46    1.4    0.1   -99.9
 'Wageningen' 25  8 1967  10258.   11.6   22.2   2.00    0.8    0.1   -99.9
 'Wageningen' 26  8 1967  14821.   11.0   21.2   1.54    1.0    0.1   -99.9
 'Wageningen' 27  8 1967  13230.    8.1   22.3   1.67    0.5    0.1   -99.9
 'Wageningen' 28  8 1967  16705.    7.3   22.9   1.53    0.6    0.0   -99.9
 'Wageningen' 29  8 1967  12519.   11.3   22.4   1.75    1.8    0.1   -99.9
 'Wageningen' 30  8 1967  12225.   11.5   20.1   1.40    1.6    0.0   -99.9
 'Wageningen' 31  8 1967   8457.   12.1   19.5   1.37    2.3    0.0   -99.9
 'Wageningen'  1  9 1967   2931.   14.1   17.9   1.75    2.1   20.2   -99.9
 'Wageningen'  2  9 1967   6824.   15.5   20.1   1.43    3.5    2.6   -99.9
 'Wageningen'  3  9 1967   6155.   12.2   17.8   1.31    3.0    2.0   -99.9
 'Wageningen'  4  9 1967  12519.   11.9   17.3   1.29    3.1    1.2   -99.9
 'Wageningen'  5  9 1967   3726.   10.7   15.6   1.42    3.6    3.5   -99.9
 'Wageningen'  6  9 1967  11011.   11.2   18.1   1.07    2.6    1.1   -99.9
 'Wageningen'  7  9 1967  10593.    6.9   17.0   1.31    1.0    9.7   -99.9
 'Wageningen'  8  9 1967  14110.    3.2   18.0   1.03    1.1    0.2   -99.9
 'Wageningen'  9  9 1967  10676.    5.0   17.2   1.34    0.8    3.0   -99.9
 'Wageningen' 10  9 1967  13481.    3.8   18.4   1.13    0.5    0.1   -99.9
 'Wageningen' 11  9 1967   7871.    3.6   17.1   1.34    0.4    0.0   -99.9
 'Wageningen' 12  9 1967  11597.    8.5   18.8   1.20    1.3    0.5   -99.9
 'Wageningen' 13  9 1967   4271.   11.2   16.6   1.63    1.5    0.8   -99.9
 'Wageningen' 14  9 1967   3098.   13.1   17.1   1.71    1.3    2.5   -99.9
 'Wageningen' 15  9 1967  10467.   14.7   19.2   1.35    2.3    0.0   -99.9
 'Wageningen' 16  9 1967   8667.   10.5   20.0   1.57    0.9    5.2   -99.9
 'Wageningen' 17  9 1967   9378.   11.1   18.0   1.61    0.9    0.1   -99.9
 'Wageningen' 18  9 1967   8290.    8.8   19.0   1.47    1.1    6.8   -99.9
 'Wageningen' 19  9 1967   5317.    8.2   15.8   1.30    2.0    3.4   -99.9
 'Wageningen' 20  9 1967   8625.   10.2   15.9   1.29    3.0    3.9   -99.9
 'Wageningen' 21  9 1967   2638.    6.8   13.6   1.43    1.0    8.1   -99.9
 'Wageningen' 22  9 1967   7494.    9.4   16.7   1.20    3.2    1.7   -99.9
 'Wageningen' 23  9 1967  12309.    9.8   18.1   1.19    1.0    1.6   -99.9
 'Wageningen' 24  9 1967   7076.   11.2   20.2   1.93    1.7    0.2   -99.9
 'Wageningen' 25  9 1967   5945.   14.0   21.9   1.87    0.9    0.0   -99.9
 'Wageningen' 26  9 1967   8374.   16.6   26.0   2.24    1.7    0.0   -99.9
 'Wageningen' 27  9 1967  10174.   11.3   21.8   1.56    0.8    0.1   -99.9
 'Wageningen' 28  9 1967  11681.    7.1   23.0   1.61    0.4    0.0   -99.9
 'Wageningen' 29  9 1967   8206.   10.6   22.3   1.91    1.5    1.1   -99.9
 'Wageningen' 30  9 1967   9923.   14.6   18.2   1.57    3.9    0.8   -99.9
 'Wageningen'  1 10 1967  10132.   10.7   18.3   1.32    2.3    0.0   -99.9
 'Wageningen'  2 10 1967   5024.   10.6   15.2   1.15    2.6    1.9   -99.9
 'Wageningen'  3 10 1967  10090.    8.1   15.7   0.91    3.6    6.7   -99.9
 'Wageningen'  4 10 1967   7243.    9.6   14.6   1.03    3.8    4.8   -99.9
 'Wageningen'  5 10 1967   5192.    8.3   13.3   1.00    4.0    5.3   -99.9
 'Wageningen'  6 10 1967   5066.    7.7   14.7   1.25    2.3    0.3   -99.9
 'Wageningen'  7 10 1967   3475.   10.1   16.6   1.63    4.0    0.1   -99.9
 'Wageningen'  8 10 1967   3056.   13.0   17.0   1.72    3.0    3.5   -99.9
 'Wageningen'  9 10 1967   2721.   14.4   17.5   1.63    3.2    0.0   -99.9
 'Wageningen' 10 10 1967   1842.   14.1   15.6   1.66    2.8    0.7   -99.9
 'Wageningen' 11 10 1967   4229.   13.6   16.9   1.39    1.6    0.1   -99.9
 'Wageningen' 12 10 1967   6448.   10.8   19.7   1.58    1.1    6.4   -99.9
 'Wageningen' 13 10 1967   5024.   14.0   14.9   0.90    2.4    1.5   -99.9
 'Wageningen' 14 10 1967   8290.    5.6   15.0   0.91    2.5    1.6   -99.9
 'Wageningen' 15 10 1967   5359.    9.9   15.2   1.03    4.3    9.2   -99.9
 'Wageningen' 16 10 1967   4940.   10.0   17.9   1.13    3.5    8.9   -99.9
 'Wageningen' 17 10 1967   2805.    9.1   18.5   0.88    7.3    5.0   -99.9
 'Wageningen' 18 10 1967   7285.    4.2   11.6   0.96    5.0    1.0   -99.9
 'Wageningen' 19 10 1967   7704.    2.4   12.0   0.70    3.6    0.4   -99.9
 'Wageningen' 20 10 1967   7411.    3.7   18.5   0.95    2.3    0.0   -99.9
 'Wageningen' 21 10 1967   7327.   11.4   20.3   1.46    1.6    5.0   -99.9
 'Wageningen' 22 10 1967   4312.   12.5   14.8   1.10    1.9    0.2   -99.9
 'Wageningen' 23 10 1967   6238.    3.7   15.1   1.13    1.4    0.1   -99.9
 'Wageningen' 24 10 1967   4647.    5.1   13.6   1.16    1.1    0.1   -99.9
 'Wageningen' 25 10 1967   4773.    6.9   13.4   1.11    2.2    1.5   -99.9
 'Wageningen' 26 10 1967   6238.    8.5   15.0   1.06    4.2    0.0   -99.9
 'Wageningen' 27 10 1967   2638.    7.4   13.2   1.25    2.6    5.8   -99.9
 'Wageningen' 28 10 1967   3684.    8.8   12.6   1.02    4.5    1.6   -99.9
 'Wageningen' 29 10 1967   3056.    6.7   10.3   0.80    3.8    0.7   -99.9
 'Wageningen' 30 10 1967   6029.    4.9   10.3   0.85    2.8    0.8   -99.9
 'Wageningen' 31 10 1967   2010.    5.1    9.2   0.92    3.9    3.3   -99.9
 'Wageningen'  1 11 1967   3768.    6.1    9.9   0.88    3.3    6.3   -99.9
 'Wageningen'  2 11 1967   4396.    6.8   11.7   0.87    3.0    3.1   -99.9
 'Wageningen'  3 11 1967   2386.    7.2   10.0   0.88    3.8    1.1   -99.9
 'Wageningen'  4 11 1967   3266.    5.8   10.4   0.70    4.2    4.4   -99.9
 'Wageningen'  5 11 1967   2470.    7.5   10.2   0.90    2.6    4.3   -99.9
 'Wageningen'  6 11 1967   1549.    5.8    7.8   0.73    5.5    1.6   -99.9
 'Wageningen'  7 11 1967   5903.    2.3    8.9   0.71    2.3    0.0   -99.9
 'Wageningen'  8 11 1967   6155.   -4.8    9.8   0.70    1.6    0.0   -99.9
 'Wageningen'  9 11 1967   3266.   -5.2    7.0   0.76    0.7    3.7   -99.9
 'Wageningen' 10 11 1967   4564.   -2.9   10.2   0.85    1.6    5.7   -99.9
 'Wageningen' 11 11 1967    754.    3.1   11.9   0.95    3.3    2.9   -99.9
 'Wageningen' 12 11 1967   4229.    5.8   11.0   0.75    1.9    0.1   -99.9
 'Wageningen' 13 11 1967   5024.    1.2   10.3   0.90    0.9    0.0   -99.9
 'Wageningen' 14 11 1967    921.    1.5    9.6   1.00    0.9    2.0   -99.9
 'Wageningen' 15 11 1967   1758.    3.7    9.0   0.95    0.9    0.0   -99.9
 'Wageningen' 16 11 1967   3977.    3.1    9.0   0.92    1.1    0.4   -99.9
 'Wageningen' 17 11 1967   5401.   -3.4    9.3   0.67    0.3    0.0   -99.9
 'Wageningen' 18 11 1967   5527.   -6.7    8.3   0.88    0.2    0.4   -99.9
 'Wageningen' 19 11 1967   1340.   -6.5    6.5   0.91    0.7    0.0   -99.9
 'Wageningen' 20 11 1967   4605.    1.7    7.1   0.58    2.1    0.0   -99.9
 'Wageningen' 21 11 1967   4689.   -6.9    5.7   0.67    0.5    0.1   -99.9
 'Wageningen' 22 11 1967   1717.   -6.1    8.0   0.83    0.6    0.0   -99.9
 'Wageningen' 23 11 1967    754.    2.4    5.0   0.80    1.7    0.0   -99.9
 'Wageningen' 24 11 1967   1256.    3.4    3.8   0.72    2.8    0.1   -99.9
 'Wageningen' 25 11 1967    419.    1.0    3.8   0.67    2.4    0.7   -99.9
 'Wageningen' 26 11 1967    586.    1.2    5.9   0.85    1.2    5.5   -99.9
 'Wageningen' 27 11 1967   3140.    2.7    6.0   0.60    1.5    3.4   -99.9
 'Wageningen' 28 11 1967    544.   -0.9    8.9   0.96    2.7   21.5   -99.9
 'Wageningen' 29 11 1967    879.    5.2    6.9   0.87    2.4    5.3   -99.9
 'Wageningen' 30 11 1967   3601.    0.3    9.0   0.90    0.7    0.1   -99.9
 'Wageningen'  1 12 1967    754.    0.0    5.4   0.76    1.0    0.3   -99.9
 'Wageningen'  2 12 1967   1256.    0.9    5.7   0.80    0.7    0.2   -99.9
 'Wageningen'  3 12 1967    712.    0.7    5.9   0.79    2.0    0.0   -99.9
 'Wageningen'  4 12 1967   2889.    1.4    8.0   0.90    2.7    0.1   -99.9
 'Wageningen'  5 12 1967    502.    4.3    9.1   0.99    4.3    7.6   -99.9
 'Wageningen'  6 12 1967    963.    4.6    5.3   0.67    3.0    5.3   -99.9
 'Wageningen'  7 12 1967   2428.    0.8    2.9   0.60    4.6    6.1   -99.9
 'Wageningen'  8 12 1967   3224.   -0.6    0.2   0.60    3.0    1.0   -99.9
 'Wageningen'  9 12 1967   3684.   -2.0    0.2   0.50    3.8    0.3   -99.9
 'Wageningen' 10 12 1967   1465.   -3.5   -0.4   0.56    1.7    0.0   -99.9
 'Wageningen' 11 12 1967   2345.  -11.2   -1.6   0.32    0.7    0.8   -99.9
 'Wageningen' 12 12 1967    837.   -8.5    3.4   0.62    2.3    2.9   -99.9
 'Wageningen' 13 12 1967   1675.   -1.5    6.9   0.88    0.7    2.2   -99.9
 'Wageningen' 14 12 1967   1633.    2.6    8.4   1.04    0.8    0.3   -99.9
 'Wageningen' 15 12 1967    419.    5.7    7.5   0.81    3.5    4.2   -99.9
 'Wageningen' 16 12 1967   2638.    4.8    6.5   0.71    4.8    1.0   -99.9
 'Wageningen' 17 12 1967   2470.   -0.8    4.2   0.71    2.3    2.0   -99.9
 'Wageningen' 18 12 1967   2219.    0.0    3.8   0.70    3.1    2.3   -99.9
 'Wageningen' 19 12 1967   2638.    0.0    3.9   0.64    1.4    0.3   -99.9
 'Wageningen' 20 12 1967   2889.   -4.7    4.1   0.67    0.5    0.2   -99.9
 'Wageningen' 21 12 1967   1047.   -2.1    6.9   0.36    3.1    0.8   -99.9
 'Wageningen' 22 12 1967    795.   -1.0   12.7   0.95    3.9   22.8   -99.9
 'Wageningen' 23 12 1967    419.    6.7   13.0   1.19    6.3    6.8   -99.9
 'Wageningen' 24 12 1967   1424.    7.7    8.7   0.94    2.6    4.3   -99.9
 'Wageningen' 25 12 1967   1298.    6.6    7.0   0.95    2.3    0.7   -99.9
 'Wageningen' 26 12 1967   1465.    4.6    6.4   0.79    1.2    0.3   -99.9
 'Wageningen' 27 12 1967   2093.    1.0    7.9   0.67    2.4   10.8   -99.9
 'Wageningen' 28 12 1967   1675.    1.0    6.0   0.70    3.3    2.7   -99.9
 'Wageningen' 29 12 1967   2303.    1.7    5.9   0.68    1.9    0.8   -99.9
 'Wageningen' 30 12 1967   1800.   -1.4    3.5   0.63    1.7    6.5   -99.9
 'Wageningen' 31 12 1967   1340.    0.1    2.3   0.62    1.5    5.2   -99.9
