***************************************************************************
* File name: Wageni.956
* Contents: SWAP  3.0 - Meteo data of Wageningen weather station                
***************************************************************************     
* Comment area:                                                                 
*                                                                               
*                                                                               
***************************************************************************     
    Station   DD MM YYYY     RAD   Tmin   Tmax    HUM   WIND   RAIN   ETref     
*             nr nr   nr   kJ/m2      C      C    kPa    m/s     mm      mm     
 'Wageningen'  1  1 1956    251.    1.7    7.5   0.84    6.3    6.6   -99.9
 'Wageningen'  2  1 1956   2680.    0.9    3.7   0.53    2.5    0.0   -99.9
 'Wageningen'  3  1 1956   3391.   -2.6    3.8   0.53    1.2    0.0   -99.9
 'Wageningen'  4  1 1956   2931.   -3.4    2.4   0.51    1.2    0.0   -99.9
 'Wageningen'  5  1 1956    712.   -2.3    3.2   0.70    0.1    0.3   -99.9
 'Wageningen'  6  1 1956    377.    0.9    2.8   0.76    1.2    0.5   -99.9
 'Wageningen'  7  1 1956    251.    0.0    1.0   0.69    1.2    5.0   -99.9
 'Wageningen'  8  1 1956     84.   -1.7    0.7   0.63    1.2    1.4   -99.9
 'Wageningen'  9  1 1956    377.   -0.6    1.7   0.59    1.2    3.3   -99.9
 'Wageningen' 10  1 1956    754.   -2.2    7.3   0.57    6.3    1.9   -99.9
 'Wageningen' 11  1 1956   1842.    0.3    9.0   0.74    4.3    4.9   -99.9
 'Wageningen' 12  1 1956    461.    5.2    9.6   0.86    6.3    9.9   -99.9
 'Wageningen' 13  1 1956   3559.    2.7    3.2   0.76    2.5    0.0   -99.9
 'Wageningen' 14  1 1956   2303.   -0.9    7.0   0.64    2.5    0.5   -99.9
 'Wageningen' 15  1 1956    544.    3.0    6.9   0.72    4.3    0.2   -99.9
 'Wageningen' 16  1 1956   3643.    2.7    6.7   0.73    1.2    0.0   -99.9
 'Wageningen' 17  1 1956   1717.    2.2    5.0   0.88    4.3    0.0   -99.9
 'Wageningen' 18  1 1956   1172.    1.8    4.0   0.59    6.3    2.5   -99.9
 'Wageningen' 19  1 1956   2889.   -1.0    8.9   0.65    6.3    2.1   -99.9
 'Wageningen' 20  1 1956   1424.    2.7    7.1   0.93    8.6    5.0   -99.9
 'Wageningen' 21  1 1956   3349.    3.7    9.7   0.60    4.3    6.8   -99.9
 'Wageningen' 22  1 1956   2177.    2.2    8.9   0.65    6.3    9.1   -99.9
 'Wageningen' 23  1 1956    209.    0.8    8.4   0.98   11.1   12.0   -99.9
 'Wageningen' 24  1 1956   3894.    1.0    4.6   0.64    4.3    3.0   -99.9
 'Wageningen' 25  1 1956   2052.    0.1    0.8   0.59    2.5    0.0   -99.9
 'Wageningen' 26  1 1956   1005.   -2.0    6.4   0.60    4.3    7.0   -99.9
 'Wageningen' 27  1 1956    586.    0.7    1.3   0.55    6.3    0.0   -99.9
 'Wageningen' 28  1 1956   2052.   -2.2    2.9   0.52    2.5    0.2   -99.9
 'Wageningen' 29  1 1956   1424.   -0.1    2.6   0.67    2.5    8.9   -99.9
 'Wageningen' 30  1 1956    544.   -3.6   -3.4   0.44    4.3    0.0   -99.9
 'Wageningen' 31  1 1956   2596.  -11.0  -10.9   0.35   11.1    0.0   -99.9
 'Wageningen'  1  2 1956   6531.  -16.5   -6.5   0.20    2.5    0.0   -99.9
 'Wageningen'  2  2 1956   6741.  -17.0    2.1   0.32    1.2    0.0   -99.9
 'Wageningen'  3  2 1956   2721.   -9.8    0.0   0.51    1.2    0.3   -99.9
 'Wageningen'  4  2 1956   6364.   -6.1   -2.2   0.44    2.5    1.4   -99.9
 'Wageningen'  5  2 1956   1130.   -4.3   -0.7   0.47    2.5    0.5   -99.9
 'Wageningen'  6  2 1956   2638.   -2.4   -0.6   0.52    1.2    0.0   -99.9
 'Wageningen'  7  2 1956   2261.  -10.4    2.8   0.43    1.2    0.6   -99.9
 'Wageningen'  8  2 1956   1005.   -4.1    5.5   0.69    4.3    0.7   -99.9
 'Wageningen'  9  2 1956   6322.   -7.6   -4.1   0.35    6.3    0.0   -99.9
 'Wageningen' 10  2 1956   4019.  -11.1   -5.0   0.41    2.5    0.0   -99.9
 'Wageningen' 11  2 1956   7536.  -11.3   -1.2   0.37    4.3    0.1   -99.9
 'Wageningen' 12  2 1956   7076.  -10.9   -2.7   0.48    1.2    9.8   -99.9
 'Wageningen' 13  2 1956   7997.  -12.5   -5.3   0.37    2.5    0.2   -99.9
 'Wageningen' 14  2 1956   1424.  -14.6   -3.9   0.33    1.2    7.7   -99.9
 'Wageningen' 15  2 1956   6155.  -14.2   -7.2   0.28    2.5    0.0   -99.9
 'Wageningen' 16  2 1956   5778.  -24.5   -3.9   0.25    1.2    0.0   -99.9
 'Wageningen' 17  2 1956   6615.  -21.2   -5.0   0.33    1.2    0.3   -99.9
 'Wageningen' 18  2 1956   6741.  -13.9   -4.8   0.37    1.2    0.0   -99.9
 'Wageningen' 19  2 1956   6406.  -17.8   -4.2   0.39    1.2    0.8   -99.9
 'Wageningen' 20  2 1956   5443.  -10.9   -1.5   0.41    1.2    0.4   -99.9
 'Wageningen' 21  2 1956   7159.  -15.0   -4.4   0.43    1.2    0.1   -99.9
 'Wageningen' 22  2 1956   7829.  -19.1   -4.4   0.28    4.3    0.0   -99.9
 'Wageningen' 23  2 1956   8415.  -19.1   -2.0   0.25    1.2    0.0   -99.9
 'Wageningen' 24  2 1956   8081.  -15.0    2.8   0.43    1.2    0.0   -99.9
 'Wageningen' 25  2 1956  10509.  -11.7    3.7   0.44    2.5    0.0   -99.9
 'Wageningen' 26  2 1956  10886.  -11.2    3.6   0.65    2.5    0.2   -99.9
 'Wageningen' 27  2 1956   5108.   -1.0    3.8   0.69    1.2    0.2   -99.9
 'Wageningen' 28  2 1956   1633.    0.1    7.2   0.69    4.3    1.6   -99.9
 'Wageningen' 29  2 1956   1758.    2.9    8.2   0.83    2.5    4.6   -99.9
 'Wageningen'  1  3 1956   4647.    3.1   10.4   0.80    6.3    4.3   -99.9
 'Wageningen'  2  3 1956   3098.    6.1    9.6   0.98    2.5    5.0   -99.9
 'Wageningen'  3  3 1956   4982.    5.4    7.4   0.76    2.5   12.1   -99.9
 'Wageningen'  4  3 1956   4857.    3.2    5.6   0.82    6.3    2.3   -99.9
 'Wageningen'  5  3 1956   7369.    1.6    6.2   0.57    4.3    0.1   -99.9
 'Wageningen'  6  3 1956   2638.    1.6    6.0   0.77    6.3    8.3   -99.9
 'Wageningen'  7  3 1956   8834.    0.2    5.3   0.44    6.3    0.0   -99.9
 'Wageningen'  8  3 1956   7034.   -1.4    5.8   0.44    1.2    0.0   -99.9
 'Wageningen'  9  3 1956  11430.   -1.2    6.7   0.44    1.2    0.0   -99.9
 'Wageningen' 10  3 1956  11932.   -1.0    5.9   0.37    2.5    0.0   -99.9
 'Wageningen' 11  3 1956  14193.   -2.0    3.7   0.48    4.3    0.0   -99.9
 'Wageningen' 12  3 1956  12812.   -3.3    6.2   0.45    4.3    0.0   -99.9
 'Wageningen' 13  3 1956  12477.   -3.8    3.8   0.76    4.3    0.5   -99.9
 'Wageningen' 14  3 1956   6490.   -1.4    4.1   0.69    1.2    0.7   -99.9
 'Wageningen' 15  3 1956   7536.   -0.8    5.1   0.55    2.5    0.2   -99.9
 'Wageningen' 16  3 1956   6113.   -1.7   11.8   0.57    1.2    0.0   -99.9
 'Wageningen' 17  3 1956   6615.    0.7   11.9   0.84    1.2    0.0   -99.9
 'Wageningen' 18  3 1956  12309.    1.3   10.4   0.76    2.5    0.0   -99.9
 'Wageningen' 19  3 1956   8290.    2.3   10.1   0.73    4.3    1.5   -99.9
 'Wageningen' 20  3 1956   5192.    4.8   15.3   0.82    2.5    0.0   -99.9
 'Wageningen' 21  3 1956   9839.    5.0   13.2   0.84    4.3    0.0   -99.9
 'Wageningen' 22  3 1956   6950.    7.0   15.8   0.92    4.3    0.0   -99.9
 'Wageningen' 23  3 1956  11597.    4.6   20.1   0.90    1.2    0.0   -99.9
 'Wageningen' 24  3 1956  12770.    5.1   16.5   0.94    2.5    0.0   -99.9
 'Wageningen' 25  3 1956   5527.    8.3   14.4   1.08    1.2    0.0   -99.9
 'Wageningen' 26  3 1956   7327.    6.1   14.1   0.89    2.5    0.1   -99.9
 'Wageningen' 27  3 1956  12560.    2.6   12.0   0.85    2.5    0.0   -99.9
 'Wageningen' 28  3 1956  11304.    3.0   17.4   0.70    6.3    0.0   -99.9
 'Wageningen' 29  3 1956  13607.    5.3   13.9   0.98    1.2    0.0   -99.9
 'Wageningen' 30  3 1956  10634.    5.5   12.0   1.04    4.3    0.0   -99.9
 'Wageningen' 31  3 1956   5443.    3.9    7.8   0.90    1.2    0.0   -99.9
 'Wageningen'  1  4 1956   6364.    2.9    6.3   0.86    4.3    0.0   -99.9
 'Wageningen'  2  4 1956   3768.    0.7   11.7   0.68    2.5    0.0   -99.9
 'Wageningen'  3  4 1956  11011.   -0.9    8.0   0.89    4.3    1.2   -99.9
 'Wageningen'  4  4 1956  11807.    1.3    5.2   0.74    4.3    1.8   -99.9
 'Wageningen'  5  4 1956   4354.   -0.8    6.0   0.67    1.2    7.8   -99.9
 'Wageningen'  6  4 1956  19050.   -1.7    8.5   0.45    6.3    1.5   -99.9
 'Wageningen'  7  4 1956  19720.   -3.7   12.2   0.45    1.2    0.7   -99.9
 'Wageningen'  8  4 1956  10886.    4.0   13.4   0.69    4.3    0.0   -99.9
 'Wageningen'  9  4 1956   9420.    5.3   16.8   0.93    4.3    0.0   -99.9
 'Wageningen' 10  4 1956  16454.    4.3   13.3   0.92    8.6    3.0   -99.9
 'Wageningen' 11  4 1956   9588.    3.9   12.1   0.77    2.5    0.2   -99.9
 'Wageningen' 12  4 1956  16161.    1.4   13.6   0.84    1.2    7.0   -99.9
 'Wageningen' 13  4 1956   5945.    5.7   10.6   1.10    2.5   17.1   -99.9
 'Wageningen' 14  4 1956   6573.    5.8    6.9   1.00    2.5    0.2   -99.9
 'Wageningen' 15  4 1956   3349.    4.6    9.4   0.76    2.5    0.1   -99.9
 'Wageningen' 16  4 1956  14026.    2.0    8.8   0.72    1.2    0.0   -99.9
 'Wageningen' 17  4 1956  13858.    1.0    8.0   0.63    2.5    0.2   -99.9
 'Wageningen' 18  4 1956  12602.    0.1    8.9   0.69    2.5    3.0   -99.9
 'Wageningen' 19  4 1956  11137.   -0.8    8.8   0.67    2.5    0.1   -99.9
 'Wageningen' 20  4 1956  11304.   -1.1   11.0   0.68    2.5    0.0   -99.9
 'Wageningen' 21  4 1956  14444.    1.4   13.8   0.85    2.5    0.0   -99.9
 'Wageningen' 22  4 1956  23111.    1.4   10.8   0.64    2.5    0.0   -99.9
 'Wageningen' 23  4 1956  13858.    1.0   10.2   0.67    1.2    0.0   -99.9
 'Wageningen' 24  4 1956  13314.   -1.2    9.8   0.74    1.2    0.2   -99.9
 'Wageningen' 25  4 1956  10258.    2.3   13.9   0.61    1.2    0.9   -99.9
 'Wageningen' 26  4 1956  20348.    2.7   15.1   0.73    1.2    0.0   -99.9
 'Wageningen' 27  4 1956  15072.    4.0   13.5   0.98    2.5    0.0   -99.9
 'Wageningen' 28  4 1956  10802.    4.4    9.1   1.02    4.3    5.1   -99.9
 'Wageningen' 29  4 1956   6155.    6.0    9.5   0.86    4.3    0.0   -99.9
 'Wageningen' 30  4 1956  11430.    4.5   11.4   0.97   16.7    1.6   -99.9
 'Wageningen'  1  5 1956   8876.    4.6   17.8   0.88    2.5    0.0   -99.9
 'Wageningen'  2  5 1956  18673.    0.0   19.3   1.10    1.2    0.0   -99.9
 'Wageningen'  3  5 1956  20934.    6.6   20.3   0.81    2.5    0.0   -99.9
 'Wageningen'  4  5 1956  16287.    6.9   22.6   1.12    1.2    0.0   -99.9
 'Wageningen'  5  5 1956  21646.    9.3   24.8   1.30    1.2    0.0   -99.9
 'Wageningen'  6  5 1956  20515.   10.2   21.9   1.24    1.2    0.0   -99.9
 'Wageningen'  7  5 1956  21981.   11.0   18.4   1.22    4.3    0.0   -99.9
 'Wageningen'  8  5 1956  22274.    8.6   22.1   1.20    4.3    0.0   -99.9
 'Wageningen'  9  5 1956  16119.    7.0   16.9   1.54    2.5    1.7   -99.9
 'Wageningen' 10  5 1956  14528.    8.8   16.6   0.85    4.3    4.9   -99.9
 'Wageningen' 11  5 1956  10676.    6.6   14.3   1.08    2.5    3.2   -99.9
 'Wageningen' 12  5 1956  16119.    8.3   17.9   1.06    4.3    0.0   -99.9
 'Wageningen' 13  5 1956  18548.    5.8   17.7   1.05    1.2    0.0   -99.9
 'Wageningen' 14  5 1956  14403.    6.6   17.9   1.02    4.3    1.1   -99.9
 'Wageningen' 15  5 1956  19887.    4.9   19.0   1.04    4.3    0.0   -99.9
 'Wageningen' 16  5 1956  17961.    6.8   15.3   1.50    4.3    2.6   -99.9
 'Wageningen' 17  5 1956  19134.    8.8   13.5   0.77    4.3    0.0   -99.9
 'Wageningen' 18  5 1956  18548.    2.9   12.4   0.70    4.3    1.9   -99.9
 'Wageningen' 19  5 1956  22190.    2.2   14.1   0.77    4.3    0.3   -99.9
 'Wageningen' 20  5 1956  16245.    2.4   17.7   0.90    1.2    0.3   -99.9
 'Wageningen' 21  5 1956  23446.    3.7   23.0   0.86    1.2    0.0   -99.9
 'Wageningen' 22  5 1956  25456.    6.1   23.8   0.96    2.5    0.0   -99.9
 'Wageningen' 23  5 1956  21813.   10.6   24.5   1.04    4.3    0.0   -99.9
 'Wageningen' 24  5 1956  19427.   10.9   21.6   0.89    1.2    8.7   -99.9
 'Wageningen' 25  5 1956   1172.   11.0   14.1   1.30    4.3   10.5   -99.9
 'Wageningen' 26  5 1956   6908.    9.0   20.0   1.18    2.5    0.0   -99.9
 'Wageningen' 27  5 1956  27758.    6.2   26.7   1.10    1.2    0.0   -99.9
 'Wageningen' 28  5 1956  24911.    9.3   25.8   1.57    4.3    0.9   -99.9
 'Wageningen' 29  5 1956   9881.   16.8   17.5   2.07    1.2    6.3   -99.9
 'Wageningen' 30  5 1956   6322.   13.8   16.1   1.57    1.2    0.7   -99.9
 'Wageningen' 31  5 1956   3349.   12.0   17.6   1.43    1.2    7.0   -99.9
 'Wageningen'  1  6 1956  18171.    9.6   22.3   1.13    2.5    0.0   -99.9
 'Wageningen'  2  6 1956  22944.    8.1   19.8   1.29    2.5    2.0   -99.9
 'Wageningen'  3  6 1956  15742.   11.6   20.8   1.28    4.3    1.2   -99.9
 'Wageningen'  4  6 1956  11514.   12.7   19.2   1.60    2.5    1.8   -99.9
 'Wageningen'  5  6 1956  22651.   10.5   20.9   1.10    4.3    0.0   -99.9
 'Wageningen'  6  6 1956  15491.    7.1   18.7   1.54    2.5    0.0   -99.9
 'Wageningen'  7  6 1956  10928.   11.1   16.4   1.45    4.3    2.0   -99.9
 'Wageningen'  8  6 1956  16622.    8.3   16.6   1.10    2.5    2.2   -99.9
 'Wageningen'  9  6 1956  10383.    8.4   17.2   1.21    2.5    3.6   -99.9
 'Wageningen' 10  6 1956   5401.   11.4   14.2   1.68    1.2    8.1   -99.9
 'Wageningen' 11  6 1956   1256.   11.5   18.1   1.44    2.5   24.2   -99.9
 'Wageningen' 12  6 1956  16035.   11.6   16.2   1.73    2.5    0.1   -99.9
 'Wageningen' 13  6 1956  21813.   11.8   16.1   1.05    6.3    0.0   -99.9
 'Wageningen' 14  6 1956  15156.    7.9   16.0   1.06    2.5    1.3   -99.9
 'Wageningen' 15  6 1956  21813.    7.0   17.0   0.93    4.3    3.0   -99.9
 'Wageningen' 16  6 1956  19887.    5.5   15.8   1.00    1.2    2.8   -99.9
 'Wageningen' 17  6 1956   4982.   10.3   15.3   1.54    1.2    5.0   -99.9
 'Wageningen' 18  6 1956   9337.   12.3   17.2   1.29    4.3    0.1   -99.9
 'Wageningen' 19  6 1956   7578.    8.4   15.7   1.56    2.5    1.8   -99.9
 'Wageningen' 20  6 1956  13523.   11.1   15.7   1.42    4.3    1.0   -99.9
 'Wageningen' 21  6 1956  23446.    7.6   14.8   0.90    4.3    0.0   -99.9
 'Wageningen' 22  6 1956  17961.    9.4   17.2   1.12    4.3    0.0   -99.9
 'Wageningen' 23  6 1956  26042.   10.4   15.2   1.26    4.3    0.1   -99.9
 'Wageningen' 24  6 1956  12560.   11.2   14.5   1.20    6.3    0.0   -99.9
 'Wageningen' 25  6 1956   7285.    8.7   19.8   1.26    2.5    0.0   -99.9
 'Wageningen' 26  6 1956  19971.   11.8   16.9   1.28    4.3    0.0   -99.9
 'Wageningen' 27  6 1956  16873.   10.2   15.2   1.17    4.3    0.0   -99.9
 'Wageningen' 28  6 1956   9337.    6.9   16.9   1.26    2.5    5.5   -99.9
 'Wageningen' 29  6 1956  10593.    9.6   21.8   1.21    1.2    4.3   -99.9
 'Wageningen' 30  6 1956  22316.   12.5   21.0   1.69    1.2    0.0   -99.9
 'Wageningen'  1  7 1956   9504.   14.1   22.1   1.69    1.2   15.2   -99.9
 'Wageningen'  2  7 1956  12100.   14.6   19.3   1.58    2.5    0.3   -99.9
 'Wageningen'  3  7 1956  10383.   11.6   20.7   1.60    2.5    6.7   -99.9
 'Wageningen'  4  7 1956  12435.   13.6   21.3   1.50    4.3    3.6   -99.9
 'Wageningen'  5  7 1956   9588.   15.3   19.8   1.86    6.3    1.6   -99.9
 'Wageningen'  6  7 1956  19678.   14.9   23.0   1.45    4.3    0.0   -99.9
 'Wageningen'  7  7 1956  12435.   12.0   25.8   0.90    2.5    0.0   -99.9
 'Wageningen'  8  7 1956  18338.   16.3   28.6   1.85    2.5    0.0   -99.9
 'Wageningen'  9  7 1956  18506.   16.3   18.1   1.96    1.2   25.9   -99.9
 'Wageningen' 10  7 1956   2470.   13.9   16.8   1.61    4.3   27.8   -99.9
 'Wageningen' 11  7 1956  18506.   12.9   14.8   1.34    6.3    0.0   -99.9
 'Wageningen' 12  7 1956   3433.   11.4   22.3   1.44    1.2    0.5   -99.9
 'Wageningen' 13  7 1956  13188.   13.0   24.0   1.96    1.2    0.0   -99.9
 'Wageningen' 14  7 1956  12979.   15.7   19.0   2.05    1.2   14.0   -99.9
 'Wageningen' 15  7 1956   5862.   16.0   21.2   1.70    2.5    0.2   -99.9
 'Wageningen' 16  7 1956  11891.   14.2   21.1   1.65    1.2    1.2   -99.9
 'Wageningen' 17  7 1956  15868.   19.4   24.2   1.70    1.2    0.0   -99.9
 'Wageningen' 18  7 1956  15575.   14.5   23.4   1.62    1.2   40.5   -99.9
 'Wageningen' 19  7 1956  11974.   15.9   20.7   1.85    1.2   16.3   -99.9
 'Wageningen' 20  7 1956  13607.   13.7   23.6   1.62    1.2    0.0   -99.9
 'Wageningen' 21  7 1956  19804.   14.0   19.2   1.78    1.2    0.0   -99.9
 'Wageningen' 22  7 1956  10258.   12.1   19.2   1.57    1.2    0.9   -99.9
 'Wageningen' 23  7 1956  12853.   12.1   19.8   1.46    2.5   10.6   -99.9
 'Wageningen' 24  7 1956   8457.   12.7   23.1   1.54    2.5    0.5   -99.9
 'Wageningen' 25  7 1956  16580.   11.1   24.7   1.80    4.3    0.0   -99.9
 'Wageningen' 26  7 1956  22106.   13.9   22.7   1.82    4.3    0.0   -99.9
 'Wageningen' 27  7 1956  22106.   14.3   20.8   1.72    2.5    0.9   -99.9
 'Wageningen' 28  7 1956   7201.   13.6   24.0   1.72    2.5    2.3   -99.9
 'Wageningen' 29  7 1956  14444.   15.8   18.4   1.80    4.3    0.7   -99.9
 'Wageningen' 30  7 1956  15491.   12.5   17.6   1.41    6.3    7.6   -99.9
 'Wageningen' 31  7 1956  14235.   11.9   17.7   1.18    4.3    1.0   -99.9
 'Wageningen'  1  8 1956  10509.   10.6   16.0   1.01    2.5   21.5   -99.9
 'Wageningen'  2  8 1956   5066.   12.1   17.3   1.50    8.6   11.1   -99.9
 'Wageningen'  3  8 1956  13523.   11.6   18.6   1.37    2.5    1.4   -99.9
 'Wageningen'  4  8 1956  19343.   11.3   18.0   1.28    2.5    0.0   -99.9
 'Wageningen'  5  8 1956  12351.    9.7   21.1   1.38    1.2    0.1   -99.9
 'Wageningen'  6  8 1956  16789.    6.8   18.8   1.44    1.2    0.0   -99.9
 'Wageningen'  7  8 1956  14570.   11.3   21.7   1.32    6.3    5.8   -99.9
 'Wageningen'  8  8 1956  21353.    9.1   23.7   1.61    2.5    0.0   -99.9
 'Wageningen'  9  8 1956  18841.   14.9   23.2   1.74    1.2    0.0   -99.9
 'Wageningen' 10  8 1956  12686.   14.3   20.6   1.66    4.3    0.0   -99.9
 'Wageningen' 11  8 1956   3391.   16.0   19.0   1.76    4.3    4.2   -99.9
 'Wageningen' 12  8 1956  16789.   10.3   19.7   1.30    4.3    0.0   -99.9
 'Wageningen' 13  8 1956  10969.   11.6   17.8   1.45    2.5    1.5   -99.9
 'Wageningen' 14  8 1956  14905.   11.3   18.2   1.16    8.6    1.6   -99.9
 'Wageningen' 15  8 1956  12560.   10.4   16.5   1.21    4.3    1.4   -99.9
 'Wageningen' 16  8 1956   3433.   12.7   19.5   1.56    2.5    2.7   -99.9
 'Wageningen' 17  8 1956   6364.   12.9   21.1   1.69    4.3    1.6   -99.9
 'Wageningen' 18  8 1956  10006.   13.7   19.1   1.74    6.3    3.7   -99.9
 'Wageningen' 19  8 1956   8457.   14.3   20.7   1.62    6.3    9.4   -99.9
 'Wageningen' 20  8 1956  16789.   10.6   18.7   1.46    2.5    0.0   -99.9
 'Wageningen' 21  8 1956  11262.    9.9   18.2   1.16    2.5    0.8   -99.9
 'Wageningen' 22  8 1956  13440.    6.0   18.1   1.20    1.2    0.0   -99.9
 'Wageningen' 23  8 1956  19510.    7.1   17.8   1.01    1.2    2.6   -99.9
 'Wageningen' 24  8 1956  15784.    9.9   16.8   1.18    4.3   21.3   -99.9
 'Wageningen' 25  8 1956  13816.   10.0   18.4   1.06    8.6    0.2   -99.9
 'Wageningen' 26  8 1956  11891.   11.8   16.8   1.37    6.3    5.5   -99.9
 'Wageningen' 27  8 1956   4647.   11.6   16.5   1.62    2.5    6.1   -99.9
 'Wageningen' 28  8 1956   9713.   11.2   18.9   1.29    2.5    1.4   -99.9
 'Wageningen' 29  8 1956  16538.    9.9   17.5   1.30    2.5    0.0   -99.9
 'Wageningen' 30  8 1956  13607.    8.9   17.0   1.18    1.2    0.0   -99.9
 'Wageningen' 31  8 1956  16538.    5.8   17.0   1.10    2.5    0.4   -99.9
 'Wageningen'  1  9 1956   5610.   10.0   18.2   1.33    2.5    0.6   -99.9
 'Wageningen'  2  9 1956   6364.   12.7   16.9   1.68    1.2    1.5   -99.9
 'Wageningen'  3  9 1956   3726.   13.0   16.8   1.48    2.5    4.7   -99.9
 'Wageningen'  4  9 1956   8709.    9.7   20.5   1.36    2.5    4.8   -99.9
 'Wageningen'  5  9 1956   6071.   11.0   21.2   1.85    2.5    2.2   -99.9
 'Wageningen'  6  9 1956  11639.   14.8   18.1   1.54    2.5    0.7   -99.9
 'Wageningen'  7  9 1956   7662.   11.9   18.7   1.52    4.3    2.7   -99.9
 'Wageningen'  8  9 1956   7955.   12.7   21.1   1.28    1.2    0.0   -99.9
 'Wageningen'  9  9 1956  11346.   10.0   17.7   1.60    1.2    0.1   -99.9
 'Wageningen' 10  9 1956   3266.   13.2   17.0   1.73    1.2    0.0   -99.9
 'Wageningen' 11  9 1956   6699.   13.5   16.3   1.60    4.3   14.0   -99.9
 'Wageningen' 12  9 1956   8415.   10.1   16.8   1.36    4.3    2.4   -99.9
 'Wageningen' 13  9 1956   3475.   11.0   19.7   1.45    2.5    2.1   -99.9
 'Wageningen' 14  9 1956   9839.    8.2   18.0   1.86    1.2    0.0   -99.9
 'Wageningen' 15  9 1956  15156.   11.0   18.3   1.26    2.5    0.0   -99.9
 'Wageningen' 16  9 1956  14361.    9.6   15.0   1.25    4.3    0.0   -99.9
 'Wageningen' 17  9 1956   5401.    5.8   18.0   1.29    2.5    0.0   -99.9
 'Wageningen' 18  9 1956   9420.   12.3   20.6   1.34    4.3    0.0   -99.9
 'Wageningen' 19  9 1956  14110.    9.8   21.6   1.06    2.5    0.0   -99.9
 'Wageningen' 20  9 1956  13816.    5.8   24.8   1.48    1.2    0.0   -99.9
 'Wageningen' 21  9 1956  11723.   12.5   25.4   1.88    1.2    0.0   -99.9
 'Wageningen' 22  9 1956  13607.   13.9   24.3   1.74    2.5    0.0   -99.9
 'Wageningen' 23  9 1956  12477.   13.6   23.8   1.56    1.2    0.0   -99.9
 'Wageningen' 24  9 1956  12853.   12.6   25.1   1.66    4.3    0.0   -99.9
 'Wageningen' 25  9 1956  11514.   12.6   20.7   2.01    2.5    0.0   -99.9
 'Wageningen' 26  9 1956   6448.   13.2   18.4   1.68    2.5    3.9   -99.9
 'Wageningen' 27  9 1956   6029.   11.9   17.9   1.50    2.5    0.6   -99.9
 'Wageningen' 28  9 1956   1717.   11.8   18.6   1.82    6.3    7.1   -99.9
 'Wageningen' 29  9 1956   9211.   12.2   18.6   1.42    4.3    0.0   -99.9
 'Wageningen' 30  9 1956   7871.    9.0   18.8   1.66    1.2    2.3   -99.9
 'Wageningen'  1 10 1956   9211.   13.4   17.4   1.53    1.2    5.5   -99.9
 'Wageningen'  2 10 1956   3726.   14.4   16.3   1.50    2.5    1.2   -99.9
 'Wageningen'  3 10 1956   9337.   10.9   13.1   1.32    4.3    1.2   -99.9
 'Wageningen'  4 10 1956   9127.    8.6    9.2   0.93    4.3    7.2   -99.9
 'Wageningen'  5 10 1956   3643.    5.8   11.7   0.92    2.5    9.8   -99.9
 'Wageningen'  6 10 1956   8583.    2.5   10.9   0.90    6.3    5.7   -99.9
 'Wageningen'  7 10 1956   7243.    5.0   12.5   0.92    2.5    2.7   -99.9
 'Wageningen'  8 10 1956   5778.    1.9   14.4   0.88    1.2    0.0   -99.9
 'Wageningen'  9 10 1956   4982.    9.0   13.7   1.20    1.2    0.0   -99.9
 'Wageningen' 10 10 1956   7411.    7.2   11.1   1.22    1.2    0.0   -99.9
 'Wageningen' 11 10 1956   5652.    6.3   10.1   1.14    1.2    0.0   -99.9
 'Wageningen' 12 10 1956   3559.    5.6   15.1   1.09    1.2    0.2   -99.9
 'Wageningen' 13 10 1956   7955.    9.9   12.6   1.26    4.3    0.1   -99.9
 'Wageningen' 14 10 1956   1926.   10.4   15.5   1.37    1.2    0.0   -99.9
 'Wageningen' 15 10 1956   7536.    8.7   17.9   1.14    4.3    0.1   -99.9
 'Wageningen' 16 10 1956   8415.    6.5   15.4   1.40    1.2    0.1   -99.9
 'Wageningen' 17 10 1956   2177.   11.5   14.9   1.41    4.3    8.1   -99.9
 'Wageningen' 18 10 1956   1340.   11.1   15.3   1.66    2.5   11.4   -99.9
 'Wageningen' 19 10 1956   6866.    8.2   14.1   1.22    1.2    0.0   -99.9
 'Wageningen' 20 10 1956   2135.   11.1   14.9   1.46    2.5    4.2   -99.9
 'Wageningen' 21 10 1956   2596.   10.2   13.6   1.45    1.2    0.1   -99.9
 'Wageningen' 22 10 1956   3433.    8.8   14.8   1.20    4.3    0.2   -99.9
 'Wageningen' 23 10 1956   3098.    7.9   14.8   1.38    2.5    0.0   -99.9
 'Wageningen' 24 10 1956   2847.   11.3   12.1   1.36    1.2    0.8   -99.9
 'Wageningen' 25 10 1956   6699.    4.9   10.0   0.81    4.3    3.6   -99.9
 'Wageningen' 26 10 1956   7201.    4.2    8.0   0.78    2.5    0.2   -99.9
 'Wageningen' 27 10 1956   3014.   -1.0    9.2   0.72   11.1    1.9   -99.9
 'Wageningen' 28 10 1956   5024.    5.5   10.0   0.86    4.3    2.5   -99.9
 'Wageningen' 29 10 1956   6196.    3.3    5.3   0.82    4.3    1.4   -99.9
 'Wageningen' 30 10 1956   1926.    3.2    5.4   0.74    4.3    0.8   -99.9
 'Wageningen' 31 10 1956   6448.    0.2    9.6   0.37    6.3    0.0   -99.9
 'Wageningen'  1 11 1956   6866.   -4.6    9.3   0.73    2.5    1.2   -99.9
 'Wageningen'  2 11 1956   1717.    4.0    9.8   1.09    1.2    4.7   -99.9
 'Wageningen'  3 11 1956   2345.    1.8   11.0   1.09    1.2    2.1   -99.9
 'Wageningen'  4 11 1956   3517.    7.0   11.0   0.96    4.3    1.6   -99.9
 'Wageningen'  5 11 1956   2680.    7.3   11.0   0.90    2.5    1.8   -99.9
 'Wageningen'  6 11 1956   1926.    5.7    9.0   1.02    4.3    0.1   -99.9
 'Wageningen'  7 11 1956   4145.    6.5   10.7   1.06    2.5    0.0   -99.9
 'Wageningen'  8 11 1956   6113.    2.8   13.0   0.84    4.3    0.0   -99.9
 'Wageningen'  9 11 1956   5443.    2.6   10.6   0.94    4.3    1.0   -99.9
 'Wageningen' 10 11 1956   1758.    7.8    9.3   1.06    2.5    0.2   -99.9
 'Wageningen' 11 11 1956    754.    5.8    8.8   1.12    1.2    8.7   -99.9
 'Wageningen' 12 11 1956   1842.    4.6    6.2   1.06    1.2    0.0   -99.9
 'Wageningen' 13 11 1956    586.    0.8    6.1   0.90    1.2    0.3   -99.9
 'Wageningen' 14 11 1956    754.    5.0    9.8   0.86    2.5    3.2   -99.9
 'Wageningen' 15 11 1956   5066.    2.2    9.7   0.82    2.5    0.8   -99.9
 'Wageningen' 16 11 1956   3140.    6.6    8.9   1.04    2.5    0.5   -99.9
 'Wageningen' 17 11 1956   2345.    6.1    8.9   0.86    1.2    0.0   -99.9
 'Wageningen' 18 11 1956   3182.    3.0    7.3   0.88    0.1    0.0   -99.9
 'Wageningen' 19 11 1956    879.    2.8    2.8   0.82    4.3    0.0   -99.9
 'Wageningen' 20 11 1956   3894.   -0.6    4.5   0.52    6.3    0.0   -99.9
 'Wageningen' 21 11 1956   4940.   -2.9    2.7   0.70    1.2    0.0   -99.9
 'Wageningen' 22 11 1956   4438.   -3.0    0.1   0.37    4.3    0.0   -99.9
 'Wageningen' 23 11 1956   2554.   -3.6   -0.4   0.52    2.5    0.0   -99.9
 'Wageningen' 24 11 1956   1633.   -5.2    7.3   0.41    1.2    0.3   -99.9
 'Wageningen' 25 11 1956    335.   -4.6    9.6   0.77   11.1    5.4   -99.9
 'Wageningen' 26 11 1956    586.    6.7    9.8   1.02    8.6    7.3   -99.9
 'Wageningen' 27 11 1956   3224.    6.6    6.7   0.76   11.1    2.8   -99.9
 'Wageningen' 28 11 1956   2135.    3.0    5.3   0.73    6.3    9.2   -99.9
 'Wageningen' 29 11 1956   2847.    0.7    4.8   0.70    4.3    0.9   -99.9
 'Wageningen' 30 11 1956   4522.   -0.2    3.2   0.63    4.3    0.0   -99.9
 'Wageningen'  1 12 1956    879.   -1.6    8.0   0.73    2.5    1.8   -99.9
 'Wageningen'  2 12 1956   1507.    3.0   10.0   0.89    6.3    0.0   -99.9
 'Wageningen'  3 12 1956    419.    8.2    9.9   1.12    4.3    1.9   -99.9
 'Wageningen'  4 12 1956    335.    8.6    9.8   1.06    4.3    0.0   -99.9
 'Wageningen'  5 12 1956    837.    8.2   10.3   0.98    6.3    5.2   -99.9
 'Wageningen'  6 12 1956    795.    7.4    9.8   1.02    4.3    0.4   -99.9
 'Wageningen'  7 12 1956    335.    4.5   10.3   1.17    1.2    3.0   -99.9
 'Wageningen'  8 12 1956   1047.    7.4    8.6   1.16    1.2    0.8   -99.9
 'Wageningen'  9 12 1956    251.    6.9    8.1   1.01    2.5    0.4   -99.9
 'Wageningen' 10 12 1956    586.    6.8    8.3   1.01    1.2    0.1   -99.9
 'Wageningen' 11 12 1956    628.    6.8   11.4   0.96    6.3   12.1   -99.9
 'Wageningen' 12 12 1956    335.    7.9   11.8   1.12    6.3    4.0   -99.9
 'Wageningen' 13 12 1956   2345.    3.6    9.3   0.88    6.3    4.6   -99.9
 'Wageningen' 14 12 1956   1549.    4.2   10.5   0.90    4.3    5.2   -99.9
 'Wageningen' 15 12 1956   1172.    8.0   12.8   1.02    4.3    3.0   -99.9
 'Wageningen' 16 12 1956   1130.   10.6   12.8   1.08    8.6    2.2   -99.9
 'Wageningen' 17 12 1956   2303.    8.8   10.3   0.89    4.3    0.3   -99.9
 'Wageningen' 18 12 1956   2638.    6.5    7.9   0.90    2.5    0.0   -99.9
 'Wageningen' 19 12 1956    670.    5.1    6.3   0.98    1.2    0.1   -99.9
 'Wageningen' 20 12 1956    293.    4.3    4.9   0.82    1.2    1.4   -99.9
 'Wageningen' 21 12 1956    628.   -0.1    5.1   0.53    1.2    1.5   -99.9
 'Wageningen' 22 12 1956   2303.    0.2    3.2   0.67    2.5    0.0   -99.9
 'Wageningen' 23 12 1956   2177.   -1.0    0.9   0.59    1.2    0.0   -99.9
 'Wageningen' 24 12 1956   1047.   -1.3   -0.5   0.57    1.2    0.2   -99.9
 'Wageningen' 25 12 1956    963.   -3.6   -1.2   0.48    1.2    0.0   -99.9
 'Wageningen' 26 12 1956   2345.   -4.6    1.2   0.47    6.3    0.4   -99.9
 'Wageningen' 27 12 1956    461.   -3.0    1.6   0.61    4.3    0.2   -99.9
 'Wageningen' 28 12 1956   2303.   -1.0    4.1   0.56    2.5    0.0   -99.9
 'Wageningen' 29 12 1956    963.   -0.7    4.6   0.73    2.5    2.0   -99.9
 'Wageningen' 30 12 1956   1675.    0.6    3.7   0.68    4.3    0.0   -99.9
 'Wageningen' 31 12 1956   2596.    0.0    3.8   0.63    1.2    0.0   -99.9
