***************************************************************************
* File name: Wageni.955
* Contents: SWAP  3.0 - Meteo data of Wageningen weather station                
***************************************************************************     
* Comment area:                                                                 
*                                                                               
*                                                                               
***************************************************************************     
    Station   DD MM YYYY     RAD   Tmin   Tmax    HUM   WIND   RAIN   ETref     
*             nr nr   nr   kJ/m2      C      C    kPa    m/s     mm      mm     
 'Wageningen'  1  1 1955    712.   -0.7    1.4   0.59    2.5    0.0   -99.9
 'Wageningen'  2  1 1955   1005.   -1.8    0.8   0.48    2.5    0.0   -99.9
 'Wageningen'  3  1 1955    544.   -1.5   -0.8   0.47    4.3    0.0   -99.9
 'Wageningen'  4  1 1955   2638.   -2.7   -1.1   0.44    6.3    0.0   -99.9
 'Wageningen'  5  1 1955   1005.   -2.6    0.0   0.44    4.3    0.3   -99.9
 'Wageningen'  6  1 1955   1507.   -2.3   -0.8   0.59    1.2    0.0   -99.9
 'Wageningen'  7  1 1955   2177.   -4.5   -3.0   0.44    2.5    0.0   -99.9
 'Wageningen'  8  1 1955    544.   -4.6   -2.0   0.29    1.2    0.0   -99.9
 'Wageningen'  9  1 1955    335.   -3.6    1.4   0.45    1.2    0.0   -99.9
 'Wageningen' 10  1 1955   1842.   -3.4    8.7   0.49    6.3    7.4   -99.9
 'Wageningen' 11  1 1955    963.    0.0    0.6   0.73    1.2    4.9   -99.9
 'Wageningen' 12  1 1955   2177.   -2.5    1.1   0.57    1.2    0.0   -99.9
 'Wageningen' 13  1 1955   2470.   -1.6   -0.5   0.53    4.3    5.2   -99.9
 'Wageningen' 14  1 1955   1465.   -4.4   -1.8   0.57    2.5    0.0   -99.9
 'Wageningen' 15  1 1955   1926.   -5.6    7.5   0.53    1.2    3.2   -99.9
 'Wageningen' 16  1 1955   1005.   -0.8    7.9   0.94    1.2   20.6   -99.9
 'Wageningen' 17  1 1955   3098.   -2.9    1.2   0.47    4.3    1.5   -99.9
 'Wageningen' 18  1 1955   1424.   -2.7    2.0   0.63    6.3    8.1   -99.9
 'Wageningen' 19  1 1955   4480.   -1.4   -1.3   0.57    4.3    0.0   -99.9
 'Wageningen' 20  1 1955   2177.   -7.5    2.1   0.55    1.2    0.0   -99.9
 'Wageningen' 21  1 1955   1800.   -3.3    2.7   0.57    2.5    2.2   -99.9
 'Wageningen' 22  1 1955   1298.   -1.1    3.8   0.73    2.5    3.2   -99.9
 'Wageningen' 23  1 1955   1382.   -0.5   -0.5   0.63    2.5    0.0   -99.9
 'Wageningen' 24  1 1955   1549.   -3.5    0.7   0.55    2.5    0.0   -99.9
 'Wageningen' 25  1 1955    879.   -1.9    1.2   0.64    2.5    0.5   -99.9
 'Wageningen' 26  1 1955   1047.   -1.9    3.0   0.55    4.3    0.0   -99.9
 'Wageningen' 27  1 1955   3266.   -0.8    9.0   0.67    2.5    0.0   -99.9
 'Wageningen' 28  1 1955   3308.    1.2   10.9   0.86    1.2    0.0   -99.9
 'Wageningen' 29  1 1955   3852.    2.1    8.3   0.97    1.2    0.0   -99.9
 'Wageningen' 30  1 1955   2010.    2.5   10.2   0.92    1.2    3.1   -99.9
 'Wageningen' 31  1 1955   2428.    4.5    9.6   1.06    2.5    0.3   -99.9
 'Wageningen'  1  2 1955   2512.    5.1    7.5   0.93    2.5    0.0   -99.9
 'Wageningen'  2  2 1955   1633.    3.3    8.3   0.96    2.5    4.9   -99.9
 'Wageningen'  3  2 1955   1968.    4.1    6.7   0.85    6.3    5.0   -99.9
 'Wageningen'  4  2 1955   2303.    3.4    6.4   0.82    2.5   10.2   -99.9
 'Wageningen'  5  2 1955   2763.    4.5    5.6   0.80    2.5    0.3   -99.9
 'Wageningen'  6  2 1955   3684.    0.3    2.5   0.68    4.3    1.7   -99.9
 'Wageningen'  7  2 1955   1465.    0.3    9.5   0.63    6.3   10.7   -99.9
 'Wageningen'  8  2 1955   2638.    0.7    6.9   0.93    8.6    0.1   -99.9
 'Wageningen'  9  2 1955   3726.    3.6    4.0   0.52    6.3    3.2   -99.9
 'Wageningen' 10  2 1955   4815.    0.5    3.8   0.59    4.3    1.7   -99.9
 'Wageningen' 11  2 1955   5234.   -0.8    1.6   0.60    4.3    0.9   -99.9
 'Wageningen' 12  2 1955   2428.   -0.8    0.2   0.61    4.3    2.7   -99.9
 'Wageningen' 13  2 1955   3726.   -2.2    2.5   0.52    4.3    0.3   -99.9
 'Wageningen' 14  2 1955   2470.   -8.1    1.2   0.63    4.3    2.1   -99.9
 'Wageningen' 15  2 1955   6866.   -5.2    1.8   0.36    1.2    0.2   -99.9
 'Wageningen' 16  2 1955   2512.   -6.7    1.3   0.64    8.6    2.4   -99.9
 'Wageningen' 17  2 1955   8960.   -4.9    2.2   0.53    4.3    0.7   -99.9
 'Wageningen' 18  2 1955   6992.   -8.3    2.8   0.49    2.5    0.1   -99.9
 'Wageningen' 19  2 1955   4899.   -3.2   -0.6   0.61    2.5    0.0   -99.9
 'Wageningen' 20  2 1955   3391.   -3.6   -0.7   0.52    4.3    0.5   -99.9
 'Wageningen' 21  2 1955   5652.   -7.6    1.0   0.52    6.3    0.0   -99.9
 'Wageningen' 22  2 1955   8918.   -8.6    2.0   0.55    4.3    0.0   -99.9
 'Wageningen' 23  2 1955   3894.   -4.6    2.0   0.51    2.5    0.0   -99.9
 'Wageningen' 24  2 1955   5778.   -4.4    0.2   0.37    4.3    0.0   -99.9
 'Wageningen' 25  2 1955   4145.   -4.4    0.0   0.53    4.3    0.0   -99.9
 'Wageningen' 26  2 1955  10048.   -7.3    1.9   0.60    6.3    0.0   -99.9
 'Wageningen' 27  2 1955  10886.   -9.7   -0.2   0.37    4.3    0.0   -99.9
 'Wageningen' 28  2 1955   7704.   -6.1    2.5   0.52    2.5    0.0   -99.9
 'Wageningen'  1  3 1955  11388.   -7.6    6.9   0.51    1.2    0.0   -99.9
 'Wageningen'  2  3 1955  11304.   -6.2    7.7   0.53    2.5    0.0   -99.9
 'Wageningen'  3  3 1955  10509.   -3.1    5.7   0.45    1.2    0.0   -99.9
 'Wageningen'  4  3 1955   8457.   -2.2    4.2   0.61    6.3    0.2   -99.9
 'Wageningen'  5  3 1955   4815.    0.6    5.5   0.64    0.1    2.3   -99.9
 'Wageningen'  6  3 1955  10467.   -0.9    1.9   0.45    4.3    1.5   -99.9
 'Wageningen'  7  3 1955   3098.   -1.0    0.1   0.57    2.5    0.9   -99.9
 'Wageningen'  8  3 1955   3601.   -4.9    3.0   0.52    1.2    1.3   -99.9
 'Wageningen'  9  3 1955   8709.   -6.8    4.2   0.67    2.5    0.0   -99.9
 'Wageningen' 10  3 1955  12686.   -4.3    5.2   0.69    2.5    0.0   -99.9
 'Wageningen' 11  3 1955  13272.   -5.0    4.1   0.41    4.3    0.0   -99.9
 'Wageningen' 12  3 1955  13733.   -3.1    5.1   0.52    6.3    0.0   -99.9
 'Wageningen' 13  3 1955   9295.   -3.8    7.3   0.52    1.2    0.0   -99.9
 'Wageningen' 14  3 1955  13188.   -2.6    8.4   0.52    4.3    0.1   -99.9
 'Wageningen' 15  3 1955   5275.    2.3    8.1   0.74    1.2    0.0   -99.9
 'Wageningen' 16  3 1955   4522.    3.5    4.8   0.77    4.3    4.0   -99.9
 'Wageningen' 17  3 1955   8625.   -0.9    4.2   0.57    6.3    2.0   -99.9
 'Wageningen' 18  3 1955   9462.    0.0    1.8   0.51    4.3    5.5   -99.9
 'Wageningen' 19  3 1955   4103.   -3.1    4.2   0.57    2.5    4.7   -99.9
 'Wageningen' 20  3 1955  13356.   -5.4    1.7   0.56    1.2    0.1   -99.9
 'Wageningen' 21  3 1955   7787.   -2.0    7.1   0.53    4.3    0.0   -99.9
 'Wageningen' 22  3 1955   8499.   -2.1   13.4   0.68    2.5    3.0   -99.9
 'Wageningen' 23  3 1955   4061.    2.4   17.5   1.08    6.3    6.7   -99.9
 'Wageningen' 24  3 1955   8960.    7.2   15.4   1.12    6.3    0.4   -99.9
 'Wageningen' 25  3 1955   7997.    5.1   17.1   1.20    1.2    1.6   -99.9
 'Wageningen' 26  3 1955   4815.    9.6   12.2   1.13    2.5    2.1   -99.9
 'Wageningen' 27  3 1955   3768.    3.0    7.7   0.65    8.6    0.1   -99.9
 'Wageningen' 28  3 1955  13858.   -3.2    5.2   0.59    2.5    0.0   -99.9
 'Wageningen' 29  3 1955  10383.   -2.8    7.0   0.47    4.3    0.7   -99.9
 'Wageningen' 30  3 1955  15868.   -1.0    8.9   0.41    4.3    0.1   -99.9
 'Wageningen' 31  3 1955   8206.   -4.5    7.6   0.61    4.3    0.5   -99.9
 'Wageningen'  1  4 1955  10425.    3.2   11.1   0.56    4.3    0.0   -99.9
 'Wageningen'  2  4 1955  15240.    0.0    9.6   0.68    2.5    0.5   -99.9
 'Wageningen'  3  4 1955   4940.    3.0   13.0   0.85    4.3    5.4   -99.9
 'Wageningen'  4  4 1955   6448.    6.4   14.2   1.02    2.5    1.8   -99.9
 'Wageningen'  5  4 1955   8081.    7.2   20.4   1.06    4.3    0.0   -99.9
 'Wageningen'  6  4 1955  15240.    8.7   15.6   1.02    1.2    1.8   -99.9
 'Wageningen'  7  4 1955  10928.    7.8   11.1   0.97    2.5    0.5   -99.9
 'Wageningen'  8  4 1955   1591.    7.0   10.9   1.21    2.5    6.1   -99.9
 'Wageningen'  9  4 1955   4438.    6.9   10.5   1.10    4.3    0.5   -99.9
 'Wageningen' 10  4 1955   4773.    5.7   12.5   1.04    1.2    5.0   -99.9
 'Wageningen' 11  4 1955  10425.    5.9   16.1   0.93    4.3    0.0   -99.9
 'Wageningen' 12  4 1955  14444.    3.7   13.4   1.01    2.5    0.0   -99.9
 'Wageningen' 13  4 1955  18171.    9.4    9.4   0.69    4.3    0.0   -99.9
 'Wageningen' 14  4 1955   7829.    3.2   11.5   0.72    4.3    0.3   -99.9
 'Wageningen' 15  4 1955  18589.    2.1   10.5   0.86    4.3    0.0   -99.9
 'Wageningen' 16  4 1955  11723.   -0.2   13.3   0.67    2.5    0.0   -99.9
 'Wageningen' 17  4 1955  21562.    0.0   11.3   0.74    4.3    0.0   -99.9
 'Wageningen' 18  4 1955  19510.    0.1   12.0   0.88    4.3    0.0   -99.9
 'Wageningen' 19  4 1955  22316.   -1.7   12.9   0.61    4.3    0.0   -99.9
 'Wageningen' 20  4 1955  12058.    4.1    9.7   0.81    4.3    0.0   -99.9
 'Wageningen' 21  4 1955  15868.    5.3   10.9   0.59    4.3    0.0   -99.9
 'Wageningen' 22  4 1955  18631.    2.9   12.3   0.55    1.2    0.0   -99.9
 'Wageningen' 23  4 1955   6699.    5.2    8.3   1.00    2.5    1.9   -99.9
 'Wageningen' 24  4 1955  15784.    4.3   10.1   0.77    6.3    0.6   -99.9
 'Wageningen' 25  4 1955  22441.   -1.3   16.4   0.45    2.5    0.0   -99.9
 'Wageningen' 26  4 1955  15114.    2.2   17.2   0.52    4.3    0.0   -99.9
 'Wageningen' 27  4 1955  12770.    4.7   21.5   1.09    2.5    0.0   -99.9
 'Wageningen' 28  4 1955  15491.    9.7   27.1   1.14    4.3    0.0   -99.9
 'Wageningen' 29  4 1955  21729.    7.1   23.5   0.98    2.5    0.0   -99.9
 'Wageningen' 30  4 1955  19385.   12.1   22.7   1.26    2.5   13.5   -99.9
 'Wageningen'  1  5 1955  16915.   11.0   17.2   1.58    4.3    4.9   -99.9
 'Wageningen'  2  5 1955  10258.    9.5   14.7   1.06    6.3    2.9   -99.9
 'Wageningen'  3  5 1955  15072.    7.3   16.2   0.94    6.3    4.6   -99.9
 'Wageningen'  4  5 1955  14612.    9.8   17.0   1.02    6.3    0.0   -99.9
 'Wageningen'  5  5 1955  18757.   10.0   16.8   0.77    8.6    0.0   -99.9
 'Wageningen'  6  5 1955  12435.    8.7   14.2   1.33    6.3    4.9   -99.9
 'Wageningen'  7  5 1955  13188.    7.5   16.8   0.92    4.3    0.0   -99.9
 'Wageningen'  8  5 1955  18715.    5.2   20.9   0.85    2.5    0.0   -99.9
 'Wageningen'  9  5 1955  16161.    8.7   15.3   1.37    4.3    3.9   -99.9
 'Wageningen' 10  5 1955  15366.    9.8   11.8   1.09    4.3    2.2   -99.9
 'Wageningen' 11  5 1955  22776.    4.3   15.1   0.48    4.3    0.3   -99.9
 'Wageningen' 12  5 1955  16831.    3.1   16.9   0.68    4.3    0.2   -99.9
 'Wageningen' 13  5 1955   7662.    6.8   15.4   1.22    6.3    6.2   -99.9
 'Wageningen' 14  5 1955  13481.    6.4   11.8   0.84    2.5    5.9   -99.9
 'Wageningen' 15  5 1955  18171.    4.0   12.0   0.76    4.3    1.1   -99.9
 'Wageningen' 16  5 1955  13942.    4.3   16.3   0.96    8.6    7.7   -99.9
 'Wageningen' 17  5 1955   6531.    6.6   12.2   1.36    1.2   26.2   -99.9
 'Wageningen' 18  5 1955   9923.    4.8   11.7   0.76   13.8    6.9   -99.9
 'Wageningen' 19  5 1955  16831.    3.8   10.1   0.74    4.3    0.8   -99.9
 'Wageningen' 20  5 1955  17626.    1.9   10.9   0.74    2.5    1.9   -99.9
 'Wageningen' 21  5 1955  22734.    2.9   10.1   0.73    4.3    1.3   -99.9
 'Wageningen' 22  5 1955  12393.    0.9   15.9   0.69    6.3    0.2   -99.9
 'Wageningen' 23  5 1955  12728.    1.9   16.9   1.14    4.3    0.4   -99.9
 'Wageningen' 24  5 1955   7494.    9.0   16.7   1.32    2.5    1.4   -99.9
 'Wageningen' 25  5 1955  25791.    4.5   16.7   0.82    2.5    0.0   -99.9
 'Wageningen' 26  5 1955  24409.    4.8   15.0   0.96    2.5    0.0   -99.9
 'Wageningen' 27  5 1955   4480.    8.0   12.1   1.13    2.5    1.5   -99.9
 'Wageningen' 28  5 1955   6531.    5.5   21.2   1.10    1.2    0.0   -99.9
 'Wageningen' 29  5 1955  24786.    7.6   18.3   0.69    2.5    0.0   -99.9
 'Wageningen' 30  5 1955  25372.    6.2   21.3   1.33    2.5    0.0   -99.9
 'Wageningen' 31  5 1955  22609.    8.8   22.2   1.40    1.2    0.0   -99.9
 'Wageningen'  1  6 1955  24577.    6.3   19.4   0.85    2.5    0.0   -99.9
 'Wageningen'  2  6 1955  28052.    7.6   21.1   0.84    1.2    0.0   -99.9
 'Wageningen'  3  6 1955  27424.    7.4   22.7   0.82    2.5    0.0   -99.9
 'Wageningen'  4  6 1955  20725.   10.2   22.9   1.24    4.3    0.4   -99.9
 'Wageningen'  5  6 1955  26879.   10.0   23.9   1.10    1.2    0.0   -99.9
 'Wageningen'  6  6 1955  24618.   11.3   21.9   1.04    1.2    0.0   -99.9
 'Wageningen'  7  6 1955   7243.   13.8   17.0   2.01    1.2   13.8   -99.9
 'Wageningen'  8  6 1955   8709.   11.0   15.9   1.32    2.5    7.3   -99.9
 'Wageningen'  9  6 1955  15031.   10.4   15.2   1.26    2.5    0.0   -99.9
 'Wageningen' 10  6 1955  24242.    7.8   14.2   0.80    4.3    0.0   -99.9
 'Wageningen' 11  6 1955  12728.    3.9   14.3   1.09    4.3    5.8   -99.9
 'Wageningen' 12  6 1955   6071.    8.0   13.6   0.93    6.3   13.1   -99.9
 'Wageningen' 13  6 1955   6322.   10.5   16.6   1.08    8.6    1.0   -99.9
 'Wageningen' 14  6 1955  10676.    8.2   17.3   1.29    1.2    0.1   -99.9
 'Wageningen' 15  6 1955   6741.   13.2   18.1   1.70    1.2    3.8   -99.9
 'Wageningen' 16  6 1955  28554.    6.0   18.4   1.00    2.5    0.0   -99.9
 'Wageningen' 17  6 1955  24200.    9.7   19.3   1.09    2.5    0.0   -99.9
 'Wageningen' 18  6 1955  30647.    5.6   26.1   0.89    2.5    0.0   -99.9
 'Wageningen' 19  6 1955  18715.    9.8   20.7   1.73    1.2    0.0   -99.9
 'Wageningen' 20  6 1955   7704.   15.8   16.7   1.52    2.5    1.0   -99.9
 'Wageningen' 21  6 1955   9211.   11.7   23.6   1.33    6.3    0.0   -99.9
 'Wageningen' 22  6 1955  21143.    7.5   21.9   1.65    2.5    0.2   -99.9
 'Wageningen' 23  6 1955  11514.   11.3   26.4   1.74    1.2    0.0   -99.9
 'Wageningen' 24  6 1955  22483.   14.7   23.5   1.80    2.5    0.0   -99.9
 'Wageningen' 25  6 1955  23948.   15.4   21.7   1.84    2.5    0.0   -99.9
 'Wageningen' 26  6 1955  27089.    8.6   22.7   1.45    4.3    0.0   -99.9
 'Wageningen' 27  6 1955  21227.    8.4   24.6   1.29    1.2    0.0   -99.9
 'Wageningen' 28  6 1955  20850.    9.2   16.9   1.26    2.5    0.0   -99.9
 'Wageningen' 29  6 1955   5485.   13.9   20.1   1.66    2.5   11.6   -99.9
 'Wageningen' 30  6 1955  19008.   13.9   21.0   1.32    4.3    0.0   -99.9
 'Wageningen'  1  7 1955  16538.   11.0   18.3   1.24    1.2    0.5   -99.9
 'Wageningen'  2  7 1955  24577.   13.8   23.8   1.00    4.3    0.0   -99.9
 'Wageningen'  3  7 1955  22190.   10.0   18.9   1.17    2.5    3.7   -99.9
 'Wageningen'  4  7 1955  14612.   12.1   15.2   1.42    1.2    1.8   -99.9
 'Wageningen'  5  7 1955   7118.    9.6   15.6   1.18    6.3    0.2   -99.9
 'Wageningen'  6  7 1955   9337.   10.4   21.0   1.21    6.3    0.0   -99.9
 'Wageningen'  7  7 1955  15784.    9.9   18.5   1.70    4.3    0.1   -99.9
 'Wageningen'  8  7 1955   7662.   13.2   26.4   1.54    2.5    0.0   -99.9
 'Wageningen'  9  7 1955  24116.   11.4   27.6   1.49    4.3    0.0   -99.9
 'Wageningen' 10  7 1955  25079.   14.2   26.4   1.65    2.5    0.0   -99.9
 'Wageningen' 11  7 1955  18757.   17.0   28.3   1.64    2.5    0.0   -99.9
 'Wageningen' 12  7 1955  18254.   16.0   24.8   2.01    1.2    4.3   -99.9
 'Wageningen' 13  7 1955   9713.   17.6   26.7   2.21    1.2    0.9   -99.9
 'Wageningen' 14  7 1955  15282.   16.8   29.1   2.33    1.2    5.1   -99.9
 'Wageningen' 15  7 1955  22190.   15.0   26.6   2.22    1.2    0.1   -99.9
 'Wageningen' 16  7 1955  21897.   16.4   31.4   1.93    1.2    0.0   -99.9
 'Wageningen' 17  7 1955  24702.   14.9   25.6   1.86    1.2    0.1   -99.9
 'Wageningen' 18  7 1955  10006.   17.7   22.5   2.01    1.2    5.6   -99.9
 'Wageningen' 19  7 1955   9504.   16.0   23.4   1.70    2.5    0.0   -99.9
 'Wageningen' 20  7 1955  24577.   12.8   22.7   1.54    1.2    0.0   -99.9
 'Wageningen' 21  7 1955  22106.   11.5   21.6   1.64    4.3    0.0   -99.9
 'Wageningen' 22  7 1955  25581.   13.5   22.7   1.50    4.3    0.0   -99.9
 'Wageningen' 23  7 1955  23153.   14.5   22.1   1.64    6.3    0.0   -99.9
 'Wageningen' 24  7 1955  22944.   15.4   26.0   1.60    4.3    0.0   -99.9
 'Wageningen' 25  7 1955  20264.   12.8   25.0   1.49    1.2    0.0   -99.9
 'Wageningen' 26  7 1955  23907.   13.5   25.7   1.29    4.3    0.0   -99.9
 'Wageningen' 27  7 1955  17291.   13.0   23.4   1.25    4.3    0.4   -99.9
 'Wageningen' 28  7 1955  13188.   15.1   19.8   1.61    2.5    4.1   -99.9
 'Wageningen' 29  7 1955   7997.   15.3   18.6   1.58    4.3    0.0   -99.9
 'Wageningen' 30  7 1955   8541.   13.9   20.5   1.38    2.5    0.0   -99.9
 'Wageningen' 31  7 1955   9797.   14.6   25.6   1.33    1.2    0.0   -99.9
 'Wageningen'  1  8 1955  18924.   12.8   23.9   1.66    2.5    0.0   -99.9
 'Wageningen'  2  8 1955  15198.   12.1   19.8   1.60    1.2    7.4   -99.9
 'Wageningen'  3  8 1955   8248.   14.0   20.5   1.56    1.2   10.4   -99.9
 'Wageningen'  4  8 1955  14403.   12.2   21.1   1.44    2.5    0.2   -99.9
 'Wageningen'  5  8 1955  18338.    8.1   23.2   1.45    1.2    0.0   -99.9
 'Wageningen'  6  8 1955  13816.   10.9   16.9   1.80    2.5    0.0   -99.9
 'Wageningen'  7  8 1955   7871.   11.1   17.9   1.24    6.3   14.4   -99.9
 'Wageningen'  8  8 1955  15156.   11.2   19.5   1.38    6.3    5.9   -99.9
 'Wageningen'  9  8 1955  10760.   12.6   23.7   1.46    6.3    0.1   -99.9
 'Wageningen' 10  8 1955  18715.    9.5   25.9   1.30    2.5    0.0   -99.9
 'Wageningen' 11  8 1955  20934.   12.6   25.6   1.61    4.3    0.0   -99.9
 'Wageningen' 12  8 1955  17878.   14.0   22.7   1.38    4.3    1.4   -99.9
 'Wageningen' 13  8 1955  11346.   15.7   21.2   1.64   23.3    1.7   -99.9
 'Wageningen' 14  8 1955  14486.   13.6   21.1   1.64    2.5    0.0   -99.9
 'Wageningen' 15  8 1955  12560.   14.2   25.7   1.64    1.2    0.0   -99.9
 'Wageningen' 16  8 1955  21353.   12.5   26.6   1.82    0.1    0.0   -99.9
 'Wageningen' 17  8 1955  17501.   15.1   24.2   1.40    1.2    0.0   -99.9
 'Wageningen' 18  8 1955  12686.   16.5   26.6   1.64    1.2    0.0   -99.9
 'Wageningen' 19  8 1955  14528.   17.6   28.8   2.07    1.2    0.0   -99.9
 'Wageningen' 20  8 1955  19427.   15.2   28.6   1.98    1.2    0.0   -99.9
 'Wageningen' 21  8 1955  18924.   14.2   30.3   1.74    1.2    0.0   -99.9
 'Wageningen' 22  8 1955  18171.   14.0   29.2   1.90    1.2    0.0   -99.9
 'Wageningen' 23  8 1955  15449.   15.7   28.1   1.44    2.5    0.0   -99.9
 'Wageningen' 24  8 1955  14110.   15.9   25.0   1.86    1.2    0.0   -99.9
 'Wageningen' 25  8 1955  19301.   12.8   24.8   1.26    4.3    0.3   -99.9
 'Wageningen' 26  8 1955  14821.   14.8   25.3   1.57    2.5    0.1   -99.9
 'Wageningen' 27  8 1955  14486.   12.8   24.5   1.85    2.5    0.0   -99.9
 'Wageningen' 28  8 1955  12016.   15.7   23.7   2.06    2.5    0.0   -99.9
 'Wageningen' 29  8 1955  13272.   14.8   23.6   1.80    4.3    0.0   -99.9
 'Wageningen' 30  8 1955  12770.   14.8   24.7   1.80    1.2    0.0   -99.9
 'Wageningen' 31  8 1955  15156.   12.3   24.4   1.64    1.2    0.1   -99.9
 'Wageningen'  1  9 1955  14905.   13.1   22.9   1.57    1.2    0.0   -99.9
 'Wageningen'  2  9 1955   6029.   15.6   22.8   2.10    4.3    0.0   -99.9
 'Wageningen'  3  9 1955  15198.   13.8   23.7   1.42    4.3    0.0   -99.9
 'Wageningen'  4  9 1955  15742.    8.2   23.2   1.22    1.2    0.0   -99.9
 'Wageningen'  5  9 1955  13858.   12.8   20.7   1.57    2.5    6.7   -99.9
 'Wageningen'  6  9 1955   9923.   14.5   19.7   1.40    4.3    2.9   -99.9
 'Wageningen'  7  9 1955   6071.   11.1   22.8   1.65    1.2    0.5   -99.9
 'Wageningen'  8  9 1955  12100.   10.8   23.0   1.54    1.2    0.0   -99.9
 'Wageningen'  9  9 1955   9881.   11.8   20.9   1.64    1.2    2.2   -99.9
 'Wageningen' 10  9 1955  13523.   11.0   21.2   1.32    1.2    0.0   -99.9
 'Wageningen' 11  9 1955  15659.   13.4   17.8   1.38    2.5    0.1   -99.9
 'Wageningen' 12  9 1955   2010.   12.8   16.6   1.76    1.2   17.8   -99.9
 'Wageningen' 13  9 1955   9797.   10.1   14.1   1.21    4.3    5.4   -99.9
 'Wageningen' 14  9 1955   5359.    9.4   15.6   1.13    2.5    1.4   -99.9
 'Wageningen' 15  9 1955   8081.    9.2   17.4   1.08    4.3    0.8   -99.9
 'Wageningen' 16  9 1955   8834.    9.8   18.1   1.45    2.5    2.3   -99.9
 'Wageningen' 17  9 1955  12016.   12.0   17.2   1.02    2.5    0.0   -99.9
 'Wageningen' 18  9 1955   7494.    8.4   18.3   1.25    4.3    0.0   -99.9
 'Wageningen' 19  9 1955  10760.    5.4   21.5   1.30    2.5    0.0   -99.9
 'Wageningen' 20  9 1955  12686.    6.6   25.8   1.41    2.5    0.0   -99.9
 'Wageningen' 21  9 1955  13147.    8.1   25.4   2.09    2.5    0.0   -99.9
 'Wageningen' 22  9 1955  11932.   13.0   25.3   1.61    2.5    0.0   -99.9
 'Wageningen' 23  9 1955   9588.   13.9   20.3   1.41    2.5    0.0   -99.9
 'Wageningen' 24  9 1955   2303.   10.9   18.1   1.73    1.2    0.0   -99.9
 'Wageningen' 25  9 1955   3056.   12.3   18.1   1.74    1.2    4.7   -99.9
 'Wageningen' 26  9 1955   8248.   12.4   16.0   1.24    2.5    0.2   -99.9
 'Wageningen' 27  9 1955   6992.    9.6   15.8   1.14    4.3    6.4   -99.9
 'Wageningen' 28  9 1955   8960.    9.4   17.2   1.06    6.3    0.3   -99.9
 'Wageningen' 29  9 1955   7494.    7.0   18.6   1.26    1.2    0.0   -99.9
 'Wageningen' 30  9 1955   7955.    8.9   17.4   1.57    4.3    0.9   -99.9
 'Wageningen'  1 10 1955  11514.    7.3   17.8   1.14    0.1    0.0   -99.9
 'Wageningen'  2 10 1955  10258.    5.5   17.5   1.05    0.1    0.0   -99.9
 'Wageningen'  3 10 1955   7034.   10.3   15.1   1.25    1.2    0.0   -99.9
 'Wageningen'  4 10 1955   7411.    9.7   13.4   1.05    4.3    4.0   -99.9
 'Wageningen'  5 10 1955   2386.    6.9   13.0   1.10    4.3   11.1   -99.9
 'Wageningen'  6 10 1955   3098.    9.2   14.5   1.17    8.6   22.8   -99.9
 'Wageningen'  7 10 1955   6615.    8.8   16.2   1.21    6.3    3.3   -99.9
 'Wageningen'  8 10 1955   9630.    3.8   17.9   1.16    4.3    0.0   -99.9
 'Wageningen'  9 10 1955   5652.   11.2   17.0   1.57    1.2    0.0   -99.9
 'Wageningen' 10 10 1955  10300.    9.2   18.4   1.01    4.3    0.0   -99.9
 'Wageningen' 11 10 1955   6824.    9.6   19.8   1.37    1.2    0.1   -99.9
 'Wageningen' 12 10 1955   8583.    6.1   15.1   1.58    1.2    0.2   -99.9
 'Wageningen' 13 10 1955   2345.    8.1   14.8   1.50    1.2    0.1   -99.9
 'Wageningen' 14 10 1955   3894.   10.3   13.7   1.46    1.2    0.0   -99.9
 'Wageningen' 15 10 1955   1633.    9.4   10.8   1.41    2.5    4.8   -99.9
 'Wageningen' 16 10 1955   6448.    1.8    7.7   0.98    4.3    3.3   -99.9
 'Wageningen' 17 10 1955   3726.    3.7    9.8   0.77    6.3    9.7   -99.9
 'Wageningen' 18 10 1955   5443.    2.1   11.5   0.88    6.3    4.9   -99.9
 'Wageningen' 19 10 1955   3601.    0.3   18.3   0.81    6.3    0.2   -99.9
 'Wageningen' 20 10 1955   6615.    8.0   14.8   1.22    6.3    0.0   -99.9
 'Wageningen' 21 10 1955   2889.   11.0   14.5   1.25    4.3    4.3   -99.9
 'Wageningen' 22 10 1955   7411.    6.8   11.4   1.01    2.5    0.4   -99.9
 'Wageningen' 23 10 1955   3517.    7.1   12.7   0.97    2.5    1.3   -99.9
 'Wageningen' 24 10 1955   4522.    7.4   13.8   0.94    4.3    1.1   -99.9
 'Wageningen' 25 10 1955   3517.    4.6   11.7   1.17    2.5    0.0   -99.9
 'Wageningen' 26 10 1955    795.    7.6    8.9   1.20    4.3   16.6   -99.9
 'Wageningen' 27 10 1955   4271.    3.7    7.0   0.92    1.2    9.1   -99.9
 'Wageningen' 28 10 1955   3936.    2.8   10.0   0.74    2.5    4.5   -99.9
 'Wageningen' 29 10 1955   5820.    0.0    8.5   0.90    1.2    2.2   -99.9
 'Wageningen' 30 10 1955   3894.    2.6   10.2   0.93    2.5    3.6   -99.9
 'Wageningen' 31 10 1955   7536.    0.5    4.9   0.70    2.5    0.0   -99.9
 'Wageningen'  1 11 1955   5778.   -4.1    5.1   0.72    2.5    0.0   -99.9
 'Wageningen'  2 11 1955   5485.   -1.9   10.0   0.78    2.5    0.0   -99.9
 'Wageningen'  3 11 1955   3475.    1.1   15.0   0.93    2.5    0.2   -99.9
 'Wageningen'  4 11 1955   2847.    7.7   15.5   1.45    4.3    1.2   -99.9
 'Wageningen'  5 11 1955   2680.   11.8   14.7   1.34    1.2    0.7   -99.9
 'Wageningen'  6 11 1955   4019.    8.9   17.7   1.48    1.2    0.2   -99.9
 'Wageningen'  7 11 1955   4815.    9.2   13.6   1.57    1.2    0.1   -99.9
 'Wageningen'  8 11 1955   2345.    9.5   13.1   1.44    1.2    4.3   -99.9
 'Wageningen'  9 11 1955   2470.    7.9   13.1   1.30    1.2    0.3   -99.9
 'Wageningen' 10 11 1955   3391.    8.6   14.9   1.28    0.1    0.0   -99.9
 'Wageningen' 11 11 1955   3894.    6.3   11.9   1.18    4.3    0.0   -99.9
 'Wageningen' 12 11 1955   4899.    4.8    8.6   1.14    1.2    0.1   -99.9
 'Wageningen' 13 11 1955   1717.    0.2    9.5   0.96    1.2    0.0   -99.9
 'Wageningen' 14 11 1955   3475.    3.7    8.9   0.90    1.2    0.4   -99.9
 'Wageningen' 15 11 1955   5192.    0.7    9.3   0.70    2.5    0.3   -99.9
 'Wageningen' 16 11 1955   2303.    2.4    8.2   0.96    4.3    0.4   -99.9
 'Wageningen' 17 11 1955   5401.   -2.2    3.3   0.78    1.2    0.0   -99.9
 'Wageningen' 18 11 1955   1507.   -2.2   10.9   0.64    1.2    1.1   -99.9
 'Wageningen' 19 11 1955   4187.    3.0   10.1   0.93    1.2    0.4   -99.9
 'Wageningen' 20 11 1955    963.    3.8    8.1   1.16    4.3    2.3   -99.9
 'Wageningen' 21 11 1955   3894.   -0.9    9.5   0.89    1.2    0.0   -99.9
 'Wageningen' 22 11 1955    963.    6.1    9.5   0.88    1.2    0.1   -99.9
 'Wageningen' 23 11 1955   2177.    4.8    6.3   1.09    8.6    1.6   -99.9
 'Wageningen' 24 11 1955   2135.    2.2    4.7   0.80    1.2    1.9   -99.9
 'Wageningen' 25 11 1955   3601.   -2.0    7.0   0.57    1.2    0.2   -99.9
 'Wageningen' 26 11 1955   2177.    0.9    7.7   0.90    1.2    0.1   -99.9
 'Wageningen' 27 11 1955   1298.    5.6    6.8   0.85    2.5    0.0   -99.9
 'Wageningen' 28 11 1955    461.    5.3    7.1   0.88    2.5    0.1   -99.9
 'Wageningen' 29 11 1955   2386.    2.9    4.7   0.67    1.2    0.0   -99.9
 'Wageningen' 30 11 1955   3224.   -0.7    6.8   0.77    1.2    0.0   -99.9
 'Wageningen'  1 12 1955   1758.    1.1    7.8   0.84    1.2    0.2   -99.9
 'Wageningen'  2 12 1955   1172.    4.9    8.7   0.90    2.5    0.0   -99.9
 'Wageningen'  3 12 1955    209.    3.4    9.6   0.96    4.3    8.3   -99.9
 'Wageningen'  4 12 1955   2596.    3.4    6.1   0.89    6.3    0.1   -99.9
 'Wageningen'  5 12 1955   1172.    0.6    8.2   0.86    4.3    0.5   -99.9
 'Wageningen'  6 12 1955    377.    4.0   10.2   1.00    4.3    0.0   -99.9
 'Wageningen'  7 12 1955    209.    6.8    9.6   1.05   11.1    0.5   -99.9
 'Wageningen'  8 12 1955   3056.    2.3    7.6   0.78    1.2    0.0   -99.9
 'Wageningen'  9 12 1955    461.    1.6    9.0   0.84    2.5   11.2   -99.9
 'Wageningen' 10 12 1955   1382.    6.8    7.1   0.93    6.3    8.7   -99.9
 'Wageningen' 11 12 1955   2261.    1.7    1.8   0.72    0.1    0.0   -99.9
 'Wageningen' 12 12 1955   4522.   -4.0    0.3   0.51    1.2    0.0   -99.9
 'Wageningen' 13 12 1955   2680.   -5.3    4.4   0.57    4.3    0.6   -99.9
 'Wageningen' 14 12 1955   1089.   -2.0    9.9   0.70    2.5    7.3   -99.9
 'Wageningen' 15 12 1955   1130.    4.3   10.7   1.08    2.5   10.5   -99.9
 'Wageningen' 16 12 1955   1005.    7.4    8.7   1.08    4.3    4.2   -99.9
 'Wageningen' 17 12 1955    461.    3.5    4.3   1.02    2.5    3.3   -99.9
 'Wageningen' 18 12 1955   3056.   -1.0    2.6   0.64    4.3    1.0   -99.9
 'Wageningen' 19 12 1955   1800.   -0.9    1.5   0.67    1.2    0.1   -99.9
 'Wageningen' 20 12 1955   2805.   -2.8    5.0   0.53    2.5    0.0   -99.9
 'Wageningen' 21 12 1955    335.   -2.2    2.9   0.81    2.5    0.3   -99.9
 'Wageningen' 22 12 1955   3182.   -1.9    7.9   0.64    1.2    0.2   -99.9
 'Wageningen' 23 12 1955    377.   -1.0    8.2   1.00    2.5    0.9   -99.9
 'Wageningen' 24 12 1955   1758.    3.4    7.4   0.97    2.5    0.4   -99.9
 'Wageningen' 25 12 1955   1089.    4.3    9.0   0.90    1.2    0.0   -99.9
 'Wageningen' 26 12 1955    502.    3.7   10.0   1.04    6.3    8.3   -99.9
 'Wageningen' 27 12 1955   1926.    5.6   12.8   0.89    4.3    6.4   -99.9
 'Wageningen' 28 12 1955    586.    8.5   12.3   1.25   11.1    8.5   -99.9
 'Wageningen' 29 12 1955   1424.    5.4    6.7   0.76    8.6    0.7   -99.9
 'Wageningen' 30 12 1955   2847.    0.9    5.6   0.74    2.5    0.1   -99.9
 'Wageningen' 31 12 1955   1549.    0.7    7.6   0.74    4.3    3.8   -99.9
