***************************************************************************
* File name: Wageni.992
* Contents: SWAP  3.0 - Meteo data of Wageningen weather station                
***************************************************************************     
* Comment area:                                                                 
*                                                                               
*                                                                               
***************************************************************************     
    Station   DD MM YYYY     RAD   Tmin   Tmax    HUM   WIND   RAIN   ETref     
*             nr nr   nr   kJ/m2      C      C    kPa    m/s     mm      mm     
 'Wageningen'  1  1 1992    350.    3.6    8.1   0.80    5.8    0.0   -99.9
 'Wageningen'  2  1 1992    760.    5.5    7.3   0.79    6.3    0.0   -99.9
 'Wageningen'  3  1 1992   1650.    2.1    6.8   0.69    6.7    0.0   -99.9
 'Wageningen'  4  1 1992   1660.    4.2    8.6   0.87    5.0    2.7   -99.9
 'Wageningen'  5  1 1992    500.    4.5   10.9   1.01    5.3   14.3   -99.9
 'Wageningen'  6  1 1992   2100.    4.2   10.2   1.01    5.4    5.7   -99.9
 'Wageningen'  7  1 1992    630.    1.4    4.3   0.68    3.7    0.0   -99.9
 'Wageningen'  8  1 1992   1910.    1.6   10.0   0.79    4.6    1.3   -99.9
 'Wageningen'  9  1 1992    360.    3.9   10.6   0.89    3.3    7.4   -99.9
 'Wageningen' 10  1 1992   2800.   -2.0    5.4   0.62    3.5    0.0   -99.9
 'Wageningen' 11  1 1992   1280.   -4.2   -1.2   0.47    1.4    0.0   -99.9
 'Wageningen' 12  1 1992   1110.   -2.1    2.0   0.60    1.7    0.2   -99.9
 'Wageningen' 13  1 1992   1880.    1.6    6.0   0.68    1.2    0.0   -99.9
 'Wageningen' 14  1 1992   1380.    4.4    7.4   0.81    2.8    0.2   -99.9
 'Wageningen' 15  1 1992    630.    5.4    7.2   0.80    1.8    0.0   -99.9
 'Wageningen' 16  1 1992    600.    3.4    6.7   0.73    3.2    0.0   -99.9
 'Wageningen' 17  1 1992   2020.    3.2    6.9   0.67    1.9    0.0   -99.9
 'Wageningen' 18  1 1992   2910.    2.4    7.7   0.75    2.0    0.0   -99.9
 'Wageningen' 19  1 1992    710.    3.9    7.7   0.85    4.6    5.6   -99.9
 'Wageningen' 20  1 1992   1090.   -3.6    5.2   0.52    4.7    0.1   -99.9
 'Wageningen' 21  1 1992   5010.   -5.9    0.2   0.29    3.3    0.0   -99.9
 'Wageningen' 22  1 1992   4540.   -7.1   -0.5   0.33    2.6    0.0   -99.9
 'Wageningen' 23  1 1992   4020.   -8.1   -1.0   0.36    1.5    0.0   -99.9
 'Wageningen' 24  1 1992   3710.   -9.1   -0.1   0.39    0.7    0.0   -99.9
 'Wageningen' 25  1 1992   1030.   -8.8   -2.6   0.40    1.0    0.0   -99.9
 'Wageningen' 26  1 1992   4130.   -2.6    6.1   0.42    1.0    0.0   -99.9
 'Wageningen' 27  1 1992   2080.   -2.0    2.0   0.58    1.8    0.1   -99.9
 'Wageningen' 28  1 1992   5170.   -3.9    1.1   0.51    1.4    0.0   -99.9
 'Wageningen' 29  1 1992   4840.   -1.5    4.1   0.60    2.5    0.0   -99.9
 'Wageningen' 30  1 1992   1520.    0.3    1.8   0.62    2.0    0.0   -99.9
 'Wageningen' 31  1 1992   1480.   -1.2    0.4   0.56    1.4    0.0   -99.9
 'Wageningen'  1  2 1992   1830.   -2.4   -1.1   0.51    1.1    0.0   -99.9
 'Wageningen'  2  2 1992   1370.   -2.7    0.3   0.53    2.7    0.0   -99.9
 'Wageningen'  3  2 1992   3500.   -0.3    7.3   0.69    6.0    2.2   -99.9
 'Wageningen'  4  2 1992   1720.    1.0    4.0   0.69    2.2    3.0   -99.9
 'Wageningen'  5  2 1992   1390.    1.8    8.6   0.88    3.6    1.9   -99.9
 'Wageningen'  6  2 1992   4060.    5.9   10.1   0.91    2.5    0.0   -99.9
 'Wageningen'  7  2 1992   6250.    0.5    9.2   0.73    2.4    0.0   -99.9
 'Wageningen'  8  2 1992   6530.   -0.1    8.9   0.68    2.1    0.0   -99.9
 'Wageningen'  9  2 1992   2480.    1.1    7.8   0.76    4.1    0.7   -99.9
 'Wageningen' 10  2 1992   3990.    3.8    7.7   0.80    5.4    5.4   -99.9
 'Wageningen' 11  2 1992   1180.    5.9    7.8   0.93    2.8    2.1   -99.9
 'Wageningen' 12  2 1992   2180.    7.2   12.4   1.14    3.2    1.8   -99.9
 'Wageningen' 13  2 1992   4200.    4.4   11.7   0.89    4.0    3.0   -99.9
 'Wageningen' 14  2 1992   3650.    3.6    8.5   0.82    5.1    0.5   -99.9
 'Wageningen' 15  2 1992   2710.    4.0   10.1   0.88    6.2    3.1   -99.9
 'Wageningen' 16  2 1992   4640.    0.4    6.2   0.61    5.8    2.6   -99.9
 'Wageningen' 17  2 1992   7450.   -3.5    2.1   0.44    2.5    0.0   -99.9
 'Wageningen' 18  2 1992   8500.   -7.4    2.8   0.38    0.9    0.0   -99.9
 'Wageningen' 19  2 1992   2320.   -2.5    3.6   0.52    1.9    0.0   -99.9
 'Wageningen' 20  2 1992   5260.   -0.6    6.4   0.60    1.1    0.6   -99.9
 'Wageningen' 21  2 1992   3600.   -0.4    7.6   0.60    3.8    0.0   -99.9
 'Wageningen' 22  2 1992   4320.    0.3    6.3   0.65    5.3    0.1   -99.9
 'Wageningen' 23  2 1992   4630.    1.5   11.4   0.81    4.3    3.2   -99.9
 'Wageningen' 24  2 1992   2030.    1.7    8.6   0.90    2.2    0.0   -99.9
 'Wageningen' 25  2 1992   6180.    1.9   10.0   0.82    2.0    0.0   -99.9
 'Wageningen' 26  2 1992   5290.    3.2    9.4   0.84    2.3    0.0   -99.9
 'Wageningen' 27  2 1992   6810.    3.5   12.5   0.88    2.2    0.0   -99.9
 'Wageningen' 28  2 1992   9060.    2.0   13.4   0.86    2.0    0.0   -99.9
 'Wageningen' 29  2 1992   9940.    4.4   15.4   0.85    2.2    0.0   -99.9
 'Wageningen'  1  3 1992  10340.    3.6   15.5   0.80    3.4    0.0   -99.9
 'Wageningen'  2  3 1992   6560.    4.0    9.9   0.76    5.2    2.0   -99.9
 'Wageningen'  3  3 1992   1700.    4.8    8.7   0.94    5.4    0.7   -99.9
 'Wageningen'  4  3 1992   4450.    7.8   12.7   1.12    2.5    0.0   -99.9
 'Wageningen'  5  3 1992  10280.    5.9   15.3   0.95    3.6    2.0   -99.9
 'Wageningen'  6  3 1992   7880.    2.7   10.9   0.86    3.5    5.1   -99.9
 'Wageningen'  7  3 1992  11480.    2.6   13.6   0.77    2.8    0.0   -99.9
 'Wageningen'  8  3 1992   7120.    4.8   12.6   0.95    1.8    0.0   -99.9
 'Wageningen'  9  3 1992   6540.    3.2   10.2   0.83    1.3    0.0   -99.9
 'Wageningen' 10  3 1992  10630.    2.8   12.2   0.78    4.7    3.3   -99.9
 'Wageningen' 11  3 1992   6100.    2.8    7.9   0.70    5.6    0.5   -99.9
 'Wageningen' 12  3 1992   1110.    5.4    9.7   0.99    9.0   19.0   -99.9
 'Wageningen' 13  3 1992   2060.    3.2    9.1   0.78    8.2   17.2   -99.9
 'Wageningen' 14  3 1992   8100.    0.2    6.2   0.63    4.7    4.5   -99.9
 'Wageningen' 15  3 1992   7260.    2.0    6.7   0.52    3.7    1.0   -99.9
 'Wageningen' 16  3 1992  11860.   -0.2    9.0   0.64    2.3    0.0   -99.9
 'Wageningen' 17  3 1992   3200.    6.4   10.4   1.02    1.9    0.0   -99.9
 'Wageningen' 18  3 1992   5780.    3.6   11.9   0.91    2.0    0.0   -99.9
 'Wageningen' 19  3 1992   9950.    5.6   11.4   0.85    2.8    0.1   -99.9
 'Wageningen' 20  3 1992   2440.    8.2   10.2   1.06    5.2    3.2   -99.9
 'Wageningen' 21  3 1992   6130.    4.4   11.1   0.83    7.5    3.4   -99.9
 'Wageningen' 22  3 1992   3890.    2.1    7.8   0.79    3.2   11.0   -99.9
 'Wageningen' 23  3 1992  10380.   -0.2    8.9   0.70    2.0    0.7   -99.9
 'Wageningen' 24  3 1992   8790.    0.4    8.1   0.68    3.7    1.2   -99.9
 'Wageningen' 25  3 1992   7140.    1.3    6.5   0.65    2.9    0.4   -99.9
 'Wageningen' 26  3 1992   3040.    3.1    5.3   0.74    3.5    4.3   -99.9
 'Wageningen' 27  3 1992   5490.    1.1    9.4   0.75    2.6    1.3   -99.9
 'Wageningen' 28  3 1992   9360.    0.2    6.5   0.60    3.6    1.3   -99.9
 'Wageningen' 29  3 1992   9660.   -1.2    6.8   0.61    2.3    0.9   -99.9
 'Wageningen' 30  3 1992  13880.    4.6   11.6   0.74    4.1    2.9   -99.9
 'Wageningen' 31  3 1992   7390.    4.9   11.9   0.82    3.6    3.1   -99.9
 'Wageningen'  1  4 1992   9850.    3.2   10.7   0.76    2.4    2.4   -99.9
 'Wageningen'  2  4 1992  10070.    2.6    9.3   0.77    2.5    3.0   -99.9
 'Wageningen'  3  4 1992   8960.    3.2    9.4   0.78    1.9    1.5   -99.9
 'Wageningen'  4  4 1992  10200.    0.1    9.4   0.65    2.0    0.0   -99.9
 'Wageningen'  5  4 1992  13290.   -1.3    9.7   0.68    2.2    0.0   -99.9
 'Wageningen'  6  4 1992  10140.    5.0   10.6   0.74    3.0    0.0   -99.9
 'Wageningen'  7  4 1992  13420.    6.0   14.9   0.70    3.0    0.0   -99.9
 'Wageningen'  8  4 1992  18070.    4.7   16.5   0.65    3.2    0.0   -99.9
 'Wageningen'  9  4 1992  18710.   -0.7   17.0   0.68    1.8    0.0   -99.9
 'Wageningen' 10  4 1992  18010.    0.3   16.3   0.73    1.6    0.0   -99.9
 'Wageningen' 11  4 1992  18280.    1.6   17.6   0.81    1.0    0.0   -99.9
 'Wageningen' 12  4 1992  13070.    3.0   14.8   0.98    3.6    0.9   -99.9
 'Wageningen' 13  4 1992   9270.    3.8   10.4   0.81    4.9    6.4   -99.9
 'Wageningen' 14  4 1992  11840.    6.9   12.7   0.80    5.0    0.8   -99.9
 'Wageningen' 15  4 1992   3670.    3.4    9.0   0.80    5.8    6.6   -99.9
 'Wageningen' 16  4 1992  10600.   -0.1    7.3   0.61    4.2    3.6   -99.9
 'Wageningen' 17  4 1992   3900.    1.0    7.5   0.85    2.9    9.0   -99.9
 'Wageningen' 18  4 1992   4490.    7.3   14.1   1.18    3.8    3.2   -99.9
 'Wageningen' 19  4 1992  20920.    2.0   12.4   0.76    3.4    0.2   -99.9
 'Wageningen' 20  4 1992  19240.    0.9   12.3   0.67    1.5    0.0   -99.9
 'Wageningen' 21  4 1992  17680.    3.8   17.2   0.68    2.2    0.0   -99.9
 'Wageningen' 22  4 1992  11510.    6.7   14.2   0.91    2.0    0.0   -99.9
 'Wageningen' 23  4 1992   7730.    5.2   13.5   0.99    2.4    0.7   -99.9
 'Wageningen' 24  4 1992   9570.    7.0   16.2   1.07    3.0    0.0   -99.9
 'Wageningen' 25  4 1992  10060.    8.1   15.4   1.13    3.2    1.4   -99.9
 'Wageningen' 26  4 1992   7210.    8.8   14.5   1.25    4.7   15.8   -99.9
 'Wageningen' 27  4 1992  15840.    8.2   14.4   0.92    5.5    0.0   -99.9
 'Wageningen' 28  4 1992   6520.    6.0   12.4   1.00    2.6   12.3   -99.9
 'Wageningen' 29  4 1992  13320.    3.7   13.3   0.85    2.5    0.6   -99.9
 'Wageningen' 30  4 1992  16800.    3.1   13.9   0.85    4.0    1.9   -99.9
 'Wageningen'  1  5 1992   6870.    5.4   11.4   0.98    4.2   12.3   -99.9
 'Wageningen'  2  5 1992  12530.    3.2   11.6   0.87    2.3    2.4   -99.9
 'Wageningen'  3  5 1992  18630.    2.2   13.0   0.76    1.8    0.0   -99.9
 'Wageningen'  4  5 1992  24750.    0.1   15.8   0.74    1.2    0.0   -99.9
 'Wageningen'  5  5 1992  22380.    1.9   17.4   0.86    1.3    0.0   -99.9
 'Wageningen'  6  5 1992  22010.    8.8   16.5   1.02    2.9    0.0   -99.9
 'Wageningen'  7  5 1992  11750.   10.6   18.2   1.26    3.6    0.0   -99.9
 'Wageningen'  8  5 1992   9530.    6.4   12.7   0.93    4.9    3.6   -99.9
 'Wageningen'  9  5 1992   5860.    6.6   12.1   0.97    5.1   14.5   -99.9
 'Wageningen' 10  5 1992  13680.    6.4   14.0   0.92    2.1    6.8   -99.9
 'Wageningen' 11  5 1992  14600.    6.8   14.2   0.95    3.1    1.1   -99.9
 'Wageningen' 12  5 1992   9120.    6.5   14.9   1.06    5.0    0.0   -99.9
 'Wageningen' 13  5 1992  21820.   11.1   23.1   1.28    2.7    0.0   -99.9
 'Wageningen' 14  5 1992  25950.   14.4   29.5   1.32    4.0    0.0   -99.9
 'Wageningen' 15  5 1992  24080.   12.5   30.6   1.57    1.9    0.0   -99.9
 'Wageningen' 16  5 1992  26800.    6.8   20.1   0.97    2.6    0.0   -99.9
 'Wageningen' 17  5 1992  26730.    7.6   19.0   0.98    2.1    0.0   -99.9
 'Wageningen' 18  5 1992  26760.    6.5   23.2   0.97    3.3    0.0   -99.9
 'Wageningen' 19  5 1992  26930.   11.1   24.2   0.99    3.8    0.0   -99.9
 'Wageningen' 20  5 1992  26390.   14.2   24.9   1.09    3.3    0.0   -99.9
 'Wageningen' 21  5 1992  25600.   11.2   24.9   1.15    2.1    0.0   -99.9
 'Wageningen' 22  5 1992  25860.    9.5   26.8   1.14    2.4    0.0   -99.9
 'Wageningen' 23  5 1992  24190.    9.7   28.4   1.24    3.2    0.4   -99.9
 'Wageningen' 24  5 1992  23820.   11.7   27.7   1.48    2.6    0.0   -99.9
 'Wageningen' 25  5 1992  20380.   14.2   27.8   1.60    1.7    0.0   -99.9
 'Wageningen' 26  5 1992  26620.   13.5   24.7   0.93    4.3    0.0   -99.9
 'Wageningen' 27  5 1992  24660.   14.9   24.8   1.08    5.2    0.0   -99.9
 'Wageningen' 28  5 1992  24990.   16.3   27.0   1.21    5.3    0.0   -99.9
 'Wageningen' 29  5 1992  24780.   15.1   26.2   1.17    3.7    0.7   -99.9
 'Wageningen' 30  5 1992  17890.   13.6   25.1   1.53    2.7    6.8   -99.9
 'Wageningen' 31  5 1992  20490.   14.5   25.7   1.45    2.9    3.8   -99.9
 'Wageningen'  1  6 1992  14720.   16.0   26.4   1.49    3.2    0.0   -99.9
 'Wageningen'  2  6 1992   9910.   13.5   24.0   1.86    1.3    2.3   -99.9
 'Wageningen'  3  6 1992  14720.   12.9   20.9   1.43    2.8    1.6   -99.9
 'Wageningen'  4  6 1992   5000.   12.3   15.0   1.38    2.5    5.9   -99.9
 'Wageningen'  5  6 1992  14870.   12.4   20.1   1.38    2.4    3.7   -99.9
 'Wageningen'  6  6 1992   9800.   12.3   19.5   1.62    1.7    6.7   -99.9
 'Wageningen'  7  6 1992   5970.   11.6   18.0   1.53    1.6    8.3   -99.9
 'Wageningen'  8  6 1992  15040.   11.5   23.7   1.46    1.7    3.4   -99.9
 'Wageningen'  9  6 1992  16330.    9.3   23.0   1.46    1.5    0.3   -99.9
 'Wageningen' 10  6 1992  27500.   10.2   23.2   1.22    2.8    0.0   -99.9
 'Wageningen' 11  6 1992  19930.   10.3   20.6   1.12    2.9    3.9   -99.9
 'Wageningen' 12  6 1992  21070.   10.6   21.0   1.20    2.3    0.0   -99.9
 'Wageningen' 13  6 1992  17620.    9.0   23.4   1.40    1.1    0.0   -99.9
 'Wageningen' 14  6 1992  23130.   10.7   25.1   1.35    1.6    0.0   -99.9
 'Wageningen' 15  6 1992  26820.   10.8   26.8   1.46    1.3    0.0   -99.9
 'Wageningen' 16  6 1992  18240.   10.4   21.7   1.30    2.5    0.0   -99.9
 'Wageningen' 17  6 1992  27000.    9.5   21.4   1.07    2.3    0.0   -99.9
 'Wageningen' 18  6 1992  11520.    7.9   16.0   1.08    1.9    4.9   -99.9
 'Wageningen' 19  6 1992  18450.    7.5   17.7   1.11    2.3    0.2   -99.9
 'Wageningen' 20  6 1992  24870.   13.8   25.0   1.14    3.9    0.0   -99.9
 'Wageningen' 21  6 1992  15930.   12.9   22.0   1.43    2.3    0.0   -99.9
 'Wageningen' 22  6 1992   7110.   10.3   17.8   1.35    1.2    0.5   -99.9
 'Wageningen' 23  6 1992  19640.   10.1   21.1   1.23    2.2    0.0   -99.9
 'Wageningen' 24  6 1992  18420.    9.8   20.3   1.21    2.1    0.0   -99.9
 'Wageningen' 25  6 1992  19700.    9.0   23.1   1.36    1.7    0.0   -99.9
 'Wageningen' 26  6 1992  26850.    9.7   22.7   1.42    1.8    0.0   -99.9
 'Wageningen' 27  6 1992  21190.   13.4   27.1   1.55    1.5    0.0   -99.9
 'Wageningen' 28  6 1992  28550.   11.5   28.3   1.24    1.6    0.0   -99.9
 'Wageningen' 29  6 1992  27360.   11.4   29.2   1.29    1.7    0.0   -99.9
 'Wageningen' 30  6 1992  23480.   17.2   30.4   1.62    2.5    0.5   -99.9
 'Wageningen'  1  7 1992  14550.   15.1   23.1   1.63    2.9    0.2   -99.9
 'Wageningen'  2  7 1992  13800.   13.2   21.7   1.58    1.5    0.1   -99.9
 'Wageningen'  3  7 1992  17680.   14.0   23.4   1.51    1.7    4.6   -99.9
 'Wageningen'  4  7 1992  14770.   15.1   20.9   1.59    2.0   10.3   -99.9
 'Wageningen'  5  7 1992  15840.   13.7   22.8   1.59    2.3    2.0   -99.9
 'Wageningen'  6  7 1992  27480.   13.0   22.6   1.17    3.4    0.8   -99.9
 'Wageningen'  7  7 1992  21900.   11.7   21.6   1.32    2.0    0.0   -99.9
 'Wageningen'  8  7 1992  25530.    8.7   24.3   1.30    1.3    0.0   -99.9
 'Wageningen'  9  7 1992  20320.   10.8   26.6   1.41    1.2    0.0   -99.9
 'Wageningen' 10  7 1992  13770.   12.1   21.6   1.54    2.7    0.6   -99.9
 'Wageningen' 11  7 1992  13010.   13.8   20.6   1.41    2.1    0.0   -99.9
 'Wageningen' 12  7 1992  12890.   14.4   19.0   1.53    3.3    7.4   -99.9
 'Wageningen' 13  7 1992   7490.   13.2   18.1   1.54    5.1    2.4   -99.9
 'Wageningen' 14  7 1992  14770.   10.3   20.2   1.42    4.1    7.7   -99.9
 'Wageningen' 15  7 1992  23350.    8.2   22.4   1.14    1.4    0.0   -99.9
 'Wageningen' 16  7 1992  21470.   15.0   26.0   1.73    2.3    0.9   -99.9
 'Wageningen' 17  7 1992   4580.   15.6   18.6   1.77    3.2    7.4   -99.9
 'Wageningen' 18  7 1992  14820.   14.3   21.5   1.51    4.0    0.0   -99.9
 'Wageningen' 19  7 1992  23350.   14.1   27.3   1.70    2.6    0.0   -99.9
 'Wageningen' 20  7 1992  21660.   18.2   29.1   1.92    1.4    0.0   -99.9
 'Wageningen' 21  7 1992  11840.   14.8   24.8   1.90    3.0    6.7   -99.9
 'Wageningen' 22  7 1992  10040.   10.3   22.3   1.50    1.4    0.0   -99.9
 'Wageningen' 23  7 1992  23900.    8.3   25.3   1.30    1.5    0.0   -99.9
 'Wageningen' 24  7 1992  18190.   13.3   27.9   1.67    2.3    2.3   -99.9
 'Wageningen' 25  7 1992  21720.   11.8   24.1   1.53    1.9    0.0   -99.9
 'Wageningen' 26  7 1992  19460.   13.6   22.2   1.49    2.7    0.0   -99.9
 'Wageningen' 27  7 1992  13020.   10.5   20.7   1.43    3.3    0.6   -99.9
 'Wageningen' 28  7 1992  19010.   11.7   21.5   1.24    2.2    0.0   -99.9
 'Wageningen' 29  7 1992  24540.    8.5   26.1   1.25    2.3    0.0   -99.9
 'Wageningen' 30  7 1992  21910.   10.4   26.6   1.42    1.5    0.0   -99.9
 'Wageningen' 31  7 1992  19380.   14.1   25.0   1.34    2.6    0.0   -99.9
 'Wageningen'  1  8 1992  14370.   15.9   28.9   1.72    2.8    8.4   -99.9
 'Wageningen'  2  8 1992  11480.   16.3   22.4   1.75    3.0    0.0   -99.9
 'Wageningen'  3  8 1992  13540.   14.8   23.5   1.54    3.3    3.4   -99.9
 'Wageningen'  4  8 1992  19150.   11.8   22.1   1.32    3.9    0.3   -99.9
 'Wageningen'  5  8 1992  24290.   11.8   25.9   1.30    3.1    0.0   -99.9
 'Wageningen'  6  8 1992  14580.   12.8   24.4   1.63    2.2    0.0   -99.9
 'Wageningen'  7  8 1992  21880.   11.0   27.7   1.52    2.0    0.0   -99.9
 'Wageningen'  8  8 1992  20770.   16.4   31.0   2.02    2.5    0.4   -99.9
 'Wageningen'  9  8 1992  22450.   18.2   29.7   2.02    3.6    9.3   -99.9
 'Wageningen' 10  8 1992   6480.   14.4   21.1   1.74    4.0   19.1   -99.9
 'Wageningen' 11  8 1992  18260.   13.2   21.5   1.44    3.4    0.0   -99.9
 'Wageningen' 12  8 1992  10380.   13.6   20.6   1.46    5.0   10.3   -99.9
 'Wageningen' 13  8 1992   9450.   13.9   18.3   1.40    5.2   10.2   -99.9
 'Wageningen' 14  8 1992  12360.   12.3   19.3   1.40    2.7   24.8   -99.9
 'Wageningen' 15  8 1992  18860.   11.8   19.7   1.21    1.7    0.0   -99.9
 'Wageningen' 16  8 1992   9870.   12.4   22.6   1.48    2.6    4.8   -99.9
 'Wageningen' 17  8 1992  11620.   12.0   19.7   1.52    3.4    0.3   -99.9
 'Wageningen' 18  8 1992   9590.   11.1   21.3   1.55    1.6    0.0   -99.9
 'Wageningen' 19  8 1992  15570.   14.3   24.2   1.76    1.3    1.3   -99.9
 'Wageningen' 20  8 1992   4950.   13.3   23.4   1.97    2.9    4.4   -99.9
 'Wageningen' 21  8 1992  15190.   11.9   22.2   1.64    2.8    0.5   -99.9
 'Wageningen' 22  8 1992  15390.   10.8   24.3   1.62    2.1    2.0   -99.9
 'Wageningen' 23  8 1992  18420.   11.2   19.1   1.22    3.3    0.8   -99.9
 'Wageningen' 24  8 1992  11660.   13.1   21.0   1.54    4.0    4.5   -99.9
 'Wageningen' 25  8 1992   7330.   16.6   22.8   1.92    4.5    4.9   -99.9
 'Wageningen' 26  8 1992  13180.   15.0   20.8   1.63    3.2    5.1   -99.9
 'Wageningen' 27  8 1992  11080.   15.9   23.1   1.78    4.6    0.5   -99.9
 'Wageningen' 28  8 1992   8130.   15.4   21.6   1.78    3.3    4.4   -99.9
 'Wageningen' 29  8 1992   9390.   10.6   18.2   1.42    2.3   17.3   -99.9
 'Wageningen' 30  8 1992   7280.   11.0   17.4   1.32    4.8   11.5   -99.9
 'Wageningen' 31  8 1992  12640.   10.7   18.1   1.24    2.6   12.6   -99.9
 'Wageningen'  1  9 1992   8760.    9.5   15.2   1.13    3.7    7.2   -99.9
 'Wageningen'  2  9 1992   6040.   10.1   15.7   1.35    5.8    2.0   -99.9
 'Wageningen'  3  9 1992   8180.   11.3   17.6   1.34    5.0    4.5   -99.9
 'Wageningen'  4  9 1992   9240.    9.6   14.1   1.15    4.4   15.3   -99.9
 'Wageningen'  5  9 1992  10350.    8.2   13.8   1.18    3.2   10.2   -99.9
 'Wageningen'  6  9 1992  17070.    6.2   17.3   1.04    2.3    0.0   -99.9
 'Wageningen'  7  9 1992   8730.    7.3   19.5   1.25    2.9    0.0   -99.9
 'Wageningen'  8  9 1992  15290.    8.3   16.7   1.09    3.7    0.3   -99.9
 'Wageningen'  9  9 1992  16590.    8.1   18.4   1.20    2.5    0.0   -99.9
 'Wageningen' 10  9 1992  16110.    8.8   20.6   1.20    2.0    0.0   -99.9
 'Wageningen' 11  9 1992  11650.   10.9   22.7   1.40    3.3    0.5   -99.9
 'Wageningen' 12  9 1992  13850.    7.8   17.6   1.10    2.0    0.0   -99.9
 'Wageningen' 13  9 1992  10320.   10.1   19.5   1.31    2.6    1.9   -99.9
 'Wageningen' 14  9 1992  13310.   11.7   17.0   1.21    3.1    0.2   -99.9
 'Wageningen' 15  9 1992  13490.   11.9   19.2   1.41    4.6    0.0   -99.9
 'Wageningen' 16  9 1992   6970.    8.2   17.3   1.30    2.1    0.0   -99.9
 'Wageningen' 17  9 1992  15170.    7.6   19.3   1.15    3.2    0.0   -99.9
 'Wageningen' 18  9 1992   6860.   11.1   19.3   1.53    2.1    0.7   -99.9
 'Wageningen' 19  9 1992   9100.   11.9   19.1   1.53    2.2    0.1   -99.9
 'Wageningen' 20  9 1992   8340.   12.9   19.5   1.50    1.7    0.0   -99.9
 'Wageningen' 21  9 1992  11160.   13.1   21.0   1.59    3.0    3.1   -99.9
 'Wageningen' 22  9 1992   7260.   14.7   21.3   1.66    2.6    0.0   -99.9
 'Wageningen' 23  9 1992   7880.   11.3   18.1   1.32    3.8    0.1   -99.9
 'Wageningen' 24  9 1992   8570.    9.5   17.9   1.26    3.1    0.0   -99.9
 'Wageningen' 25  9 1992  10960.   14.6   21.3   1.46    2.9    0.0   -99.9
 'Wageningen' 26  9 1992  13280.   12.4   24.3   1.54    2.4    0.0   -99.9
 'Wageningen' 27  9 1992  12360.   14.8   25.1   1.63    2.9    0.0   -99.9
 'Wageningen' 28  9 1992  12720.   11.4   24.3   1.56    1.8    0.0   -99.9
 'Wageningen' 29  9 1992   4390.   11.2   19.2   1.54    1.0    0.0   -99.9
 'Wageningen' 30  9 1992   7440.   14.1   19.7   1.53    1.2    0.0   -99.9
 'Wageningen'  1 10 1992   5390.   10.1   17.1   1.43    1.5    0.1   -99.9
 'Wageningen'  2 10 1992  10040.    8.8   17.4   1.17    1.0    0.0   -99.9
 'Wageningen'  3 10 1992   6750.    7.6   17.2   1.17    3.3    0.0   -99.9
 'Wageningen'  4 10 1992  10950.    9.2   16.5   1.00    5.3    0.0   -99.9
 'Wageningen'  5 10 1992   1390.    7.0   10.5   0.96    4.1    0.0   -99.9
 'Wageningen'  6 10 1992    810.    9.7   11.5   1.11    3.3    7.5   -99.9
 'Wageningen'  7 10 1992   3580.    3.6   14.5   1.13    2.0    2.8   -99.9
 'Wageningen'  8 10 1992   3090.    2.0   13.0   1.04    1.0    0.0   -99.9
 'Wageningen'  9 10 1992   4350.    5.0   13.4   1.04    1.9    0.7   -99.9
 'Wageningen' 10 10 1992  11210.    0.8   13.5   0.78    1.9    0.0   -99.9
 'Wageningen' 11 10 1992   5390.   -0.2   13.6   0.99    2.1    0.2   -99.9
 'Wageningen' 12 10 1992  11110.    2.8   11.7   0.66    3.3    0.0   -99.9
 'Wageningen' 13 10 1992  10870.   -3.2   11.3   0.57    1.6    0.0   -99.9
 'Wageningen' 14 10 1992   4010.   -3.5   10.7   0.85    3.6    8.6   -99.9
 'Wageningen' 15 10 1992   8980.    3.4    9.6   0.75    5.5    8.0   -99.9
 'Wageningen' 16 10 1992   6310.    2.0    9.2   0.75    3.5   10.5   -99.9
 'Wageningen' 17 10 1992   7290.    0.2    9.4   0.76    1.3    0.2   -99.9
 'Wageningen' 18 10 1992   7660.    2.0   10.1   0.79    3.6    0.2   -99.9
 'Wageningen' 19 10 1992   7220.    4.8   12.4   0.88    3.8    0.6   -99.9
 'Wageningen' 20 10 1992   6500.    2.7   13.1   0.89    2.3    1.4   -99.9
 'Wageningen' 21 10 1992   3130.    4.1    8.2   0.85    1.9    0.0   -99.9
 'Wageningen' 22 10 1992   7250.    3.1   10.7   0.85    3.3    0.0   -99.9
 'Wageningen' 23 10 1992   1800.    4.7    9.8   0.91    3.4    6.6   -99.9
 'Wageningen' 24 10 1992   4300.    4.0    8.8   0.82    3.6    9.0   -99.9
 'Wageningen' 25 10 1992   1390.    3.0   11.2   0.91    3.1   22.3   -99.9
 'Wageningen' 26 10 1992   8240.    4.2   11.4   0.82    2.6    0.2   -99.9
 'Wageningen' 27 10 1992   3140.    5.1    9.1   0.90    3.6    5.5   -99.9
 'Wageningen' 28 10 1992   4960.    4.5    9.2   0.83    4.3    0.4   -99.9
 'Wageningen' 29 10 1992   3520.    2.7    8.8   0.84    3.7    1.3   -99.9
 'Wageningen' 30 10 1992   5920.    1.7   10.0   0.81    1.2    4.4   -99.9
 'Wageningen' 31 10 1992   3490.    2.8    6.2   0.75    2.1    0.0   -99.9
 'Wageningen'  1 11 1992   5390.    2.6    8.4   0.74    3.8    0.1   -99.9
 'Wageningen'  2 11 1992   1720.    4.9   11.0   0.89    6.6    6.5   -99.9
 'Wageningen'  3 11 1992   4150.    4.9   10.8   0.90    3.9    0.3   -99.9
 'Wageningen'  4 11 1992   5350.    5.3   11.9   0.92    3.5    0.1   -99.9
 'Wageningen'  5 11 1992   1670.    7.5   13.5   1.23    3.5    0.3   -99.9
 'Wageningen'  6 11 1992   3090.    9.9   12.9   1.16    3.6    0.0   -99.9
 'Wageningen'  7 11 1992   1070.    8.1   11.2   1.12    3.9    1.8   -99.9
 'Wageningen'  8 11 1992   6310.    1.0   12.5   0.82    2.3    0.6   -99.9
 'Wageningen'  9 11 1992   2530.    3.0   10.6   0.91    3.6    0.2   -99.9
 'Wageningen' 10 11 1992   3530.    6.4   11.2   0.99    4.3    0.4   -99.9
 'Wageningen' 11 11 1992    910.    6.0   12.9   0.90    6.8   12.1   -99.9
 'Wageningen' 12 11 1992   3700.    3.4    8.6   0.77    5.8    2.8   -99.9
 'Wageningen' 13 11 1992   3930.    1.6    8.1   0.71    3.4    3.4   -99.9
 'Wageningen' 14 11 1992   2400.    2.2    7.1   0.71    2.7    0.7   -99.9
 'Wageningen' 15 11 1992    690.    3.5    8.4   0.82    3.7   10.4   -99.9
 'Wageningen' 16 11 1992    830.    6.6    8.4   0.89    4.1    0.8   -99.9
 'Wageningen' 17 11 1992    880.    5.1    7.5   0.84    4.2   16.6   -99.9
 'Wageningen' 18 11 1992   3510.    3.7    9.1   0.81    5.1    1.2   -99.9
 'Wageningen' 19 11 1992   2840.    2.7    9.3   0.69    5.6    0.8   -99.9
 'Wageningen' 20 11 1992   4140.    2.8    7.4   0.67    4.0    0.0   -99.9
 'Wageningen' 21 11 1992   3090.    3.3    8.4   0.84    2.3    4.6   -99.9
 'Wageningen' 22 11 1992   1020.    8.2   12.5   1.25    4.1   13.3   -99.9
 'Wageningen' 23 11 1992   1330.    7.7   12.1   1.05    4.6    0.1   -99.9
 'Wageningen' 24 11 1992   2200.    9.3   11.6   1.14    3.3    3.5   -99.9
 'Wageningen' 25 11 1992   3180.    9.1   12.2   0.95    6.4   13.0   -99.9
 'Wageningen' 26 11 1992   2780.    6.4   14.2   0.91    6.9    2.8   -99.9
 'Wageningen' 27 11 1992   3100.    3.3    8.6   0.82    4.3    4.4   -99.9
 'Wageningen' 28 11 1992   2820.    1.2   10.9   0.81    3.5    0.6   -99.9
 'Wageningen' 29 11 1992   1450.    2.1   10.6   0.89    3.2    0.3   -99.9
 'Wageningen' 30 11 1992   3700.    9.5   13.6   1.11    4.4    0.3   -99.9
 'Wageningen'  1 12 1992   3470.    5.7   11.4   0.83    5.4    1.7   -99.9
 'Wageningen'  2 12 1992    860.    5.6   12.4   1.02    6.7    6.0   -99.9
 'Wageningen'  3 12 1992   3210.    5.1    9.1   0.79    5.4    3.6   -99.9
 'Wageningen'  4 12 1992   1100.    2.8    5.8   0.74    4.6    2.4   -99.9
 'Wageningen'  5 12 1992   2870.    2.0    5.8   0.71    3.6    0.0   -99.9
 'Wageningen'  6 12 1992   2880.    1.1    4.9   0.68    3.5    0.0   -99.9
 'Wageningen'  7 12 1992    800.    3.2    8.4   0.84    4.0    8.3   -99.9
 'Wageningen'  8 12 1992   1090.    2.9    6.9   0.80    1.5    0.1   -99.9
 'Wageningen'  9 12 1992   1000.    1.1    3.7   0.63    2.1    0.0   -99.9
 'Wageningen' 10 12 1992    330.    3.2    4.6   0.64    1.7    0.0   -99.9
 'Wageningen' 11 12 1992   1070.    2.5    9.3   0.75    4.7   13.6   -99.9
 'Wageningen' 12 12 1992   2800.    2.9   10.1   0.79    3.6    4.8   -99.9
 'Wageningen' 13 12 1992   2190.    3.5    9.0   0.82    4.4    0.4   -99.9
 'Wageningen' 14 12 1992    710.    7.9    9.7   0.95    4.8    0.0   -99.9
 'Wageningen' 15 12 1992   1000.    3.7    8.0   0.74    3.4    0.0   -99.9
 'Wageningen' 16 12 1992   1480.    4.4    8.5   0.83    2.8    0.0   -99.9
 'Wageningen' 17 12 1992    900.    3.5    7.4   0.84    2.4    0.0   -99.9
 'Wageningen' 18 12 1992   2330.    3.5    9.7   0.77    5.2    1.7   -99.9
 'Wageningen' 19 12 1992    520.    4.9   10.1   0.90    2.4    5.0   -99.9
 'Wageningen' 20 12 1992    470.    2.2    5.0   0.68    2.2    4.0   -99.9
 'Wageningen' 21 12 1992    540.    2.3    3.6   0.64    2.4    0.0   -99.9
 'Wageningen' 22 12 1992    370.    2.7    3.6   0.72    1.7    0.9   -99.9
 'Wageningen' 23 12 1992    470.    2.2    4.0   0.71    1.4    0.0   -99.9
 'Wageningen' 24 12 1992    710.    2.8    6.3   0.76    1.6    0.0   -99.9
 'Wageningen' 25 12 1992    530.   -0.7    3.7   0.58    2.4    0.0   -99.9
 'Wageningen' 26 12 1992    840.   -2.1    0.3   0.50    2.8    0.0   -99.9
 'Wageningen' 27 12 1992   2660.   -2.0    3.3   0.52    3.1    0.0   -99.9
 'Wageningen' 28 12 1992   3390.   -6.0    0.7   0.43    2.8    0.0   -99.9
 'Wageningen' 29 12 1992   4080.   -8.5    2.9   0.36    1.2    0.0   -99.9
 'Wageningen' 30 12 1992   3750.   -7.1    4.4   0.35    1.6    0.0   -99.9
 'Wageningen' 31 12 1992   3460.   -9.4    1.6   0.35    0.7    0.0   -99.9
