***************************************************************************
* File name: Wageni.975
* Contents: SWAP 3.0 - Meteo data of Wageningen weather station                
***************************************************************************     
* Comment area:                                                                 
*                                                                               
*                                                                               
***************************************************************************     
    Station   DD MM YYYY     RAD   Tmin   Tmax    HUM   WIND   RAIN   ETref     
*             nr nr   nr   kJ/m2      C      C    kPa    m/s     mm      mm     
 'Wageningen'  1  1 1975    470.    7.2    8.3   0.96    3.5    0.2   -99.9
 'Wageningen'  2  1 1975   1360.    0.1    7.1   0.63    1.1    0.1   -99.9
 'Wageningen'  3  1 1975   1050.    0.3    4.8   0.63    2.6    0.3   -99.9
 'Wageningen'  4  1 1975   2390.    3.0    6.7   0.71    3.5    0.3   -99.9
 'Wageningen'  5  1 1975    560.    5.0    8.8   0.82    5.4    0.2   -99.9
 'Wageningen'  6  1 1975   1270.    6.8   10.0   0.86    6.6   16.7   -99.9
 'Wageningen'  7  1 1975   2590.    3.0    8.3   0.69    4.4    7.2   -99.9
 'Wageningen'  8  1 1975   4010.    0.3    6.5   0.57    2.1    0.2   -99.9
 'Wageningen'  9  1 1975   1030.    0.5    8.1   0.62    3.4    0.0   -99.9
 'Wageningen' 10  1 1975   1040.    5.8    8.3   0.74    3.5    0.0   -99.9
 'Wageningen' 11  1 1975   1050.    5.6    8.4   0.79    4.3    0.0   -99.9
 'Wageningen' 12  1 1975   2860.    5.6   10.4   0.78    4.7    0.0   -99.9
 'Wageningen' 13  1 1975   3860.    5.0    9.0   0.76    3.5    0.0   -99.9
 'Wageningen' 14  1 1975   3940.    5.2   12.8   0.66    4.3    2.1   -99.9
 'Wageningen' 15  1 1975   1770.    9.7   13.4   0.82    4.7    0.6   -99.9
 'Wageningen' 16  1 1975    920.    7.9   12.0   0.86    4.8    2.4   -99.9
 'Wageningen' 17  1 1975   1030.    3.9    8.8   0.72    5.1    5.9   -99.9
 'Wageningen' 18  1 1975   2920.    2.5    6.7   0.70    2.6    3.9   -99.9
 'Wageningen' 19  1 1975   4010.    0.7    7.5   0.66    1.6    0.0   -99.9
 'Wageningen' 20  1 1975   3900.    0.7    5.3   0.56    4.3    2.0   -99.9
 'Wageningen' 21  1 1975   1550.    2.7    6.4   0.66    4.7    0.4   -99.9
 'Wageningen' 22  1 1975   1010.    2.1    9.3   0.71    6.6   11.2   -99.9
 'Wageningen' 23  1 1975   3130.    2.6    7.8   0.63    5.4    3.4   -99.9
 'Wageningen' 24  1 1975   4130.    3.2    7.9   0.68    4.9    0.0   -99.9
 'Wageningen' 25  1 1975    850.    4.3   11.0   0.75    5.8    4.7   -99.9
 'Wageningen' 26  1 1975   6040.    1.8    6.8   0.60    3.5    5.0   -99.9
 'Wageningen' 27  1 1975    840.    2.5    9.6   0.76    5.2    9.6   -99.9
 'Wageningen' 28  1 1975   2080.    1.8    6.0   0.68    4.5    5.5   -99.9
 'Wageningen' 29  1 1975   4840.    3.1    6.9   0.62    3.5    0.5   -99.9
 'Wageningen' 30  1 1975   1630.    4.7   11.4   0.92    3.1    1.3   -99.9
 'Wageningen' 31  1 1975   2710.    7.4   11.5   0.95    3.5    9.8   -99.9
 'Wageningen'  1  2 1975   6150.    3.0    9.3   0.71    2.6    0.0   -99.9
 'Wageningen'  2  2 1975   3200.    5.2   11.1   0.93    1.5    0.0   -99.9
 'Wageningen'  3  2 1975   2420.    3.6    6.3   0.61    3.1    0.0   -99.9
 'Wageningen'  4  2 1975   6520.   -1.1    4.4   0.44    3.3    0.0   -99.9
 'Wageningen'  5  2 1975   6610.   -2.6    3.4   0.49    1.9    0.0   -99.9
 'Wageningen'  6  2 1975   7360.   -2.9    8.0   0.47    1.3    0.0   -99.9
 'Wageningen'  7  2 1975   7270.   -4.6    6.4   0.51    1.6    0.0   -99.9
 'Wageningen'  8  2 1975   6980.   -1.0    4.5   0.54    3.1    0.0   -99.9
 'Wageningen'  9  2 1975   8020.    0.0    7.2   0.46    3.0    0.0   -99.9
 'Wageningen' 10  2 1975   3960.   -0.5    7.1   0.65    1.4    0.0   -99.9
 'Wageningen' 11  2 1975   5120.    0.7   10.7   0.74    1.9    0.3   -99.9
 'Wageningen' 12  2 1975   1280.    5.6    8.6   0.88    2.1    4.4   -99.9
 'Wageningen' 13  2 1975   1740.    4.0    7.0   0.79    4.0    5.6   -99.9
 'Wageningen' 14  2 1975   4010.   -1.0    5.2   0.55    2.4    0.0   -99.9
 'Wageningen' 15  2 1975   5220.   -3.4    1.9   0.45    1.8    0.0   -99.9
 'Wageningen' 16  2 1975   9060.   -4.2    3.2   0.35    3.1    0.0   -99.9
 'Wageningen' 17  2 1975   2990.   -1.7    6.0   0.51    3.9    3.6   -99.9
 'Wageningen' 18  2 1975   5880.    3.0    9.6   0.75    1.0    4.8   -99.9
 'Wageningen' 19  2 1975   6270.    0.3    7.3   0.63    1.9    0.0   -99.9
 'Wageningen' 20  2 1975   8010.   -0.1    6.3   0.57    1.9    0.0   -99.9
 'Wageningen' 21  2 1975  10220.   -0.4    8.2   0.48    3.9    0.0   -99.9
 'Wageningen' 22  2 1975   9630.   -0.7    7.0   0.48    2.6    0.0   -99.9
 'Wageningen' 23  2 1975  10050.   -2.7   10.0   0.59    1.4    0.0   -99.9
 'Wageningen' 24  2 1975   7800.   -3.1    9.3   0.60    1.2    0.0   -99.9
 'Wageningen' 25  2 1975   3200.    1.3    4.3   0.61    3.6    0.0   -99.9
 'Wageningen' 26  2 1975  11160.    0.5   10.0   0.43    4.2    0.0   -99.9
 'Wageningen' 27  2 1975  11310.   -3.7   10.0   0.41    1.9    0.0   -99.9
 'Wageningen' 28  2 1975  11180.   -5.3   10.1   0.51    1.2    0.0   -99.9
 'Wageningen'  1  3 1975   8520.    0.1   11.5   0.63    2.5    0.0   -99.9
 'Wageningen'  2  3 1975   7040.    1.9   14.6   0.86    2.8    3.9   -99.9
 'Wageningen'  3  3 1975   5700.    6.1   12.9   0.90    3.4    0.6   -99.9
 'Wageningen'  4  3 1975   2720.    5.9   10.6   0.95    1.5    0.1   -99.9
 'Wageningen'  5  3 1975   4850.    5.2   11.0   0.91    2.1    2.9   -99.9
 'Wageningen'  6  3 1975   4180.    5.4    8.8   0.87    1.9    1.5   -99.9
 'Wageningen'  7  3 1975   4700.    5.6   10.3   0.97    3.5   10.5   -99.9
 'Wageningen'  8  3 1975   6580.    3.3    9.3   0.75    3.0    0.0   -99.9
 'Wageningen'  9  3 1975   3130.    6.6    9.5   0.92    2.0    1.9   -99.9
 'Wageningen' 10  3 1975   3420.    5.3    9.1   0.89    1.7    2.7   -99.9
 'Wageningen' 11  3 1975   1670.    5.6    7.4   0.90    1.2    0.1   -99.9
 'Wageningen' 12  3 1975   1660.    4.1    6.4   0.81    3.0    2.3   -99.9
 'Wageningen' 13  3 1975   2000.    3.1    5.5   0.71    2.8    0.0   -99.9
 'Wageningen' 14  3 1975   1880.    3.5    5.5   0.74    1.4    2.4   -99.9
 'Wageningen' 15  3 1975   1970.    1.3    6.2   0.75    1.3    2.7   -99.9
 'Wageningen' 16  3 1975   9470.   -1.8    5.3   0.59    2.1    1.6   -99.9
 'Wageningen' 17  3 1975   8350.   -2.3    4.0   0.58    2.6    2.1   -99.9
 'Wageningen' 18  3 1975   7940.   -2.3    2.6   0.49    4.4    0.5   -99.9
 'Wageningen' 19  3 1975   2180.    0.0    5.6   0.61    5.8    5.2   -99.9
 'Wageningen' 20  3 1975   1200.    3.0    6.0   0.72    4.2    2.0   -99.9
 'Wageningen' 21  3 1975  17130.   -0.2    8.4   0.53    2.9    0.0   -99.9
 'Wageningen' 22  3 1975   5550.    0.5    6.8   0.66    3.2    2.1   -99.9
 'Wageningen' 23  3 1975  14900.   -0.5    9.7   0.54    1.1    2.2   -99.9
 'Wageningen' 24  3 1975  10190.   -1.7    7.5   0.65    3.5    2.8   -99.9
 'Wageningen' 25  3 1975  10380.    0.2    6.2   0.61    4.7    9.0   -99.9
 'Wageningen' 26  3 1975   6160.   -0.5    5.6   0.64    4.3    1.5   -99.9
 'Wageningen' 27  3 1975   6390.    0.2    4.8   0.70    2.2   10.8   -99.9
 'Wageningen' 28  3 1975   8630.   -0.3    5.5   0.66    2.9    1.9   -99.9
 'Wageningen' 29  3 1975   9050.   -0.4    5.4   0.68    3.6    3.9   -99.9
 'Wageningen' 30  3 1975  12040.   -1.6    6.7   0.65    1.4    0.0   -99.9
 'Wageningen' 31  3 1975  17610.   -3.5    7.4   0.60    1.6    0.8   -99.9
 'Wageningen'  1  4 1975   9750.    0.7    6.6   0.65    2.2    3.3   -99.9
 'Wageningen'  2  4 1975   5490.   -0.3    6.0   0.64    3.1    1.1   -99.9
 'Wageningen'  3  4 1975  12150.   -2.0    7.9   0.66    0.8    0.6   -99.9
 'Wageningen'  4  4 1975   5350.   -0.2    3.4   0.65    3.4    4.6   -99.9
 'Wageningen'  5  4 1975   9670.   -2.5    6.7   0.62    3.1    0.3   -99.9
 'Wageningen'  6  4 1975  10350.   -2.6    7.9   0.60    1.5    0.1   -99.9
 'Wageningen'  7  4 1975   9300.   -1.5    6.0   0.64    4.5    3.0   -99.9
 'Wageningen'  8  4 1975  11300.    2.3    6.3   0.65    5.7    3.2   -99.9
 'Wageningen'  9  4 1975   6960.   -1.5    6.0   0.62    2.9    2.6   -99.9
 'Wageningen' 10  4 1975  13940.   -2.3    6.3   0.58    1.6    3.2   -99.9
 'Wageningen' 11  4 1975   3710.    0.0    6.0   0.70    2.5    0.4   -99.9
 'Wageningen' 12  4 1975   3320.    4.0    9.0   0.93    3.2    1.2   -99.9
 'Wageningen' 13  4 1975   9300.    3.6   10.6   0.85    1.5    2.0   -99.9
 'Wageningen' 14  4 1975   4640.    8.2   11.5   1.13    3.7    3.8   -99.9
 'Wageningen' 15  4 1975   4900.    6.6   10.2   1.01    2.9    7.4   -99.9
 'Wageningen' 16  4 1975   3930.    2.0    8.4   0.82    2.3    0.1   -99.9
 'Wageningen' 17  4 1975  14380.   -0.1   11.7   0.82    2.4    4.6   -99.9
 'Wageningen' 18  4 1975   7940.    9.6   16.6   1.40    3.1    0.8   -99.9
 'Wageningen' 19  4 1975   3560.    7.2   12.6   1.07    3.1    3.2   -99.9
 'Wageningen' 20  4 1975  16620.    2.6   14.5   1.01    1.9    0.0   -99.9
 'Wageningen' 21  4 1975  21930.    1.0   16.6   0.89    1.1    0.0   -99.9
 'Wageningen' 22  4 1975  19650.    4.1   20.0   1.18    1.0    0.0   -99.9
 'Wageningen' 23  4 1975  11800.    5.6   14.7   1.23    3.0    0.0   -99.9
 'Wageningen' 24  4 1975  11800.    3.0   12.9   1.05    2.5    0.0   -99.9
 'Wageningen' 25  4 1975  23650.    1.6   12.9   0.89    3.2    0.1   -99.9
 'Wageningen' 26  4 1975   8180.    7.5   11.4   1.03    2.4    0.0   -99.9
 'Wageningen' 27  4 1975  10930.    7.0   14.4   1.18    1.4    1.3   -99.9
 'Wageningen' 28  4 1975  13000.    8.9   17.1   1.36    1.9    0.0   -99.9
 'Wageningen' 29  4 1975  18560.    8.5   22.5   1.34    3.0    9.2   -99.9
 'Wageningen' 30  4 1975  17690.    4.6   13.0   0.94    3.1    0.0   -99.9
 'Wageningen'  1  5 1975  17480.    3.6   14.8   0.83    4.0    0.0   -99.9
 'Wageningen'  2  5 1975   8260.    5.4   13.4   1.14    3.5   10.4   -99.9
 'Wageningen'  3  5 1975  19040.    1.5   10.8   0.85    3.2    0.7   -99.9
 'Wageningen'  4  5 1975  15370.    1.1   11.9   0.85    3.1    5.3   -99.9
 'Wageningen'  5  5 1975  23740.    4.7   15.6   0.77    4.9    0.0   -99.9
 'Wageningen'  6  5 1975  20080.    7.9   18.4   0.91    4.9    1.7   -99.9
 'Wageningen'  7  5 1975  11980.    6.4   18.4   1.43    3.3    3.9   -99.9
 'Wageningen'  8  5 1975  13000.    4.2   16.6   1.14    1.2    0.1   -99.9
 'Wageningen'  9  5 1975  15500.    8.3   17.2   1.32    1.5    3.6   -99.9
 'Wageningen' 10  5 1975  14790.    7.6   15.3   1.26    2.6    7.0   -99.9
 'Wageningen' 11  5 1975  14650.    2.9   15.0   1.12    2.8    0.7   -99.9
 'Wageningen' 12  5 1975  23660.    2.3   13.4   0.78    2.2    0.0   -99.9
 'Wageningen' 13  5 1975  11840.    9.0   14.1   1.10    2.7    2.6   -99.9
 'Wageningen' 14  5 1975  15240.    7.0   16.1   1.22    1.7    1.3   -99.9
 'Wageningen' 15  5 1975  13960.    5.0   16.5   1.22    0.9    0.0   -99.9
 'Wageningen' 16  5 1975  17060.    7.6   19.6   1.52    1.8    0.0   -99.9
 'Wageningen' 17  5 1975  14580.   11.4   21.2   1.75    1.6    3.6   -99.9
 'Wageningen' 18  5 1975  17080.   10.5   15.3   1.26    2.4    0.0   -99.9
 'Wageningen' 19  5 1975  17150.    5.1   14.8   1.11    1.7    0.0   -99.9
 'Wageningen' 20  5 1975  26890.    2.2   20.6   1.21    1.1    0.0   -99.9
 'Wageningen' 21  5 1975  25190.    6.0   13.1   0.82    2.7    0.0   -99.9
 'Wageningen' 22  5 1975  15910.    2.0   10.6   0.71    3.0    0.0   -99.9
 'Wageningen' 23  5 1975  10690.    1.5    9.5   0.77    2.1    0.0   -99.9
 'Wageningen' 24  5 1975  10700.    5.0   10.6   0.85    1.1    0.0   -99.9
 'Wageningen' 25  5 1975  21070.    5.5   18.5   0.96    3.1    0.0   -99.9
 'Wageningen' 26  5 1975  23320.    7.1   19.3   0.98    3.8    0.0   -99.9
 'Wageningen' 27  5 1975  19620.    7.9   19.6   1.11    3.9    0.0   -99.9
 'Wageningen' 28  5 1975  26500.    8.1   22.1   1.35    2.4    0.0   -99.9
 'Wageningen' 29  5 1975  18230.    8.1   13.0   1.01    2.3    0.0   -99.9
 'Wageningen' 30  5 1975  14230.    3.2   10.2   0.70    2.3    0.0   -99.9
 'Wageningen' 31  5 1975  17790.    1.7   12.3   0.83    2.7    0.8   -99.9
 'Wageningen'  1  6 1975  21040.    1.4   12.8   0.88    2.1    0.7   -99.9
 'Wageningen'  2  6 1975  16170.    1.0   13.4   0.93    3.1   10.2   -99.9
 'Wageningen'  3  6 1975  12000.    5.1   10.1   0.97    4.3    6.5   -99.9
 'Wageningen'  4  6 1975  16290.    2.6   12.9   0.90    3.1    0.0   -99.9
 'Wageningen'  5  6 1975  21670.    2.3   17.6   0.93    1.7    0.0   -99.9
 'Wageningen'  6  6 1975  24950.   12.4   22.9   1.30    1.5    0.0   -99.9
 'Wageningen'  7  6 1975  27370.    9.1   22.8   1.03    2.5    0.0   -99.9
 'Wageningen'  8  6 1975  28080.    7.6   22.6   1.08    2.3    0.0   -99.9
 'Wageningen'  9  6 1975  22380.    7.4   22.6   1.26    2.6    0.0   -99.9
 'Wageningen' 10  6 1975  20480.    9.7   25.1   1.76    2.4    1.6   -99.9
 'Wageningen' 11  6 1975  28310.   13.0   24.9   1.23    2.8    0.0   -99.9
 'Wageningen' 12  6 1975  24790.    9.3   27.6   1.51    1.9    0.0   -99.9
 'Wageningen' 13  6 1975  23430.    7.4   24.7   1.46    1.8    0.0   -99.9
 'Wageningen' 14  6 1975  16930.   12.9   21.1   1.61    2.0    3.2   -99.9
 'Wageningen' 15  6 1975   5140.   12.4   14.8   1.47    1.3    5.8   -99.9
 'Wageningen' 16  6 1975  23540.    8.5   17.3   1.22    2.9    1.3   -99.9
 'Wageningen' 17  6 1975  12710.    8.5   17.0   1.42    1.6   12.6   -99.9
 'Wageningen' 18  6 1975  15150.   11.0   18.8   1.49    1.6    0.0   -99.9
 'Wageningen' 19  6 1975  25570.    7.4   22.3   1.45    1.2    0.0   -99.9
 'Wageningen' 20  6 1975  22100.   10.2   23.1   1.71    2.0    0.0   -99.9
 'Wageningen' 21  6 1975  16340.   11.5   24.4   1.76    2.5    1.0   -99.9
 'Wageningen' 22  6 1975   9810.   15.0   21.4   2.02    2.5    3.8   -99.9
 'Wageningen' 23  6 1975  18730.   15.0   26.6   2.46    1.7   38.0   -99.9
 'Wageningen' 24  6 1975  18050.   12.6   24.1   2.09    2.6    0.0   -99.9
 'Wageningen' 25  6 1975  21690.    8.5   17.4   1.20    2.1    0.0   -99.9
 'Wageningen' 26  6 1975  28480.    5.7   21.6   1.45    1.6    0.0   -99.9
 'Wageningen' 27  6 1975  12270.   11.5   16.0   1.07    2.4    0.0   -99.9
 'Wageningen' 28  6 1975  14830.    9.4   15.0   0.99    2.3    0.6   -99.9
 'Wageningen' 29  6 1975  21220.    9.7   16.5   1.24    2.3    0.1   -99.9
 'Wageningen' 30  6 1975  19500.    7.1   18.6   1.34    2.1    1.7   -99.9
 'Wageningen'  1  7 1975  28120.    5.6   19.6   1.34    2.3    0.0   -99.9
 'Wageningen'  2  7 1975  19460.    7.7   22.3   1.43    1.6    0.0   -99.9
 'Wageningen'  3  7 1975   8430.   15.0   20.0   1.38    2.1    8.0   -99.9
 'Wageningen'  4  7 1975  10620.   12.5   20.9   1.49    3.0    0.0   -99.9
 'Wageningen'  5  7 1975  26410.    9.5   20.6   1.63    2.5    0.0   -99.9
 'Wageningen'  6  7 1975  23600.   12.0   25.5   1.72    1.9    0.0   -99.9
 'Wageningen'  7  7 1975  26270.   10.3   27.3   1.70    2.2    0.0   -99.9
 'Wageningen'  8  7 1975  20330.   15.3   30.4   2.35    1.8   15.7   -99.9
 'Wageningen'  9  7 1975  17550.   13.2   23.5   1.95    1.7    0.1   -99.9
 'Wageningen' 10  7 1975  16700.   11.3   23.1   1.88    1.0   10.5   -99.9
 'Wageningen' 11  7 1975  17010.   14.1   24.9   2.13    1.4    0.1   -99.9
 'Wageningen' 12  7 1975  15330.   13.7   22.0   1.83    2.6    0.0   -99.9
 'Wageningen' 13  7 1975  12760.   15.6   23.0   1.95    2.3    0.0   -99.9
 'Wageningen' 14  7 1975  22700.   14.4   30.0   2.30    3.8    0.1   -99.9
 'Wageningen' 15  7 1975  11830.   14.8   20.6   1.55    4.1    0.2   -99.9
 'Wageningen' 16  7 1975  16910.   13.7   21.4   1.62    4.5    0.0   -99.9
 'Wageningen' 17  7 1975  12810.   12.9   22.7   1.93    1.4    1.5   -99.9
 'Wageningen' 18  7 1975  11560.   13.7   21.4   2.01    1.0   20.5   -99.9
 'Wageningen' 19  7 1975  12440.   10.7   21.9   1.90    1.6   16.7   -99.9
 'Wageningen' 20  7 1975   8170.   12.3   21.2   1.96    1.9    7.5   -99.9
 'Wageningen' 21  7 1975  15270.   11.5   22.0   1.75    1.9    0.0   -99.9
 'Wageningen' 22  7 1975  15030.   11.4   19.6   1.44    3.2    0.0   -99.9
 'Wageningen' 23  7 1975  16580.   15.3   21.7   1.66    3.7    1.2   -99.9
 'Wageningen' 24  7 1975  16940.   10.7   17.6   1.33    4.2    8.6   -99.9
 'Wageningen' 25  7 1975  16530.   10.3   18.1   1.39    3.2    0.0   -99.9
 'Wageningen' 26  7 1975  11890.    8.5   19.1   1.47    0.9    0.0   -99.9
 'Wageningen' 27  7 1975  14810.    9.9   22.1   1.77    0.9    0.0   -99.9
 'Wageningen' 28  7 1975  20790.   11.5   23.1   1.83    1.1    0.0   -99.9
 'Wageningen' 29  7 1975  24400.    8.9   25.8   1.90    0.6    0.0   -99.9
 'Wageningen' 30  7 1975  22590.   10.1   28.8   2.09    0.7    0.0   -99.9
 'Wageningen' 31  7 1975  21370.   13.2   27.6   2.06    1.7    6.9   -99.9
 'Wageningen'  1  8 1975  22460.   13.8   26.5   2.01    1.8    0.0   -99.9
 'Wageningen'  2  8 1975  25080.   11.0   26.0   1.60    1.2    0.0   -99.9
 'Wageningen'  3  8 1975  24580.   12.4   28.7   1.89    2.0    0.0   -99.9
 'Wageningen'  4  8 1975  23880.   15.2   30.9   1.89    2.1    0.0   -99.9
 'Wageningen'  5  8 1975  22020.   19.6   31.2   1.69    3.2    0.0   -99.9
 'Wageningen'  6  8 1975  22190.   17.4   31.2   1.81    1.9    0.0   -99.9
 'Wageningen'  7  8 1975  21090.   15.9   31.6   1.71    1.8    0.0   -99.9
 'Wageningen'  8  8 1975  21040.   22.1   31.6   1.83    3.0    0.0   -99.9
 'Wageningen'  9  8 1975  20190.   17.3   31.6   2.26    3.1    3.8   -99.9
 'Wageningen' 10  8 1975  21260.   14.0   30.0   2.44    1.9    0.0   -99.9
 'Wageningen' 11  8 1975  15600.   14.9   24.6   2.08    2.0    5.8   -99.9
 'Wageningen' 12  8 1975  18260.   15.8   29.0   2.47    1.7    0.0   -99.9
 'Wageningen' 13  8 1975  17330.   14.3   28.5   2.01    1.6    0.0   -99.9
 'Wageningen' 14  8 1975  19830.   18.6   27.8   1.30    2.5    0.0   -99.9
 'Wageningen' 15  8 1975  11220.   15.7   24.5   2.00    3.2    3.0   -99.9
 'Wageningen' 16  8 1975   5140.   15.2   19.2   1.79    3.4   13.0   -99.9
 'Wageningen' 17  8 1975  13850.    9.9   19.6   1.57    2.6    0.0   -99.9
 'Wageningen' 18  8 1975  16300.    9.0   20.6   1.41    2.0    0.0   -99.9
 'Wageningen' 19  8 1975  16930.    9.0   23.2   1.63    2.1    0.7   -99.9
 'Wageningen' 20  8 1975  15430.   15.6   24.4   2.09    2.9    0.0   -99.9
 'Wageningen' 21  8 1975  10840.   15.5   25.0   2.35    1.6   19.1   -99.9
 'Wageningen' 22  8 1975  12100.   10.6   19.6   1.50    1.8    0.3   -99.9
 'Wageningen' 23  8 1975  12300.    9.8   19.0   1.48    1.2    0.1   -99.9
 'Wageningen' 24  8 1975  12540.    9.1   19.1   1.51    1.6    0.4   -99.9
 'Wageningen' 25  8 1975  16980.    9.4   20.3   1.51    1.8    0.1   -99.9
 'Wageningen' 26  8 1975  17830.    8.0   21.6   1.46    1.4    0.0   -99.9
 'Wageningen' 27  8 1975  20690.    5.7   23.3   1.36    1.4    0.0   -99.9
 'Wageningen' 28  8 1975  19840.   10.0   25.6   1.43    2.0    0.0   -99.9
 'Wageningen' 29  8 1975  18360.   11.4   25.9   1.65    1.5    0.0   -99.9
 'Wageningen' 30  8 1975  16010.   10.0   26.1   1.69    0.8    0.0   -99.9
 'Wageningen' 31  8 1975  12150.   14.0   25.2   2.06    1.7    0.0   -99.9
 'Wageningen'  1  9 1975   9230.   16.2   22.8   2.03    1.9    0.2   -99.9
 'Wageningen'  2  9 1975  14670.   13.6   26.1   2.13    0.7    0.0   -99.9
 'Wageningen'  3  9 1975   5030.   10.9   21.6   1.75    1.6    0.0   -99.9
 'Wageningen'  4  9 1975  15610.    7.3   20.6   1.21    0.7    3.8   -99.9
 'Wageningen'  5  9 1975  10360.    8.0   20.1   1.35    0.5    0.1   -99.9
 'Wageningen'  6  9 1975  15630.    7.1   20.5   1.37    1.2    0.0   -99.9
 'Wageningen'  7  9 1975  12280.    5.7   20.1   1.36    0.9    0.7   -99.9
 'Wageningen'  8  9 1975  17610.    3.3   22.1   1.31    1.0    0.0   -99.9
 'Wageningen'  9  9 1975  11080.   11.6   23.5   1.52    2.8    8.2   -99.9
 'Wageningen' 10  9 1975  12380.   12.6   19.6   1.59    2.9    0.2   -99.9
 'Wageningen' 11  9 1975   9720.   11.9   19.6   1.61    2.0    3.6   -99.9
 'Wageningen' 12  9 1975   9670.   10.4   17.6   1.31    3.7    9.3   -99.9
 'Wageningen' 13  9 1975  13380.   10.0   16.3   1.17    4.2   11.5   -99.9
 'Wageningen' 14  9 1975   5190.   10.6   16.0   1.29    2.3    4.6   -99.9
 'Wageningen' 15  9 1975  14180.   10.3   17.9   1.34    1.1    0.0   -99.9
 'Wageningen' 16  9 1975  14830.    9.6   21.5   1.46    2.0    0.0   -99.9
 'Wageningen' 17  9 1975   7040.   11.4   18.9   1.45    2.0    0.6   -99.9
 'Wageningen' 18  9 1975  11520.   11.0   20.0   1.45    2.8    0.0   -99.9
 'Wageningen' 19  9 1975  12980.    8.9   20.8   1.51    0.8    0.0   -99.9
 'Wageningen' 20  9 1975  11410.   10.2   21.0   1.55    1.8    3.7   -99.9
 'Wageningen' 21  9 1975  14240.    5.3   18.8   1.18    1.8    0.0   -99.9
 'Wageningen' 22  9 1975  14640.    3.6   19.0   1.16    0.8    0.0   -99.9
 'Wageningen' 23  9 1975  12210.    7.4   20.7   1.37    2.5    0.8   -99.9
 'Wageningen' 24  9 1975  11200.   14.6   19.2   1.58    2.8    0.0   -99.9
 'Wageningen' 25  9 1975   4610.   14.1   18.2   1.51    5.6   15.8   -99.9
 'Wageningen' 26  9 1975  11270.    8.8   16.0   1.13    4.4    7.5   -99.9
 'Wageningen' 27  9 1975   6370.    8.1   22.6   1.44    5.6    1.3   -99.9
 'Wageningen' 28  9 1975  12750.   12.0   17.6   1.07    3.5    0.3   -99.9
 'Wageningen' 29  9 1975   8320.   12.5   22.6   1.77    2.7    0.3   -99.9
 'Wageningen' 30  9 1975   9220.   13.6   25.6   1.75    3.1    1.9   -99.9
 'Wageningen'  1 10 1975  12160.    8.7   16.8   1.18    2.7    0.0   -99.9
 'Wageningen'  2 10 1975  12220.    7.7   18.0   1.22    2.8    0.4   -99.9
 'Wageningen'  3 10 1975   1580.    7.7   16.6   1.20    4.6    0.2   -99.9
 'Wageningen'  4 10 1975   8890.    7.0   14.8   1.05    3.3    1.0   -99.9
 'Wageningen'  5 10 1975   3140.   10.2   15.3   1.32    2.8    0.0   -99.9
 'Wageningen'  6 10 1975   6950.    8.6   17.0   1.31    2.7    0.1   -99.9
 'Wageningen'  7 10 1975   7790.    8.2   14.5   0.97    2.6    0.0   -99.9
 'Wageningen'  8 10 1975   8500.    5.5   13.2   0.91    1.4    0.1   -99.9
 'Wageningen'  9 10 1975   5920.    0.3   12.0   0.83    1.2    0.8   -99.9
 'Wageningen' 10 10 1975  10860.   -1.8   11.4   0.68    1.2    3.8   -99.9
 'Wageningen' 11 10 1975   7790.    1.5    9.6   0.74    2.5    0.0   -99.9
 'Wageningen' 12 10 1975  11690.    0.7    9.3   0.64    3.1    3.5   -99.9
 'Wageningen' 13 10 1975   4330.    0.3    5.6   0.69    1.6    0.2   -99.9
 'Wageningen' 14 10 1975   6520.    2.6    9.3   0.80    2.1    0.0   -99.9
 'Wageningen' 15 10 1975   5980.    6.5   14.1   1.06    2.1    0.0   -99.9
 'Wageningen' 16 10 1975   6920.    6.6   15.2   1.12    1.7    1.7   -99.9
 'Wageningen' 17 10 1975   8320.    3.9   15.0   0.97    1.8    0.0   -99.9
 'Wageningen' 18 10 1975   2670.    8.5   10.1   0.93    2.9    0.0   -99.9
 'Wageningen' 19 10 1975   3070.    7.0   11.9   0.98    2.2    0.0   -99.9
 'Wageningen' 20 10 1975   7710.    6.7   10.7   0.91    2.6    0.0   -99.9
 'Wageningen' 21 10 1975   2680.    7.1    9.3   1.00    1.4    0.5   -99.9
 'Wageningen' 22 10 1975   7560.    6.0   11.6   1.01    1.5    0.0   -99.9
 'Wageningen' 23 10 1975   6580.    5.8   12.4   0.97    2.8    0.0   -99.9
 'Wageningen' 24 10 1975   7760.    3.9   14.7   0.95    1.5    0.0   -99.9
 'Wageningen' 25 10 1975   1930.    1.2    7.0   0.78    1.3    0.1   -99.9
 'Wageningen' 26 10 1975   2440.    3.9    6.1   0.83    1.2    0.1   -99.9
 'Wageningen' 27 10 1975    980.    3.8    6.0   0.80    1.2    0.0   -99.9
 'Wageningen' 28 10 1975   1110.    3.2    4.5   0.73    1.2    0.0   -99.9
 'Wageningen' 29 10 1975   5660.    0.3   10.5   0.76    1.2    0.0   -99.9
 'Wageningen' 30 10 1975   6500.    3.5   15.8   0.92    1.4    0.1   -99.9
 'Wageningen' 31 10 1975   6590.    6.2   16.0   0.99    2.3    4.0   -99.9
 'Wageningen'  1 11 1975   3490.    7.9   13.9   1.15    1.3    2.0   -99.9
 'Wageningen'  2 11 1975   2550.    6.4   11.9   1.04    1.4    0.2   -99.9
 'Wageningen'  3 11 1975   2800.    3.5    9.9   0.84    2.5    1.4   -99.9
 'Wageningen'  4 11 1975   5680.    0.6    9.7   0.79    1.1    0.2   -99.9
 'Wageningen'  5 11 1975   2310.    4.0    6.8   0.84    1.6    0.0   -99.9
 'Wageningen'  6 11 1975   2610.    4.7   10.1   0.89    1.5    3.8   -99.9
 'Wageningen'  7 11 1975   1340.    2.6    9.3   0.84    1.2    2.2   -99.9
 'Wageningen'  8 11 1975   4640.    5.8    8.2   0.82    3.4    0.0   -99.9
 'Wageningen'  9 11 1975   5010.    3.3    7.7   0.67    3.3    0.0   -99.9
 'Wageningen' 10 11 1975   2800.    1.6    5.6   0.65    1.3    0.0   -99.9
 'Wageningen' 11 11 1975   4030.   -4.2    7.3   0.58    0.5    0.0   -99.9
 'Wageningen' 12 11 1975   4990.   -2.3    5.0   0.52    2.3    0.0   -99.9
 'Wageningen' 13 11 1975    840.    0.5    3.7   0.63    2.1    0.0   -99.9
 'Wageningen' 14 11 1975   1700.    0.8    5.6   0.68    1.6    0.0   -99.9
 'Wageningen' 15 11 1975   2170.   -2.2    7.8   0.64    3.1   16.5   -99.9
 'Wageningen' 16 11 1975   1400.    7.3   10.7   1.06    2.5    4.9   -99.9
 'Wageningen' 17 11 1975   1250.    7.7   10.3   1.05    1.4    1.9   -99.9
 'Wageningen' 18 11 1975   1430.    1.4    8.3   0.69    2.2    0.0   -99.9
 'Wageningen' 19 11 1975    520.    2.4   11.6   0.81    3.9    9.6   -99.9
 'Wageningen' 20 11 1975   2490.    2.1   11.5   0.65    4.6    0.3   -99.9
 'Wageningen' 21 11 1975   3430.   -0.4    7.3   0.58    2.4    4.0   -99.9
 'Wageningen' 22 11 1975   3180.   -1.0    8.0   0.55    1.7    0.0   -99.9
 'Wageningen' 23 11 1975   4830.   -1.8    4.0   0.45    2.6    0.0   -99.9
 'Wageningen' 24 11 1975   4510.   -3.4    1.9   0.35    2.4    0.0   -99.9
 'Wageningen' 25 11 1975   3210.   -3.5    3.4   0.43    2.9    7.2   -99.9
 'Wageningen' 26 11 1975    700.    2.6    7.0   0.78    3.2    5.2   -99.9
 'Wageningen' 27 11 1975   3190.    1.9    7.0   0.69    5.0    5.5   -99.9
 'Wageningen' 28 11 1975   2740.    4.0   12.4   0.85    4.6   16.9   -99.9
 'Wageningen' 29 11 1975   2040.    3.7    6.0   0.77    2.7    0.3   -99.9
 'Wageningen' 30 11 1975   2270.    2.5    5.7   0.74    0.7    0.0   -99.9
 'Wageningen'  1 12 1975   2040.    2.2    5.8   0.66    4.5    9.2   -99.9
 'Wageningen'  2 12 1975   1740.    5.0    9.5   0.82    5.3    0.2   -99.9
 'Wageningen'  3 12 1975   3690.    1.1    8.6   0.65    2.1    0.0   -99.9
 'Wageningen'  4 12 1975   2310.    0.6    6.4   0.61    3.4    0.7   -99.9
 'Wageningen'  5 12 1975    600.    5.5    8.7   0.91    3.1    0.3   -99.9
 'Wageningen'  6 12 1975   2970.    3.3    9.6   0.70    2.9    0.0   -99.9
 'Wageningen'  7 12 1975   1290.    1.3    7.7   0.67    2.5    0.0   -99.9
 'Wageningen'  8 12 1975   2320.    1.3    7.5   0.57    2.0    0.0   -99.9
 'Wageningen'  9 12 1975   1700.   -0.5    5.9   0.59    0.9    0.0   -99.9
 'Wageningen' 10 12 1975    490.    3.6    4.3   0.69    1.4    0.7   -99.9
 'Wageningen' 11 12 1975   2320.    3.0    7.0   0.68    1.2    0.0   -99.9
 'Wageningen' 12 12 1975    780.    1.2    2.9   0.59    1.5    2.3   -99.9
 'Wageningen' 13 12 1975   3650.   -4.3    4.4   0.43    2.3    0.0   -99.9
 'Wageningen' 14 12 1975   5190.   -8.4    1.1   0.34    0.3    0.0   -99.9
 'Wageningen' 15 12 1975   4730.  -10.4    0.6   0.30    0.2    0.0   -99.9
 'Wageningen' 16 12 1975   3740.  -10.3   -2.0   0.30    0.6    0.0   -99.9
 'Wageningen' 17 12 1975   2630.   -4.2    3.7   0.45    1.8    0.0   -99.9
 'Wageningen' 18 12 1975   4200.   -9.6    0.0   0.31    0.5    0.0   -99.9
 'Wageningen' 19 12 1975   1100.   -2.6    0.7   0.43    1.1    0.9   -99.9
 'Wageningen' 20 12 1975   1370.   -1.9    4.4   0.55    0.5    0.2   -99.9
 'Wageningen' 21 12 1975   1550.    2.2    5.9   0.72    2.2    0.0   -99.9
 'Wageningen' 22 12 1975    590.    3.8    5.7   0.76    2.7    0.0   -99.9
 'Wageningen' 23 12 1975    900.    4.1    6.2   0.73    3.2    0.3   -99.9
 'Wageningen' 24 12 1975    770.    2.1    5.1   0.63    4.0    4.2   -99.9
 'Wageningen' 25 12 1975    560.    0.2    6.8   0.65    2.8    3.3   -99.9
 'Wageningen' 26 12 1975   1330.    0.5    7.8   0.64    2.6    0.0   -99.9
 'Wageningen' 27 12 1975    640.    4.7    6.9   0.75    3.6    0.0   -99.9
 'Wageningen' 28 12 1975    360.    3.5    6.6   0.70    3.5    0.0   -99.9
 'Wageningen' 29 12 1975    660.    3.1    4.1   0.64    3.4    0.0   -99.9
 'Wageningen' 30 12 1975   1340.    1.9    4.4   0.58    4.0    0.2   -99.9
 'Wageningen' 31 12 1975   1170.    2.4    6.4   0.62    6.5   14.6   -99.9
