***************************************************************************
* File name: Wageni.957
* Contents: SWAP  3.0 - Meteo data of Wageningen weather station                
***************************************************************************     
* Comment area:                                                                 
*                                                                               
*                                                                               
***************************************************************************     
    Station   DD MM YYYY     RAD   Tmin   Tmax    HUM   WIND   RAIN   ETref     
*             nr nr   nr   kJ/m2      C      C    kPa    m/s     mm      mm     
 'Wageningen'  1  1 1957   1047.   -2.4    2.9   0.51    2.5    1.4   -99.9
 'Wageningen'  2  1 1957   1005.    0.0    7.8   0.69    1.2    0.2   -99.9
 'Wageningen'  3  1 1957    419.    0.6   10.4   0.92    4.3    7.9   -99.9
 'Wageningen'  4  1 1957    419.    3.9   12.6   1.20    4.3    1.6   -99.9
 'Wageningen'  5  1 1957    461.   10.1   12.8   1.30   11.1    7.9   -99.9
 'Wageningen'  6  1 1957   2638.    6.0    7.0   0.89    6.3    0.0   -99.9
 'Wageningen'  7  1 1957   1465.    2.3    7.8   0.90    4.3    0.0   -99.9
 'Wageningen'  8  1 1957    586.    4.0    8.1   0.98    4.3    0.4   -99.9
 'Wageningen'  9  1 1957    419.    7.3    7.4   0.98    4.3    1.0   -99.9
 'Wageningen' 10  1 1957   3098.    1.7    6.0   0.70    4.3    0.7   -99.9
 'Wageningen' 11  1 1957   2889.    0.9    6.8   0.70    2.5    4.0   -99.9
 'Wageningen' 12  1 1957   1298.    2.9    5.4   0.82    4.3    7.7   -99.9
 'Wageningen' 13  1 1957   2303.    2.6    3.1   0.76    2.5    3.5   -99.9
 'Wageningen' 14  1 1957    712.   -0.3    0.3   0.49    4.3    0.0   -99.9
 'Wageningen' 15  1 1957   2721.   -2.8    3.7   0.48    4.3    0.1   -99.9
 'Wageningen' 16  1 1957   4815.   -3.9    3.2   0.47    4.3    0.0   -99.9
 'Wageningen' 17  1 1957   5778.   -4.8    2.0   0.41    2.5    0.0   -99.9
 'Wageningen' 18  1 1957   2721.   -6.2    3.8   0.61    1.2    0.0   -99.9
 'Wageningen' 19  1 1957   1424.    0.3    2.8   0.73    1.2    0.3   -99.9
 'Wageningen' 20  1 1957    879.   -0.2    1.8   0.63    4.3    0.0   -99.9
 'Wageningen' 21  1 1957   1465.   -1.1    4.3   0.61    6.3    0.0   -99.9
 'Wageningen' 22  1 1957   2680.   -1.2    6.3   0.59    4.3    0.0   -99.9
 'Wageningen' 23  1 1957   4731.   -2.4    6.1   0.56    2.5    0.0   -99.9
 'Wageningen' 24  1 1957   2763.   -1.9    4.0   0.72    2.5    0.0   -99.9
 'Wageningen' 25  1 1957   1089.    0.2    9.0   0.57    1.2    0.7   -99.9
 'Wageningen' 26  1 1957    628.   -0.1    9.5   1.00    2.5    3.3   -99.9
 'Wageningen' 27  1 1957   4564.    3.3    7.0   0.77    6.3    2.7   -99.9
 'Wageningen' 28  1 1957   3601.    1.1    9.0   0.81    4.3    0.0   -99.9
 'Wageningen' 29  1 1957   5527.    1.5    8.2   0.70    4.3    2.8   -99.9
 'Wageningen' 30  1 1957   2303.    4.8    9.4   0.82    4.3    1.8   -99.9
 'Wageningen' 31  1 1957   1633.    5.6   13.9   1.01    4.3    8.1   -99.9
 'Wageningen'  1  2 1957    628.    8.7   11.9   1.34    6.3    0.4   -99.9
 'Wageningen'  2  2 1957   1842.    7.1    9.5   1.09    2.5    3.8   -99.9
 'Wageningen'  3  2 1957   1842.    6.9   13.0   1.12    2.5    0.1   -99.9
 'Wageningen'  4  2 1957   5568.    5.7   12.6   0.96    2.5    0.2   -99.9
 'Wageningen'  5  2 1957   4019.    7.3   10.8   0.90    2.5    0.2   -99.9
 'Wageningen'  6  2 1957   1758.    6.8    9.1   0.96    2.5    1.1   -99.9
 'Wageningen'  7  2 1957   3517.    2.1    9.9   0.89    4.3    5.2   -99.9
 'Wageningen'  8  2 1957   2010.    7.6   10.5   1.05    4.3    2.4   -99.9
 'Wageningen'  9  2 1957   6071.    5.7    9.0   0.76    2.5    4.4   -99.9
 'Wageningen' 10  2 1957   2386.    6.1    7.6   1.00    1.2    0.3   -99.9
 'Wageningen' 11  2 1957   1926.    2.9    7.7   0.89    4.3   11.5   -99.9
 'Wageningen' 12  2 1957   2386.    5.6    9.0   0.82    4.3    3.8   -99.9
 'Wageningen' 13  2 1957   1842.    5.1    7.6   1.04    4.3    9.1   -99.9
 'Wageningen' 14  2 1957   1842.    4.7    5.9   0.81    8.6    2.2   -99.9
 'Wageningen' 15  2 1957   3643.   -0.8    6.1   0.76    1.2    0.6   -99.9
 'Wageningen' 16  2 1957   5652.    1.1    5.8   0.57    4.3    0.3   -99.9
 'Wageningen' 17  2 1957   2386.    0.0    6.7   0.69    4.3    5.7   -99.9
 'Wageningen' 18  2 1957   6280.    0.0    5.1   0.74    1.2    0.5   -99.9
 'Wageningen' 19  2 1957   2470.    0.1    1.8   0.68    4.3    5.8   -99.9
 'Wageningen' 20  2 1957    795.    0.6    4.8   0.61    2.5   15.0   -99.9
 'Wageningen' 21  2 1957   5652.   -0.1    6.7   0.61    1.2    0.0   -99.9
 'Wageningen' 22  2 1957   7955.    0.8    2.4   0.64    2.5    0.0   -99.9
 'Wageningen' 23  2 1957   3852.   -2.3    7.0   0.57    2.5   11.6   -99.9
 'Wageningen' 24  2 1957   3391.   -0.1    7.0   0.84    1.2    1.0   -99.9
 'Wageningen' 25  2 1957   2010.    3.0    8.4   0.82    1.2    3.8   -99.9
 'Wageningen' 26  2 1957   3391.    3.2    7.6   0.97    2.5    0.3   -99.9
 'Wageningen' 27  2 1957   7118.    0.6    6.6   0.55    1.2    0.0   -99.9
 'Wageningen' 28  2 1957  10634.   -1.6    7.6   0.63    1.2    0.0   -99.9
 'Wageningen'  1  3 1957  10844.    0.0    9.5   0.65    2.5    0.0   -99.9
 'Wageningen'  2  3 1957   9630.    0.6   12.4   0.61    2.5    0.0   -99.9
 'Wageningen'  3  3 1957  10174.    1.0   11.3   0.76    2.5    0.0   -99.9
 'Wageningen'  4  3 1957   8625.    1.5    9.5   0.86    1.2    0.0   -99.9
 'Wageningen'  5  3 1957  10090.    1.1   10.8   0.82    2.5    0.0   -99.9
 'Wageningen'  6  3 1957   3894.    4.0   11.6   1.00    1.2    5.1   -99.9
 'Wageningen'  7  3 1957   3140.    8.2   13.2   1.10    2.5    0.7   -99.9
 'Wageningen'  8  3 1957   5694.    7.3   13.6   1.13    1.2    7.2   -99.9
 'Wageningen'  9  3 1957   5862.    8.9   12.3   1.34    1.2    0.0   -99.9
 'Wageningen' 10  3 1957   9965.    6.0   15.1   1.01    4.3    0.0   -99.9
 'Wageningen' 11  3 1957  10969.    5.3   17.7   1.02    2.5    0.0   -99.9
 'Wageningen' 12  3 1957  11262.    5.7   20.0   1.12    1.2    0.0   -99.9
 'Wageningen' 13  3 1957  12853.    6.6   13.8   0.94    1.2    0.0   -99.9
 'Wageningen' 14  3 1957   8918.    7.9   11.3   0.94    6.3    0.5   -99.9
 'Wageningen' 15  3 1957   1465.    8.3   10.3   1.12    6.3    8.7   -99.9
 'Wageningen' 16  3 1957   1549.    9.3   11.4   1.17    6.3    9.4   -99.9
 'Wageningen' 17  3 1957   1047.   10.0   11.8   1.25    6.3   20.5   -99.9
 'Wageningen' 18  3 1957   8499.    8.6   11.9   1.01    4.3    2.1   -99.9
 'Wageningen' 19  3 1957   3266.    7.7   15.1   1.22    6.3    0.3   -99.9
 'Wageningen' 20  3 1957   6699.    9.2   12.2   1.12    8.6    2.2   -99.9
 'Wageningen' 21  3 1957  11430.    5.3   14.6   0.89    4.3    0.0   -99.9
 'Wageningen' 22  3 1957  15156.    2.9   13.7   0.84    1.2    0.0   -99.9
 'Wageningen' 23  3 1957   4522.    7.7   13.0   1.04    4.3    0.7   -99.9
 'Wageningen' 24  3 1957  10258.    7.8   13.0   1.01    4.3    0.6   -99.9
 'Wageningen' 25  3 1957   7243.    7.8   13.9   0.86    2.5    0.0   -99.9
 'Wageningen' 26  3 1957   5192.    5.6   12.4   1.32    4.3    1.8   -99.9
 'Wageningen' 27  3 1957   3726.    8.2   11.0   1.22    6.3    8.0   -99.9
 'Wageningen' 28  3 1957   9378.    5.3   11.9   0.72    4.3    0.0   -99.9
 'Wageningen' 29  3 1957  12895.    5.9    8.7   0.94    1.2    0.0   -99.9
 'Wageningen' 30  3 1957   3852.    3.2    8.8   0.81    1.2    0.0   -99.9
 'Wageningen' 31  3 1957   6741.    3.2   14.0   0.85    1.2    0.0   -99.9
 'Wageningen'  1  4 1957  15868.    4.3   12.1   0.85    6.3    0.0   -99.9
 'Wageningen'  2  4 1957   9462.    4.3   15.2   1.06    1.2    0.1   -99.9
 'Wageningen'  3  4 1957  16622.    1.8   18.6   1.02    2.5    0.0   -99.9
 'Wageningen'  4  4 1957  14235.    5.0   22.7   1.02    1.2    0.0   -99.9
 'Wageningen'  5  4 1957  15701.    4.0   13.9   0.98    1.2    0.0   -99.9
 'Wageningen'  6  4 1957  11262.    6.9   13.6   0.82    4.3    0.1   -99.9
 'Wageningen'  7  4 1957  14654.    4.1   11.5   0.93    2.5    0.0   -99.9
 'Wageningen'  8  4 1957  19887.   -0.1   13.1   0.57    6.3    0.0   -99.9
 'Wageningen'  9  4 1957  16329.    0.2   10.2   0.86    2.5    0.0   -99.9
 'Wageningen' 10  4 1957  11514.    2.3    8.8   0.81    4.3    1.3   -99.9
 'Wageningen' 11  4 1957  17166.    1.0    7.2   0.64    6.3    1.9   -99.9
 'Wageningen' 12  4 1957  14486.    0.4    7.3   0.76    4.3    2.6   -99.9
 'Wageningen' 13  4 1957  16580.    0.1    8.8   0.49    6.3    4.2   -99.9
 'Wageningen' 14  4 1957  17082.    0.7   13.9   0.53    6.3    0.0   -99.9
 'Wageningen' 15  4 1957  13858.    2.5   14.8   0.96    2.5    0.0   -99.9
 'Wageningen' 16  4 1957  13523.    3.8   17.6   0.98    4.3    0.0   -99.9
 'Wageningen' 17  4 1957  19217.    3.6   13.4   0.92    4.3    0.0   -99.9
 'Wageningen' 18  4 1957   6866.    8.1   13.3   1.09    4.3    2.3   -99.9
 'Wageningen' 19  4 1957  21897.    7.5   13.8   0.88    6.3    0.0   -99.9
 'Wageningen' 20  4 1957  15156.    3.2   15.8   0.96    0.1    0.0   -99.9
 'Wageningen' 21  4 1957  22986.    3.8   17.2   0.45    4.3    0.0   -99.9
 'Wageningen' 22  4 1957  19427.    5.0   18.7   0.64    2.5    0.0   -99.9
 'Wageningen' 23  4 1957  16831.    6.8   18.2   0.75    2.5    0.0   -99.9
 'Wageningen' 24  4 1957  15617.    6.6   13.7   1.00    4.3    0.7   -99.9
 'Wageningen' 25  4 1957  16203.    6.0   16.0   0.89    6.3    0.8   -99.9
 'Wageningen' 26  4 1957  17794.    3.2   20.1   0.96    4.3    0.0   -99.9
 'Wageningen' 27  4 1957  20641.    5.8   21.0   1.04    2.5    0.0   -99.9
 'Wageningen' 28  4 1957  14696.    6.2   13.7   1.45    1.2   17.1   -99.9
 'Wageningen' 29  4 1957   8332.    8.9   12.1   1.08    2.5    0.2   -99.9
 'Wageningen' 30  4 1957  22651.    4.9   14.0   0.69    6.3    0.0   -99.9
 'Wageningen'  1  5 1957  24200.    1.6   13.1   0.74    4.3    0.3   -99.9
 'Wageningen'  2  5 1957  10467.    7.8   15.2   1.10    2.5    0.8   -99.9
 'Wageningen'  3  5 1957  17291.    5.9   10.0   1.01    1.2    0.7   -99.9
 'Wageningen'  4  5 1957  15198.    5.0    7.9   0.56    6.3    8.0   -99.9
 'Wageningen'  5  5 1957  19427.    0.3    9.8   0.57    8.6    2.4   -99.9
 'Wageningen'  6  5 1957  16203.    1.4    9.2   0.67    8.6    3.7   -99.9
 'Wageningen'  7  5 1957  25246.    0.0   11.0   0.49    4.3    0.5   -99.9
 'Wageningen'  8  5 1957  26796.   -1.1   15.4   0.61    2.5    0.0   -99.9
 'Wageningen'  9  5 1957  17208.    4.9   20.2   0.72    2.5    0.0   -99.9
 'Wageningen' 10  5 1957  21353.    5.6   20.5   0.92    2.5    1.2   -99.9
 'Wageningen' 11  5 1957  15156.    8.6   18.5   1.30    2.5    2.7   -99.9
 'Wageningen' 12  5 1957  21018.   11.4   18.2   1.02    6.3    6.6   -99.9
 'Wageningen' 13  5 1957  17501.    8.7   20.8   1.02    4.3    2.4   -99.9
 'Wageningen' 14  5 1957  21101.    7.9   21.2   1.25    2.5    0.0   -99.9
 'Wageningen' 15  5 1957  12770.   12.0   18.4   1.48    1.2    3.5   -99.9
 'Wageningen' 16  5 1957  12686.    9.0   19.1   1.30    1.2    2.7   -99.9
 'Wageningen' 17  5 1957  20767.    7.6   21.1   1.26    2.5    0.0   -99.9
 'Wageningen' 18  5 1957  21060.    8.8   16.8   1.22    1.2    1.7   -99.9
 'Wageningen' 19  5 1957   6866.   11.4   16.9   1.30    1.2    2.9   -99.9
 'Wageningen' 20  5 1957  24242.    7.8   15.0   1.01    1.2    0.6   -99.9
 'Wageningen' 21  5 1957  15575.   10.0   13.5   1.08    6.3    0.0   -99.9
 'Wageningen' 22  5 1957  15659.    5.8   12.7   0.89    4.3    0.2   -99.9
 'Wageningen' 23  5 1957   6448.    2.0   17.0   1.20    4.3    5.9   -99.9
 'Wageningen' 24  5 1957  13188.    8.4   17.0   1.22    4.3    0.0   -99.9
 'Wageningen' 25  5 1957  28931.    6.8   15.7   0.78    8.6    0.0   -99.9
 'Wageningen' 26  5 1957  29517.    4.3   16.7   0.59    8.6    0.0   -99.9
 'Wageningen' 27  5 1957  25581.    4.1   17.9   0.73    4.3    0.0   -99.9
 'Wageningen' 28  5 1957  19050.    4.8   17.0   0.98    2.5    0.0   -99.9
 'Wageningen' 29  5 1957  22651.    3.9   13.1   1.13    4.3    0.0   -99.9
 'Wageningen' 30  5 1957  11137.    4.6   16.9   1.06    2.5    0.0   -99.9
 'Wageningen' 31  5 1957  29391.    2.8   21.2   1.09    1.2    0.0   -99.9
 'Wageningen'  1  6 1957  25958.    5.9   24.9   1.36    2.5    0.0   -99.9
 'Wageningen'  2  6 1957  25958.    8.7   25.1   1.33    1.2    0.0   -99.9
 'Wageningen'  3  6 1957  14821.   11.4   20.9   1.70    1.2    1.8   -99.9
 'Wageningen'  4  6 1957  14905.   11.2   14.3   1.30    6.3    2.3   -99.9
 'Wageningen'  5  6 1957  12477.   10.2   17.0   1.17    6.3    0.7   -99.9
 'Wageningen'  6  6 1957  20180.    7.6   18.5   1.02    4.3    0.0   -99.9
 'Wageningen'  7  6 1957  18841.    8.3   22.0   1.09    2.5    0.0   -99.9
 'Wageningen'  8  6 1957  14193.   11.8   22.2   1.40    1.2    9.2   -99.9
 'Wageningen'  9  6 1957  23153.   11.3   21.6   1.48    2.5    2.6   -99.9
 'Wageningen' 10  6 1957  15952.   11.8   16.6   1.61    1.2   11.6   -99.9
 'Wageningen' 11  6 1957   8248.   11.8   17.9   1.05    6.3    0.8   -99.9
 'Wageningen' 12  6 1957  25833.    6.6   22.5   0.96    6.3    0.0   -99.9
 'Wageningen' 13  6 1957  29684.    6.6   27.0   1.02    4.3    0.0   -99.9
 'Wageningen' 14  6 1957  27968.   11.1   28.6   1.44    4.3    0.0   -99.9
 'Wageningen' 15  6 1957  28847.   15.0   28.3   1.25    6.3    0.0   -99.9
 'Wageningen' 16  6 1957  28721.   13.9   29.9   1.20    6.3    0.0   -99.9
 'Wageningen' 17  6 1957  26796.   15.9   31.0   1.36    4.3    0.0   -99.9
 'Wageningen' 18  6 1957  24409.   17.6   26.8   1.54    1.2    9.8   -99.9
 'Wageningen' 19  6 1957  12937.   15.8   20.6   1.78    4.3    0.0   -99.9
 'Wageningen' 20  6 1957  14026.   13.8   22.9   1.45    2.5    0.0   -99.9
 'Wageningen' 21  6 1957  28638.   10.3   19.0   1.33    4.3    0.0   -99.9
 'Wageningen' 22  6 1957  18338.   10.6   17.5   1.05    4.3    0.1   -99.9
 'Wageningen' 23  6 1957  23362.   11.0   16.2   0.90    4.3    0.0   -99.9
 'Wageningen' 24  6 1957  13649.    7.6   16.3   0.85    4.3    1.3   -99.9
 'Wageningen' 25  6 1957  17124.    9.2   19.8   1.21    1.2    4.5   -99.9
 'Wageningen' 26  6 1957  17417.    7.6   23.0   1.88    2.5    0.4   -99.9
 'Wageningen' 27  6 1957  17291.    8.9   30.1   1.50    6.3    0.0   -99.9
 'Wageningen' 28  6 1957  27424.   13.9   32.9   1.73    2.5    0.0   -99.9
 'Wageningen' 29  6 1957  21646.   17.4   34.9   1.73    4.3    0.0   -99.9
 'Wageningen' 30  6 1957  22986.   18.2   32.4   1.86    1.2    0.0   -99.9
 'Wageningen'  1  7 1957  20013.   19.2   25.9   1.94    4.3    0.5   -99.9
 'Wageningen'  2  7 1957  24032.   15.4   28.9   1.64    2.5    0.0   -99.9
 'Wageningen'  3  7 1957  17501.   15.8   32.2   2.33    2.5    9.7   -99.9
 'Wageningen'  4  7 1957  21813.   18.4   29.5   1.78    4.3    0.0   -99.9
 'Wageningen'  5  7 1957  24870.   18.2   32.0   1.65    1.2    0.0   -99.9
 'Wageningen'  6  7 1957  23823.   17.3   30.1   2.14    2.5    0.0   -99.9
 'Wageningen'  7  7 1957  24325.   20.3   25.5   1.77    6.3    0.0   -99.9
 'Wageningen'  8  7 1957  25163.   14.9   22.8   2.46    1.2    0.0   -99.9
 'Wageningen'  9  7 1957  15282.   15.1   20.3   1.40    1.2    0.0   -99.9
 'Wageningen' 10  7 1957  12225.   13.7   22.2   1.49    2.5    2.8   -99.9
 'Wageningen' 11  7 1957  20348.   10.5   24.4   1.42    1.2   12.3   -99.9
 'Wageningen' 12  7 1957  12058.   12.0   20.0   1.93    4.3    1.4   -99.9
 'Wageningen' 13  7 1957  15659.   12.7   22.6   1.30    4.3    3.3   -99.9
 'Wageningen' 14  7 1957  22274.   14.5   19.3   1.29    4.3    0.3   -99.9
 'Wageningen' 15  7 1957  11639.   11.8   20.1   1.58    4.3    3.9   -99.9
 'Wageningen' 16  7 1957  13440.   12.0   23.7   1.57    1.2    0.3   -99.9
 'Wageningen' 17  7 1957  22651.   10.3   19.9   2.21    2.5    0.0   -99.9
 'Wageningen' 18  7 1957   9630.   14.3   23.0   1.92    4.3    5.9   -99.9
 'Wageningen' 19  7 1957  19385.   14.5   21.2   1.99    2.5    1.5   -99.9
 'Wageningen' 20  7 1957  14947.   12.5   22.0   1.78    1.2    5.0   -99.9
 'Wageningen' 21  7 1957  20180.   10.8   19.6   1.40    1.2    0.0   -99.9
 'Wageningen' 22  7 1957  11346.   11.8   19.5   1.52    6.3    5.0   -99.9
 'Wageningen' 23  7 1957  11262.   12.7   22.1   1.64    4.3    0.1   -99.9
 'Wageningen' 24  7 1957  11807.   13.7   20.1   1.30    2.5    1.4   -99.9
 'Wageningen' 25  7 1957   8164.   15.4   19.8   1.78    4.3    1.6   -99.9
 'Wageningen' 26  7 1957   6155.   15.0   19.0   1.88    6.3    8.8   -99.9
 'Wageningen' 27  7 1957  14110.   13.2   20.6   1.30    2.5    2.8   -99.9
 'Wageningen' 28  7 1957  18254.   12.2   18.8   1.36    4.3   12.0   -99.9
 'Wageningen' 29  7 1957   9378.   13.5   22.0   1.60    4.3    1.4   -99.9
 'Wageningen' 30  7 1957  12393.   13.9   23.8   1.65    2.5    0.0   -99.9
 'Wageningen' 31  7 1957  22316.    9.7   24.1   1.50    1.2    0.0   -99.9
 'Wageningen'  1  8 1957  23823.   12.8   21.9   1.77    4.3    0.0   -99.9
 'Wageningen'  2  8 1957  24409.    9.8   21.1   1.38    2.5    0.0   -99.9
 'Wageningen'  3  8 1957  18045.    7.8   21.9   1.40    2.5    0.0   -99.9
 'Wageningen'  4  8 1957  24702.   12.2   25.7   1.41    1.2    0.0   -99.9
 'Wageningen'  5  8 1957  23907.   11.5   24.2   1.58    2.5    0.0   -99.9
 'Wageningen'  6  8 1957   7662.   16.4   22.4   2.10    0.1    0.1   -99.9
 'Wageningen'  7  8 1957  10383.   14.2   22.6   1.78    2.5    0.1   -99.9
 'Wageningen'  8  8 1957   9588.   13.1   23.7   1.82    2.5    7.1   -99.9
 'Wageningen'  9  8 1957  10174.   15.6   21.0   1.88    2.5    7.4   -99.9
 'Wageningen' 10  8 1957  10006.   15.8   18.5   1.73    6.3    3.0   -99.9
 'Wageningen' 11  8 1957  10006.   16.0   20.7   1.80    6.3   11.6   -99.9
 'Wageningen' 12  8 1957  11137.   14.3   21.8   1.78    2.5    0.0   -99.9
 'Wageningen' 13  8 1957  14696.   13.6   22.1   1.77    2.5    0.0   -99.9
 'Wageningen' 14  8 1957  17082.   11.8   19.0   1.56    4.3   15.7   -99.9
 'Wageningen' 15  8 1957  10593.   14.4   15.0   1.56    2.5    4.9   -99.9
 'Wageningen' 16  8 1957   4061.   12.7   17.2   1.36    4.3   24.4   -99.9
 'Wageningen' 17  8 1957   6238.   13.7   17.9   1.64    4.3   10.4   -99.9
 'Wageningen' 18  8 1957   8374.   13.8   20.8   1.54    4.3   13.8   -99.9
 'Wageningen' 19  8 1957  16035.   11.0   18.5   1.65    4.3    4.9   -99.9
 'Wageningen' 20  8 1957   3726.   15.2   19.2   1.96    4.3   10.1   -99.9
 'Wageningen' 21  8 1957  11262.   13.4   19.5   1.58    4.3    0.4   -99.9
 'Wageningen' 22  8 1957  17961.    9.6   21.7   1.54    4.3    0.0   -99.9
 'Wageningen' 23  8 1957  17082.    7.8   18.4   1.28    2.5    1.5   -99.9
 'Wageningen' 24  8 1957  17417.   15.0   18.2   1.16    8.6    0.2   -99.9
 'Wageningen' 25  8 1957   8876.   11.6   17.5   1.16   13.8   10.0   -99.9
 'Wageningen' 26  8 1957  13356.   11.8   18.4   1.41    6.3    5.5   -99.9
 'Wageningen' 27  8 1957  13188.   11.7   17.5   1.33    4.3    1.0   -99.9
 'Wageningen' 28  8 1957  17920.   11.2   17.6   1.46    6.3    0.3   -99.9
 'Wageningen' 29  8 1957  16705.    9.4   18.8   1.21    4.3    0.0   -99.9
 'Wageningen' 30  8 1957   9295.    9.7   17.1   1.10    4.3    1.7   -99.9
 'Wageningen' 31  8 1957   9839.   12.3   16.7   1.29    4.3    4.5   -99.9
 'Wageningen'  1  9 1957   3936.   12.0   16.5   1.57    1.2    7.3   -99.9
 'Wageningen'  2  9 1957  11932.   11.8   15.9   1.36    4.3    1.8   -99.9
 'Wageningen'  3  9 1957  12602.    6.8   18.9   1.30    1.2    0.2   -99.9
 'Wageningen'  4  9 1957  14821.    5.9   20.6   1.21    1.2    6.2   -99.9
 'Wageningen'  5  9 1957  12853.   13.3   20.6   1.60    4.3    0.0   -99.9
 'Wageningen'  6  9 1957  12309.   11.3   25.0   1.34    2.5    0.0   -99.9
 'Wageningen'  7  9 1957  14821.   14.3   21.7   1.77    6.3    0.3   -99.9
 'Wageningen'  8  9 1957   4438.   13.4   19.4   1.44    2.5    8.8   -99.9
 'Wageningen'  9  9 1957  11556.   12.6   18.4   1.33    4.3    0.0   -99.9
 'Wageningen' 10  9 1957   7913.   11.3   18.7   1.66    4.3   10.8   -99.9
 'Wageningen' 11  9 1957   5192.   13.7   14.8   1.61    6.3   11.0   -99.9
 'Wageningen' 12  9 1957  10551.    9.9   14.4   1.32    8.6   19.5   -99.9
 'Wageningen' 13  9 1957   8374.    8.8   12.3   1.09    8.6   16.2   -99.9
 'Wageningen' 14  9 1957   3349.    9.4   13.8   1.33    8.6    8.7   -99.9
 'Wageningen' 15  9 1957   8164.    8.0   14.5   1.14    4.3    5.8   -99.9
 'Wageningen' 16  9 1957  10593.    8.1   15.0   1.18    6.3    9.1   -99.9
 'Wageningen' 17  9 1957   2303.    9.3   15.2   1.57    1.2    9.8   -99.9
 'Wageningen' 18  9 1957   2470.   13.3   16.2   1.53    2.5    3.6   -99.9
 'Wageningen' 19  9 1957   2512.   11.8   17.0   1.60    4.3    0.7   -99.9
 'Wageningen' 20  9 1957  14486.    8.0   17.2   1.16    4.3    0.0   -99.9
 'Wageningen' 21  9 1957   4019.    9.2   18.8   1.69    1.2    9.9   -99.9
 'Wageningen' 22  9 1957   4773.   14.7   17.8   1.82    4.3    4.1   -99.9
 'Wageningen' 23  9 1957   6071.   14.6   15.4   1.66    4.3   16.8   -99.9
 'Wageningen' 24  9 1957   4396.    9.6   13.6   1.18    2.5    1.5   -99.9
 'Wageningen' 25  9 1957   8332.    7.9   15.7   0.96    2.5    4.2   -99.9
 'Wageningen' 26  9 1957  14193.    8.3   15.0   0.92    2.5    0.0   -99.9
 'Wageningen' 27  9 1957   6699.    7.0   15.6   1.10    6.3    0.1   -99.9
 'Wageningen' 28  9 1957   6531.   11.3   13.6   1.38    4.3   12.7   -99.9
 'Wageningen' 29  9 1957   4815.    7.1   13.7   1.14    4.3    0.7   -99.9
 'Wageningen' 30  9 1957  10300.    4.1   13.5   1.22    1.2    0.4   -99.9
 'Wageningen'  1 10 1957  11556.    2.5   14.8   1.16    2.5    0.0   -99.9
 'Wageningen'  2 10 1957  13942.    0.9   13.4   0.94    1.2    0.1   -99.9
 'Wageningen'  3 10 1957   5192.    6.4   12.9   1.01    2.5    0.3   -99.9
 'Wageningen'  4 10 1957  11262.    4.6   15.5   0.86    2.5    0.0   -99.9
 'Wageningen'  5 10 1957   5234.    5.4   18.0   1.30    2.5    0.0   -99.9
 'Wageningen'  6 10 1957   8918.   12.4   17.2   1.52    2.5    0.1   -99.9
 'Wageningen'  7 10 1957   9797.    8.1   16.8   1.36    1.2    0.0   -99.9
 'Wageningen'  8 10 1957  10006.    5.7   11.2   1.42    1.2    0.3   -99.9
 'Wageningen'  9 10 1957   3726.    6.7   17.0   1.18    1.2    0.0   -99.9
 'Wageningen' 10 10 1957   9211.   10.3   18.5   1.42    1.2    0.0   -99.9
 'Wageningen' 11 10 1957   4438.   11.6   15.2   1.61    1.2    1.8   -99.9
 'Wageningen' 12 10 1957   6155.   11.4   13.9   1.14    0.1    0.0   -99.9
 'Wageningen' 13 10 1957   5778.    3.9   13.2   1.18    1.2    0.2   -99.9
 'Wageningen' 14 10 1957   5108.    5.3   14.2   1.30    0.1    0.0   -99.9
 'Wageningen' 15 10 1957   6699.    5.5   17.1   1.24    2.5    0.4   -99.9
 'Wageningen' 16 10 1957   7494.    6.6   14.5   1.44    1.2    4.8   -99.9
 'Wageningen' 17 10 1957   6029.    8.9   16.8   1.30    2.5    1.2   -99.9
 'Wageningen' 18 10 1957   2470.   12.0   16.4   1.53    6.3    7.4   -99.9
 'Wageningen' 19 10 1957   2596.    9.9   13.6   1.16    2.5    0.2   -99.9
 'Wageningen' 20 10 1957   7704.    4.9   11.4   1.06    4.3    1.9   -99.9
 'Wageningen' 21 10 1957   1047.    8.1   11.5   1.14    6.3    3.6   -99.9
 'Wageningen' 22 10 1957   6071.    5.4   10.9   0.97    4.3    0.7   -99.9
 'Wageningen' 23 10 1957   4605.    4.1   13.2   1.10    4.3    0.9   -99.9
 'Wageningen' 24 10 1957   1340.   10.0   14.8   1.44    2.5    1.7   -99.9
 'Wageningen' 25 10 1957   3559.   11.4   15.5   1.40    1.2    0.0   -99.9
 'Wageningen' 26 10 1957   5485.   10.4   13.6   1.02    1.2    0.0   -99.9
 'Wageningen' 27 10 1957   3098.    9.2   13.0   1.22    1.2    0.0   -99.9
 'Wageningen' 28 10 1957   3391.    8.8   12.8   1.21    6.3    0.0   -99.9
 'Wageningen' 29 10 1957   2177.   11.2   14.9   1.34    6.3    6.2   -99.9
 'Wageningen' 30 10 1957   3182.   11.9   13.6   1.54    2.5    0.9   -99.9
 'Wageningen' 31 10 1957   1424.   11.9   12.8   1.26    6.3    8.5   -99.9
 'Wageningen'  1 11 1957   5485.    8.5   10.2   0.92    6.3    0.0   -99.9
 'Wageningen'  2 11 1957   5485.    5.8   12.6   0.93    6.3    0.0   -99.9
 'Wageningen'  3 11 1957   3308.    6.2   13.4   0.94    8.6    3.7   -99.9
 'Wageningen'  4 11 1957   1926.    9.6   12.9   1.22   11.1    6.1   -99.9
 'Wageningen'  5 11 1957   2177.   10.0   12.2   1.04    6.3    1.1   -99.9
 'Wageningen'  6 11 1957   5443.    6.9   10.2   1.12    2.5    0.1   -99.9
 'Wageningen'  7 11 1957   3559.    6.5    8.1   0.94    1.2    0.0   -99.9
 'Wageningen'  8 11 1957   3349.    4.7    7.8   0.73    4.3    0.0   -99.9
 'Wageningen'  9 11 1957   2847.    4.8    8.8   0.73    6.3    0.2   -99.9
 'Wageningen' 10 11 1957    921.    6.8   11.5   0.94    1.2    0.0   -99.9
 'Wageningen' 11 11 1957   1130.    7.1   11.2   1.00    4.3    0.0   -99.9
 'Wageningen' 12 11 1957   4187.    7.8    7.8   1.05    4.3    0.0   -99.9
 'Wageningen' 13 11 1957    879.    3.6    3.8   0.72    2.5    0.0   -99.9
 'Wageningen' 14 11 1957    921.    2.3    6.6   0.64    2.5    0.0   -99.9
 'Wageningen' 15 11 1957   3224.    1.7    9.5   0.72    2.5    0.1   -99.9
 'Wageningen' 16 11 1957   1926.    4.8    9.8   1.00    2.5    2.1   -99.9
 'Wageningen' 17 11 1957    544.    6.5    7.6   0.94    1.2    0.2   -99.9
 'Wageningen' 18 11 1957    670.    2.6    5.4   0.92    1.2    0.1   -99.9
 'Wageningen' 19 11 1957    544.    3.0    3.7   0.73    2.5    0.0   -99.9
 'Wageningen' 20 11 1957    879.    2.2    2.2   0.56    1.2    0.0   -99.9
 'Wageningen' 21 11 1957    754.   -4.0    4.0   0.51    0.1    1.9   -99.9
 'Wageningen' 22 11 1957    586.   -0.5    8.0   0.77    1.2    6.2   -99.9
 'Wageningen' 23 11 1957    754.    1.2    8.0   0.90    2.5    0.3   -99.9
 'Wageningen' 24 11 1957   2889.    0.8    6.8   0.93    2.5    0.1   -99.9
 'Wageningen' 25 11 1957   1047.    3.6    7.8   0.84    2.5    0.0   -99.9
 'Wageningen' 26 11 1957    502.    6.0   10.6   0.86    2.5    0.0   -99.9
 'Wageningen' 27 11 1957    963.    7.0   10.1   1.10    2.5    0.0   -99.9
 'Wageningen' 28 11 1957    670.    7.9   10.2   1.14    4.3    0.2   -99.9
 'Wageningen' 29 11 1957    963.    4.0    4.0   0.97    1.2    0.0   -99.9
 'Wageningen' 30 11 1957   3936.   -1.1    1.1   0.43    1.2    0.0   -99.9
 'Wageningen'  1 12 1957   4019.   -4.7    3.4   0.55    4.3    0.0   -99.9
 'Wageningen'  2 12 1957   2052.   -4.9    5.4   0.47    1.2    0.0   -99.9
 'Wageningen'  3 12 1957   2303.   -1.8    4.8   0.64    1.2    0.0   -99.9
 'Wageningen'  4 12 1957   3266.   -3.3    4.7   0.63    2.5    1.3   -99.9
 'Wageningen'  5 12 1957    879.   -0.4    4.3   0.82    0.1    0.2   -99.9
 'Wageningen'  6 12 1957   1089.    2.9    4.0   0.76    1.2    0.5   -99.9
 'Wageningen'  7 12 1957    335.    0.8   12.0   0.61    4.3   11.1   -99.9
 'Wageningen'  8 12 1957   1758.    2.3    9.0   0.88   11.1    8.1   -99.9
 'Wageningen'  9 12 1957   2680.    2.6    5.1   0.76    1.2    1.0   -99.9
 'Wageningen' 10 12 1957   3349.   -0.3    4.0   0.60    2.5    0.2   -99.9
 'Wageningen' 11 12 1957   1089.   -0.9    5.6   0.61    4.3    6.6   -99.9
 'Wageningen' 12 12 1957   1214.    3.0    5.1   0.81    1.2    4.0   -99.9
 'Wageningen' 13 12 1957    795.    1.2    2.5   0.65    1.2    0.7   -99.9
 'Wageningen' 14 12 1957    712.   -0.8    0.8   0.60    2.5    3.0   -99.9
 'Wageningen' 15 12 1957   1758.   -2.4   -2.4   0.59    1.2    0.0   -99.9
 'Wageningen' 16 12 1957   1424.  -10.3   -2.8   0.33    2.5    0.0   -99.9
 'Wageningen' 17 12 1957    879.   -5.4   11.0   0.44    2.5    0.0   -99.9
 'Wageningen' 18 12 1957   1298.   -3.0    6.0   0.60    4.3    7.0   -99.9
 'Wageningen' 19 12 1957   2052.    0.6    6.8   0.81    2.5    0.2   -99.9
 'Wageningen' 20 12 1957   1884.    0.9    8.9   0.82    6.3    0.3   -99.9
 'Wageningen' 21 12 1957    712.    5.8    8.5   0.92    2.5    2.4   -99.9
 'Wageningen' 22 12 1957   1800.    4.7    5.8   0.92    2.5    0.1   -99.9
 'Wageningen' 23 12 1957    795.    0.8    8.3   0.77    2.5    8.8   -99.9
 'Wageningen' 24 12 1957   2135.    3.9    7.7   0.81    1.2    0.0   -99.9
 'Wageningen' 25 12 1957   2303.    1.3    4.8   0.93    1.2    0.0   -99.9
 'Wageningen' 26 12 1957    586.    2.6    5.5   0.77    1.2    0.0   -99.9
 'Wageningen' 27 12 1957    502.    2.6    7.6   0.86    1.2    0.0   -99.9
 'Wageningen' 28 12 1957    209.    5.2    6.9   0.98    4.3    2.8   -99.9
 'Wageningen' 29 12 1957   1172.    2.3    7.5   0.84    8.6    0.0   -99.9
 'Wageningen' 30 12 1957    670.    4.8    6.9   0.81    8.6    3.5   -99.9
 'Wageningen' 31 12 1957   1675.    2.8    7.9   0.85    4.3    5.7   -99.9
