***************************************************************************
* File name: Wageni.979
* Contents: SWAP  3.0 - Meteo data of Wageningen weather station                
***************************************************************************     
* Comment area:                                                                 
*                                                                               
*                                                                               
***************************************************************************     
    Station   DD MM YYYY     RAD   Tmin   Tmax    HUM   WIND   RAIN   ETref     
*             nr nr   nr   kJ/m2      C      C    kPa    m/s     mm      mm     
 'Wageningen'  1  1 1979   5410.  -18.8   -6.3   0.25    0.5    0.4   -99.9
 'Wageningen'  2  1 1979   1520.  -16.9   -6.2   0.28    3.1    0.0   -99.9
 'Wageningen'  3  1 1979   3410.  -16.5   -3.3   0.31    1.5    0.0   -99.9
 'Wageningen'  4  1 1979   3210.  -12.5   -4.0   0.30    2.9    0.0   -99.9
 'Wageningen'  5  1 1979   4140.  -18.0   -8.1   0.25    1.4    0.2   -99.9
 'Wageningen'  6  1 1979   4030.  -19.4   -8.0   0.25    2.2    0.1   -99.9
 'Wageningen'  7  1 1979   2390.   -8.9   -0.1   0.36    4.0    3.3   -99.9
 'Wageningen'  8  1 1979    800.   -0.3    1.2   0.61    2.5    3.5   -99.9
 'Wageningen'  9  1 1979    650.   -1.5    1.0   0.60    1.7    5.6   -99.9
 'Wageningen' 10  1 1979   1250.   -1.6    1.6   0.58    4.1    2.6   -99.9
 'Wageningen' 11  1 1979   1500.    0.1    1.4   0.61    3.7    2.4   -99.9
 'Wageningen' 12  1 1979   2430.    0.3    2.1   0.58    4.7    1.1   -99.9
 'Wageningen' 13  1 1979   5000.   -3.3    2.0   0.50    3.6    0.4   -99.9
 'Wageningen' 14  1 1979   4380.   -7.4    0.2   0.41    2.1    0.0   -99.9
 'Wageningen' 15  1 1979   5860.  -12.9   -1.8   0.34    0.8    0.0   -99.9
 'Wageningen' 16  1 1979   2190.  -12.2   -3.9   0.38    1.5    0.0   -99.9
 'Wageningen' 17  1 1979   2270.   -6.0   -2.6   0.42    2.0    0.0   -99.9
 'Wageningen' 18  1 1979   3440.   -5.2   -1.6   0.40    4.2    0.0   -99.9
 'Wageningen' 19  1 1979   4190.   -5.1   -1.3   0.34    5.1    0.0   -99.9
 'Wageningen' 20  1 1979   3100.   -5.0   -1.0   0.40    4.0    7.5   -99.9
 'Wageningen' 21  1 1979   1290.   -4.1   -1.6   0.45    2.3    0.3   -99.9
 'Wageningen' 22  1 1979   1620.   -5.4   -4.0   0.39    2.8    0.0   -99.9
 'Wageningen' 23  1 1979   1020.   -5.3   -0.7   0.50    2.5    5.2   -99.9
 'Wageningen' 24  1 1979   3440.   -1.9    0.3   0.55    3.1    0.4   -99.9
 'Wageningen' 25  1 1979   2970.   -1.1    1.1   0.49    5.3    0.0   -99.9
 'Wageningen' 26  1 1979   3310.   -4.1    1.2   0.55    4.1    1.1   -99.9
 'Wageningen' 27  1 1979   2730.   -7.7    0.0   0.49    1.6    0.0   -99.9
 'Wageningen' 28  1 1979   3470.   -9.7   -3.5   0.40    0.7    0.0   -99.9
 'Wageningen' 29  1 1979   3380.   -6.2    2.4   0.54    2.7    1.3   -99.9
 'Wageningen' 30  1 1979   2150.    0.2    2.7   0.64    2.1    0.1   -99.9
 'Wageningen' 31  1 1979   3460.    0.0    2.8   0.62    3.8    0.0   -99.9
 'Wageningen'  1  2 1979   1980.    0.6    3.1   0.61    4.4    2.8   -99.9
 'Wageningen'  2  2 1979   4260.   -0.5    3.7   0.58    2.1   12.6   -99.9
 'Wageningen'  3  2 1979   6270.   -0.7    2.9   0.54    4.7    0.0   -99.9
 'Wageningen'  4  2 1979   4320.   -1.7    2.4   0.59    2.3    0.0   -99.9
 'Wageningen'  5  2 1979   4270.   -4.4    1.4   0.50    2.1    0.0   -99.9
 'Wageningen'  6  2 1979   5910.   -6.3   -0.2   0.46    1.7    0.0   -99.9
 'Wageningen'  7  2 1979   1290.   -3.1    1.6   0.55    3.4    2.2   -99.9
 'Wageningen'  8  2 1979   7570.   -5.4    3.9   0.51    1.7    0.0   -99.9
 'Wageningen'  9  2 1979   6680.   -6.0    1.8   0.44    1.8    0.0   -99.9
 'Wageningen' 10  2 1979   7030.   -3.6    1.7   0.42    4.1    0.0   -99.9
 'Wageningen' 11  2 1979   3450.   -1.8    3.9   0.33    5.0    1.0   -99.9
 'Wageningen' 12  2 1979   1740.   -0.4    4.7   0.66    3.7    1.9   -99.9
 'Wageningen' 13  2 1979   4280.    0.7    7.8   0.80    3.1   16.8   -99.9
 'Wageningen' 14  2 1979   1960.   -6.5    0.7   0.42    5.4    1.5   -99.9
 'Wageningen' 15  2 1979   2790.   -7.4   -6.1   0.31    4.5    0.3   -99.9
 'Wageningen' 16  2 1979   4620.   -7.6   -4.2   0.33    3.9    0.0   -99.9
 'Wageningen' 17  2 1979   4080.   -8.5   -5.5   0.31    3.5    0.4   -99.9
 'Wageningen' 18  2 1979   3640.   -8.5   -4.4   0.32    1.2    0.0   -99.9
 'Wageningen' 19  2 1979   3290.   -4.7   -0.4   0.43    1.5    0.0   -99.9
 'Wageningen' 20  2 1979   4010.   -2.3   -0.3   0.52    1.9    0.0   -99.9
 'Wageningen' 21  2 1979   2550.   -4.9   -2.0   0.47    1.0    0.0   -99.9
 'Wageningen' 22  2 1979   2130.   -4.3    0.2   0.53    1.6    1.3   -99.9
 'Wageningen' 23  2 1979   4070.   -0.2    2.8   0.63    2.2    2.7   -99.9
 'Wageningen' 24  2 1979   8290.   -3.8    4.0   0.57    2.4    0.1   -99.9
 'Wageningen' 25  2 1979   4060.   -3.9   -2.2   0.48    1.2    0.0   -99.9
 'Wageningen' 26  2 1979   2900.   -3.7   -1.0   0.49    2.3    0.0   -99.9
 'Wageningen' 27  2 1979   2950.   -3.2    2.8   0.54    2.3    0.0   -99.9
 'Wageningen' 28  2 1979  10290.   -1.6    6.6   0.49    4.1    0.0   -99.9
 'Wageningen'  1  3 1979   9960.   -0.5    5.8   0.60    3.9    0.1   -99.9
 'Wageningen'  2  3 1979   1400.    1.9    7.9   0.81    4.4    2.8   -99.9
 'Wageningen'  3  3 1979   2160.    7.6   10.3   1.03    5.0    2.6   -99.9
 'Wageningen'  4  3 1979   4140.   -0.1    9.7   0.81    3.1    6.7   -99.9
 'Wageningen'  5  3 1979  11230.   -0.9    8.7   0.61    2.0    0.0   -99.9
 'Wageningen'  6  3 1979  10940.   -1.1    8.4   0.62    3.6    0.0   -99.9
 'Wageningen'  7  3 1979   7220.    0.4    7.7   0.68    5.2    4.2   -99.9
 'Wageningen'  8  3 1979   9280.    0.8    8.5   0.69    4.0    0.0   -99.9
 'Wageningen'  9  3 1979   1330.    0.8    7.9   0.76    6.9   12.3   -99.9
 'Wageningen' 10  3 1979  11790.    0.2    6.5   0.51    4.4    0.0   -99.9
 'Wageningen' 11  3 1979   2760.    2.8   10.6   0.96    5.1    7.5   -99.9
 'Wageningen' 12  3 1979   9940.    3.8    8.8   0.71    5.6    0.0   -99.9
 'Wageningen' 13  3 1979   3970.    2.6    7.1   0.74    2.6    6.1   -99.9
 'Wageningen' 14  3 1979   3750.    1.6    5.2   0.71    3.9    4.3   -99.9
 'Wageningen' 15  3 1979   1480.    0.9    5.3   0.68    4.7    7.4   -99.9
 'Wageningen' 16  3 1979   1830.    2.6    5.1   0.73    2.6    2.1   -99.9
 'Wageningen' 17  3 1979  13530.    1.1    8.3   0.58    2.8    0.0   -99.9
 'Wageningen' 18  3 1979   6660.   -2.1    6.0   0.66    2.3    0.0   -99.9
 'Wageningen' 19  3 1979   2970.   -1.2    1.5   0.55    2.2    0.0   -99.9
 'Wageningen' 20  3 1979  12970.   -0.8   11.2   0.68    2.3    0.0   -99.9
 'Wageningen' 21  3 1979   8030.    1.9   10.5   0.74    4.9    0.4   -99.9
 'Wageningen' 22  3 1979  12290.    1.0    8.9   0.65    5.3    6.9   -99.9
 'Wageningen' 23  3 1979  14070.   -1.3    6.9   0.56    3.5    0.1   -99.9
 'Wageningen' 24  3 1979  14710.   -2.7    6.8   0.51    2.4    0.0   -99.9
 'Wageningen' 25  3 1979   4220.    4.9   13.9   1.00    5.6    3.9   -99.9
 'Wageningen' 26  3 1979   8620.    4.7   11.5   0.78    7.0    0.8   -99.9
 'Wageningen' 27  3 1979   7390.    3.1    9.4   0.85    5.6    7.9   -99.9
 'Wageningen' 28  3 1979   6760.    2.3    8.7   0.78    5.2    4.4   -99.9
 'Wageningen' 29  3 1979  13220.    1.4    9.3   0.67    3.0    0.0   -99.9
 'Wageningen' 30  3 1979   2460.    3.2    5.5   0.74    4.4    0.9   -99.9
 'Wageningen' 31  3 1979   8160.    3.2    6.9   0.66    2.8    0.1   -99.9
 'Wageningen'  1  4 1979   6400.    4.9    9.0   0.84    3.0    0.4   -99.9
 'Wageningen'  2  4 1979  10510.    4.0    8.3   0.74    3.4    2.1   -99.9
 'Wageningen'  3  4 1979   4580.   -1.1    5.7   0.70    1.8    5.2   -99.9
 'Wageningen'  4  4 1979   4850.   -2.1    3.4   0.64    2.0    0.3   -99.9
 'Wageningen'  5  4 1979   8440.    1.6    6.8   0.68    2.1    0.0   -99.9
 'Wageningen'  6  4 1979   7600.    1.6    7.6   0.71    2.3    0.9   -99.9
 'Wageningen'  7  4 1979  18330.   -2.6   11.1   0.60    1.2    0.0   -99.9
 'Wageningen'  8  4 1979  13930.   -1.1   11.2   0.68    2.4    0.0   -99.9
 'Wageningen'  9  4 1979  17250.    3.9   15.7   0.77    4.2    0.0   -99.9
 'Wageningen' 10  4 1979  18120.    7.3   19.8   1.02    4.2    0.0   -99.9
 'Wageningen' 11  4 1979  17350.    8.6   18.6   1.09    3.2    0.3   -99.9
 'Wageningen' 12  4 1979  16300.    7.8   16.5   1.04    2.9    0.4   -99.9
 'Wageningen' 13  4 1979  19840.    4.4   18.4   0.97    2.6    0.0   -99.9
 'Wageningen' 14  4 1979  19760.    5.1   21.4   1.15    2.8    0.0   -99.9
 'Wageningen' 15  4 1979  16160.   10.4   21.1   1.08    2.7    0.0   -99.9
 'Wageningen' 16  4 1979   3820.    4.2   13.8   0.84    3.7    1.8   -99.9
 'Wageningen' 17  4 1979   4020.    4.2    8.1   0.75    3.4    0.0   -99.9
 'Wageningen' 18  4 1979   7450.   -1.1    7.2   0.59    2.0    0.0   -99.9
 'Wageningen' 19  4 1979  21710.   -5.1   12.0   0.59    1.5    0.0   -99.9
 'Wageningen' 20  4 1979   5060.    4.6   10.1   0.94    3.4    4.4   -99.9
 'Wageningen' 21  4 1979  12170.    4.9   13.0   0.89    3.9    2.2   -99.9
 'Wageningen' 22  4 1979  11010.    6.9   11.4   0.83    3.6    0.7   -99.9
 'Wageningen' 23  4 1979   7000.    6.6   12.2   1.02    4.7    2.4   -99.9
 'Wageningen' 24  4 1979   9390.    3.7   11.3   0.89    3.7    3.6   -99.9
 'Wageningen' 25  4 1979  13070.    1.5    9.3   0.77    1.8    2.1   -99.9
 'Wageningen' 26  4 1979  11660.    3.5   11.2   0.84    2.0   12.9   -99.9
 'Wageningen' 27  4 1979  12740.    1.2   11.2   0.75    2.4    0.1   -99.9
 'Wageningen' 28  4 1979   5390.    0.9    7.4   0.82    3.1    2.5   -99.9
 'Wageningen' 29  4 1979  10790.    4.1   11.4   0.92    4.4    1.5   -99.9
 'Wageningen' 30  4 1979  15280.    2.0    9.3   0.69    5.5    6.9   -99.9
 'Wageningen'  1  5 1979  11740.    2.6    8.1   0.69    3.6   10.1   -99.9
 'Wageningen'  2  5 1979  12850.    0.4    6.6   0.67    5.4    9.3   -99.9
 'Wageningen'  3  5 1979  14930.    0.9    9.2   0.66    3.3    3.5   -99.9
 'Wageningen'  4  5 1979  16300.    0.1    9.4   0.69    1.6    0.5   -99.9
 'Wageningen'  5  5 1979  11190.    2.4    7.1   0.69    1.7    1.7   -99.9
 'Wageningen'  6  5 1979  11690.   -0.2    8.5   0.65    1.5    0.7   -99.9
 'Wageningen'  7  5 1979  20160.   -2.3   13.4   0.72    2.8    0.0   -99.9
 'Wageningen'  8  5 1979  23180.    5.0   16.8   0.80    2.2    0.0   -99.9
 'Wageningen'  9  5 1979  24280.    1.5   18.2   0.87    2.7    0.0   -99.9
 'Wageningen' 10  5 1979  19180.    5.1   12.6   0.68    1.6    0.0   -99.9
 'Wageningen' 11  5 1979   3430.    7.0   12.6   1.16    3.5    7.1   -99.9
 'Wageningen' 12  5 1979  11230.    7.2   14.7   1.16    1.6    0.0   -99.9
 'Wageningen' 13  5 1979  22720.    3.3   20.4   1.26    1.0    0.0   -99.9
 'Wageningen' 14  5 1979  25830.    7.1   24.5   1.51    1.1    0.0   -99.9
 'Wageningen' 15  5 1979  25010.    9.9   26.6   1.34    1.7    0.0   -99.9
 'Wageningen' 16  5 1979  24210.   13.6   26.7   1.33    3.3    0.0   -99.9
 'Wageningen' 17  5 1979   8590.   10.0   14.3   1.16    3.4    1.2   -99.9
 'Wageningen' 18  5 1979  19850.    8.0   15.8   1.04    2.5    0.0   -99.9
 'Wageningen' 19  5 1979  27310.    6.5   17.8   0.95    2.4    0.0   -99.9
 'Wageningen' 20  5 1979   6380.    9.7   18.8   1.32    3.6    0.4   -99.9
 'Wageningen' 21  5 1979  11300.   10.5   17.5   1.08    4.9    3.1   -99.9
 'Wageningen' 22  5 1979  19370.   10.0   17.2   1.10    3.6    0.6   -99.9
 'Wageningen' 23  5 1979   9840.    9.2   16.2   1.20    2.7    6.0   -99.9
 'Wageningen' 24  5 1979  10500.    6.7   13.3   1.03    1.6    0.1   -99.9
 'Wageningen' 25  5 1979  11550.    6.8   13.1   0.96    3.4    2.4   -99.9
 'Wageningen' 26  5 1979  18480.    6.3   20.4   1.23    4.0    3.9   -99.9
 'Wageningen' 27  5 1979  13930.    7.8   16.8   1.12    2.6    1.7   -99.9
 'Wageningen' 28  5 1979  24010.    6.9   19.4   1.13    3.1    0.0   -99.9
 'Wageningen' 29  5 1979  11770.   14.4   23.1   1.76    2.2    6.3   -99.9
 'Wageningen' 30  5 1979  21280.   15.1   26.0   1.92    2.0   15.4   -99.9
 'Wageningen' 31  5 1979  23840.   14.1   27.0   1.91    2.4    1.7   -99.9
 'Wageningen'  1  6 1979   6200.   12.6   16.9   1.55    2.5   60.4   -99.9
 'Wageningen'  2  6 1979  19030.   11.5   25.2   1.78    2.2    0.0   -99.9
 'Wageningen'  3  6 1979  20420.   18.1   29.7   1.88    2.2    3.2   -99.9
 'Wageningen'  4  6 1979  18820.   16.8   27.7   1.91    2.0   37.1   -99.9
 'Wageningen'  5  6 1979  10500.   12.5   19.9   1.67    2.2    0.0   -99.9
 'Wageningen'  6  6 1979  19850.    8.5   19.5   1.25    2.0    0.0   -99.9
 'Wageningen'  7  6 1979  18970.    8.6   18.5   1.12    1.6    3.1   -99.9
 'Wageningen'  8  6 1979  14660.    8.7   17.8   1.20    2.9    0.1   -99.9
 'Wageningen'  9  6 1979  20600.   10.6   19.6   1.33    2.2    0.0   -99.9
 'Wageningen' 10  6 1979  26200.    8.7   19.6   1.22    2.7    0.0   -99.9
 'Wageningen' 11  6 1979   8650.   10.7   19.7   1.49    3.4    6.4   -99.9
 'Wageningen' 12  6 1979   9170.   10.6   16.3   1.26    2.1    0.0   -99.9
 'Wageningen' 13  6 1979   7370.   10.6   16.9   1.39    2.8   21.6   -99.9
 'Wageningen' 14  6 1979   4740.    8.8   14.5   1.27    4.5    7.1   -99.9
 'Wageningen' 15  6 1979  17590.    7.2   13.7   1.02    2.5    1.6   -99.9
 'Wageningen' 16  6 1979  22640.    4.7   18.6   1.07    2.0    0.0   -99.9
 'Wageningen' 17  6 1979  12750.    6.3   17.6   1.16    1.6    0.0   -99.9
 'Wageningen' 18  6 1979  24520.    6.0   19.8   1.27    1.9    0.0   -99.9
 'Wageningen' 19  6 1979  21530.    7.9   22.0   1.45    1.3    0.0   -99.9
 'Wageningen' 20  6 1979  26880.    9.3   24.4   1.52    1.1    0.0   -99.9
 'Wageningen' 21  6 1979  22870.   11.0   26.4   1.68    1.2    0.5   -99.9
 'Wageningen' 22  6 1979  11600.    9.5   18.7   1.37    2.1    0.0   -99.9
 'Wageningen' 23  6 1979  20710.    6.7   21.6   1.34    1.9    0.0   -99.9
 'Wageningen' 24  6 1979  10930.   10.8   18.4   1.43    3.2    6.0   -99.9
 'Wageningen' 25  6 1979  16250.    9.6   18.3   1.16    3.5    0.6   -99.9
 'Wageningen' 26  6 1979   8950.   11.3   16.9   1.38    1.8    0.2   -99.9
 'Wageningen' 27  6 1979  19240.   10.3   20.2   1.34    1.3    0.0   -99.9
 'Wageningen' 28  6 1979  23870.    7.4   21.5   1.32    2.3    0.0   -99.9
 'Wageningen' 29  6 1979  12100.   10.8   19.4   1.33    3.5    0.4   -99.9
 'Wageningen' 30  6 1979  15110.    9.2   16.3   1.06    3.6    0.1   -99.9
 'Wageningen'  1  7 1979  11550.    6.8   15.2   0.99    2.0    0.2   -99.9
 'Wageningen'  2  7 1979  14720.    8.1   17.5   1.08    1.2    0.0   -99.9
 'Wageningen'  3  7 1979  19610.    7.9   20.9   1.29    1.3    0.0   -99.9
 'Wageningen'  4  7 1979  14850.    9.5   17.0   1.18    1.8    0.0   -99.9
 'Wageningen'  5  7 1979  15380.   11.4   19.9   1.27    0.9    0.0   -99.9
 'Wageningen'  6  7 1979  18040.    8.7   21.7   1.42    1.5    0.0   -99.9
 'Wageningen'  7  7 1979  16480.   11.2   21.7   1.47    3.3    2.2   -99.9
 'Wageningen'  8  7 1979  21320.   13.0   20.5   1.33    3.5    0.1   -99.9
 'Wageningen'  9  7 1979  14600.   11.6   19.5   1.42    3.8    2.1   -99.9
 'Wageningen' 10  7 1979  18360.   10.2   19.3   1.16    1.5    0.0   -99.9
 'Wageningen' 11  7 1979  15530.   11.8   20.7   1.29    2.1    0.0   -99.9
 'Wageningen' 12  7 1979  28440.   12.7   24.2   1.24    3.6    0.0   -99.9
 'Wageningen' 13  7 1979   9870.    9.9   22.2   1.41    2.1    0.0   -99.9
 'Wageningen' 14  7 1979  20890.    6.1   22.5   1.35    2.0    0.0   -99.9
 'Wageningen' 15  7 1979   7360.    8.7   16.3   1.29    1.3    0.3   -99.9
 'Wageningen' 16  7 1979   6900.    8.0   17.0   1.37    2.8    0.2   -99.9
 'Wageningen' 17  7 1979   9350.   14.8   21.5   1.73    2.8    0.7   -99.9
 'Wageningen' 18  7 1979   7100.   12.7   19.5   1.67    3.5   12.0   -99.9
 'Wageningen' 19  7 1979   7970.   11.7   16.1   1.30    3.6    0.0   -99.9
 'Wageningen' 20  7 1979  14760.   13.1   18.1   1.24    3.5    0.0   -99.9
 'Wageningen' 21  7 1979  10590.   10.8   17.5   1.29    3.7    7.5   -99.9
 'Wageningen' 22  7 1979  15180.    8.5   17.6   1.17    3.9    0.0   -99.9
 'Wageningen' 23  7 1979   5870.    9.7   16.2   1.31    2.0    0.2   -99.9
 'Wageningen' 24  7 1979  19350.   11.0   20.1   1.32    3.0    0.3   -99.9
 'Wageningen' 25  7 1979  15720.   13.2   22.1   1.55    2.9    0.0   -99.9
 'Wageningen' 26  7 1979  23480.   12.0   24.3   1.53    2.0    0.0   -99.9
 'Wageningen' 27  7 1979  20570.   10.0   25.7   1.55    1.1    0.0   -99.9
 'Wageningen' 28  7 1979  21040.   11.7   27.2   1.68    1.1    0.0   -99.9
 'Wageningen' 29  7 1979  11090.   16.3   22.5   1.84    3.4    5.3   -99.9
 'Wageningen' 30  7 1979  13730.   14.2   22.5   1.63    3.7    0.1   -99.9
 'Wageningen' 31  7 1979  11480.   13.4   22.1   1.51    3.2    0.2   -99.9
 'Wageningen'  1  8 1979  10430.   13.0   19.3   1.56    3.7    4.4   -99.9
 'Wageningen'  2  8 1979  17530.   13.5   20.9   1.44    4.6    0.0   -99.9
 'Wageningen'  3  8 1979  18450.   11.4   21.6   1.41    2.8    0.0   -99.9
 'Wageningen'  4  8 1979  15960.    8.6   19.8   1.45    1.1   14.5   -99.9
 'Wageningen'  5  8 1979  23320.    7.2   21.9   1.32    1.5    0.0   -99.9
 'Wageningen'  6  8 1979  19380.   14.8   25.8   1.51    2.0    0.0   -99.9
 'Wageningen'  7  8 1979  13850.   14.8   24.5   1.64    1.6    0.0   -99.9
 'Wageningen'  8  8 1979   9540.   10.8   18.1   1.46    3.3    0.5   -99.9
 'Wageningen'  9  8 1979   4360.   10.4   14.6   1.40    3.1   19.3   -99.9
 'Wageningen' 10  8 1979  13730.    9.0   18.3   1.31    2.8    1.5   -99.9
 'Wageningen' 11  8 1979  14360.    9.3   18.8   1.38    1.0    0.0   -99.9
 'Wageningen' 12  8 1979   4820.    9.0   16.2   1.53    1.6    0.7   -99.9
 'Wageningen' 13  8 1979   8410.   12.3   21.2   1.85    1.7    0.0   -99.9
 'Wageningen' 14  8 1979  17420.   15.6   26.8   1.69    4.0    0.2   -99.9
 'Wageningen' 15  8 1979  17770.   12.5   20.2   1.26    2.6    0.0   -99.9
 'Wageningen' 16  8 1979  10020.   12.8   18.4   1.39    1.6    1.2   -99.9
 'Wageningen' 17  8 1979   9190.   12.0   18.2   1.43    3.5    3.6   -99.9
 'Wageningen' 18  8 1979  13030.    8.0   21.2   1.52    1.2    0.0   -99.9
 'Wageningen' 19  8 1979   6900.   11.9   18.9   1.61    2.1    0.0   -99.9
 'Wageningen' 20  8 1979  10950.   11.1   18.5   1.47    1.9    0.0   -99.9
 'Wageningen' 21  8 1979   6490.    6.7   17.1   1.36    2.3    1.8   -99.9
 'Wageningen' 22  8 1979  14550.    7.7   18.8   1.17    2.7    0.0   -99.9
 'Wageningen' 23  8 1979  17350.    8.4   18.5   1.11    2.7    4.5   -99.9
 'Wageningen' 24  8 1979  11890.    9.0   16.7   1.16    2.4    0.4   -99.9
 'Wageningen' 25  8 1979   8800.    7.2   17.4   1.23    1.8   28.5   -99.9
 'Wageningen' 26  8 1979  14950.    6.4   18.3   1.25    1.7    2.7   -99.9
 'Wageningen' 27  8 1979  11190.    9.0   16.0   1.17    3.3    1.0   -99.9
 'Wageningen' 28  8 1979   9400.    8.8   16.0   1.11    2.4    0.0   -99.9
 'Wageningen' 29  8 1979  19340.    7.1   21.7   1.21    0.9    0.0   -99.9
 'Wageningen' 30  8 1979  19800.    8.8   24.9   1.37    2.3    0.0   -99.9
 'Wageningen' 31  8 1979  16000.   12.5   24.9   1.57    1.4    0.0   -99.9
 'Wageningen'  1  9 1979  15170.   10.6   27.0   1.80    1.6    0.0   -99.9
 'Wageningen'  2  9 1979   8400.   12.8   22.6   1.70    3.3    0.2   -99.9
 'Wageningen'  3  9 1979   6210.   11.6   16.1   1.39    3.9    7.0   -99.9
 'Wageningen'  4  9 1979  10880.    7.4   19.1   1.27    1.6    0.0   -99.9
 'Wageningen'  5  9 1979  17450.    6.0   20.8   1.32    1.5    0.0   -99.9
 'Wageningen'  6  9 1979  18640.   12.4   23.3   1.02    2.9    0.0   -99.9
 'Wageningen'  7  9 1979  11720.   11.7   22.4   1.63    1.5    0.0   -99.9
 'Wageningen'  8  9 1979  13980.    9.6   24.4   1.71    1.2    0.0   -99.9
 'Wageningen'  9  9 1979   9500.   13.1   21.7   1.62    1.1    1.3   -99.9
 'Wageningen' 10  9 1979  14800.   11.5   22.0   1.52    1.2    0.0   -99.9
 'Wageningen' 11  9 1979   7400.   11.7   19.8   1.50    2.8    0.0   -99.9
 'Wageningen' 12  9 1979   4910.   10.9   15.8   1.44    1.7    0.0   -99.9
 'Wageningen' 13  9 1979   8140.    5.4   16.9   1.17    2.9    0.0   -99.9
 'Wageningen' 14  9 1979  13100.    4.0   17.1   0.98    2.8    1.1   -99.9
 'Wageningen' 15  9 1979  15010.    1.9   15.0   0.86    2.0    0.0   -99.9
 'Wageningen' 16  9 1979  17670.    1.5   16.0   0.84    1.6    0.0   -99.9
 'Wageningen' 17  9 1979  12710.    7.6   19.8   1.08    3.2    0.0   -99.9
 'Wageningen' 18  9 1979   3770.   13.2   17.3   1.51    5.8    3.8   -99.9
 'Wageningen' 19  9 1979   2860.   15.0   18.0   1.72    3.5    3.1   -99.9
 'Wageningen' 20  9 1979   7410.    8.2   18.1   1.28    3.1    0.4   -99.9
 'Wageningen' 21  9 1979  15580.    2.6   15.9   0.89    2.5    0.0   -99.9
 'Wageningen' 22  9 1979  10470.   -0.6   15.0   0.78    1.4    0.0   -99.9
 'Wageningen' 23  9 1979  12980.   -0.8   16.0   0.86    0.6    0.0   -99.9
 'Wageningen' 24  9 1979   9390.    3.1   15.9   1.04    1.3    0.0   -99.9
 'Wageningen' 25  9 1979  13770.    0.4   16.3   0.93    1.7    0.0   -99.9
 'Wageningen' 26  9 1979   6580.   11.7   18.9   1.46    2.9    0.0   -99.9
 'Wageningen' 27  9 1979   3620.    2.7   16.4   1.27    1.6    0.9   -99.9
 'Wageningen' 28  9 1979  11780.    1.9   15.8   0.85    1.4    0.0   -99.9
 'Wageningen' 29  9 1979  14130.   -1.2   16.3   0.80    2.1    0.0   -99.9
 'Wageningen' 30  9 1979  14220.    6.4   17.4   0.92    2.6    0.0   -99.9
 'Wageningen'  1 10 1979  11780.    4.5   17.9   1.02    1.9    0.0   -99.9
 'Wageningen'  2 10 1979  11540.    7.5   17.4   0.99    3.4    0.0   -99.9
 'Wageningen'  3 10 1979   4980.    8.1   15.4   0.97    3.2    0.0   -99.9
 'Wageningen'  4 10 1979   8130.   11.1   21.2   1.49    2.3    0.0   -99.9
 'Wageningen'  5 10 1979   3090.   12.8   17.4   1.51    1.6    2.8   -99.9
 'Wageningen'  6 10 1979   6880.   11.7   18.2   1.42    2.1    0.0   -99.9
 'Wageningen'  7 10 1979   5940.    9.7   18.0   1.31    2.2    0.0   -99.9
 'Wageningen'  8 10 1979   9700.    9.5   19.8   1.52    1.9    0.0   -99.9
 'Wageningen'  9 10 1979  10250.   11.3   23.1   1.58    2.4    0.0   -99.9
 'Wageningen' 10 10 1979   8900.   10.9   23.6   1.49    3.0    0.0   -99.9
 'Wageningen' 11 10 1979   4680.   12.7   19.2   1.61    1.3    1.6   -99.9
 'Wageningen' 12 10 1979   3470.    9.6   15.0   1.48    1.4   24.1   -99.9
 'Wageningen' 13 10 1979   3510.   12.4   16.6   1.45    1.9    0.2   -99.9
 'Wageningen' 14 10 1979   3670.    6.9   15.7   1.27    3.5    0.0   -99.9
 'Wageningen' 15 10 1979   1300.    7.3   12.0   1.24    1.8    1.3   -99.9
 'Wageningen' 16 10 1979   3880.    6.7   14.4   1.21    0.9    0.0   -99.9
 'Wageningen' 17 10 1979   6420.    4.5   14.5   1.04    0.9    0.0   -99.9
 'Wageningen' 18 10 1979   7760.    5.6   14.3   1.05    4.0    1.2   -99.9
 'Wageningen' 19 10 1979   7000.    5.3   15.0   1.07    2.2    0.0   -99.9
 'Wageningen' 20 10 1979   3130.    4.3   13.5   1.10    0.8    0.0   -99.9
 'Wageningen' 21 10 1979   9550.    2.1   13.9   0.86    2.0    0.0   -99.9
 'Wageningen' 22 10 1979  10150.    2.8   11.3   0.69    3.5    0.0   -99.9
 'Wageningen' 23 10 1979   9710.    4.2   11.6   0.60    4.3    0.0   -99.9
 'Wageningen' 24 10 1979   3470.    3.7   10.9   0.72    3.7    0.0   -99.9
 'Wageningen' 25 10 1979   7990.    3.7   12.8   0.63    4.6    0.0   -99.9
 'Wageningen' 26 10 1979   7700.    2.3   10.0   0.43    4.1    0.0   -99.9
 'Wageningen' 27 10 1979   7890.    1.2    9.0   0.43    3.0    0.0   -99.9
 'Wageningen' 28 10 1979   6110.    0.2    8.6   0.58    1.6    0.0   -99.9
 'Wageningen' 29 10 1979   1550.    1.5    6.4   0.77    0.7    0.7   -99.9
 'Wageningen' 30 10 1979   2950.    3.0   10.2   0.87    1.4    0.0   -99.9
 'Wageningen' 31 10 1979    910.    7.4   11.1   1.05    3.5    4.7   -99.9
 'Wageningen'  1 11 1979   4940.    3.5   13.5   1.03    2.4    0.4   -99.9
 'Wageningen'  2 11 1979   5590.   -1.3   11.3   0.75    1.1    0.5   -99.9
 'Wageningen'  3 11 1979   1960.   -1.1    8.7   0.82    3.1    1.7   -99.9
 'Wageningen'  4 11 1979    820.    7.4   12.4   1.14    4.5   10.2   -99.9
 'Wageningen'  5 11 1979   2360.    5.6   10.0   0.87    4.1   19.2   -99.9
 'Wageningen'  6 11 1979   3340.    2.0   11.3   0.82    4.8    5.1   -99.9
 'Wageningen'  7 11 1979   4370.    1.7   13.3   0.85    3.6    5.5   -99.9
 'Wageningen'  8 11 1979   3490.    4.2   12.2   0.87    3.4    1.7   -99.9
 'Wageningen'  9 11 1979   4510.    3.6    9.0   0.78    3.7    3.4   -99.9
 'Wageningen' 10 11 1979   4990.    1.0    6.0   0.69    3.0    0.5   -99.9
 'Wageningen' 11 11 1979   4480.    0.9    6.6   0.70    3.9    0.1   -99.9
 'Wageningen' 12 11 1979    610.   -0.7    8.0   0.82    4.0    3.4   -99.9
 'Wageningen' 13 11 1979   5730.   -2.4    7.7   0.61    1.5    0.0   -99.9
 'Wageningen' 14 11 1979   2820.   -0.9    7.0   0.72    3.3    0.9   -99.9
 'Wageningen' 15 11 1979   3580.    0.3    5.7   0.67    3.1    0.0   -99.9
 'Wageningen' 16 11 1979   1000.   -1.0    4.2   0.66    1.8    0.0   -99.9
 'Wageningen' 17 11 1979   2320.    1.9    5.6   0.67    2.8    0.0   -99.9
 'Wageningen' 18 11 1979   1190.    1.7    7.1   0.74    3.4    3.3   -99.9
 'Wageningen' 19 11 1979   2840.    1.4    9.7   0.85    1.5    0.6   -99.9
 'Wageningen' 20 11 1979   3280.   -0.2    7.7   0.75    1.0    0.0   -99.9
 'Wageningen' 21 11 1979   2740.   -0.7    5.6   0.70    1.0    0.0   -99.9
 'Wageningen' 22 11 1979   3720.   -0.5    5.6   0.68    2.2    0.0   -99.9
 'Wageningen' 23 11 1979   1430.    1.8    5.1   0.64    3.0    0.0   -99.9
 'Wageningen' 24 11 1979   2060.    2.5    6.4   0.79    2.0    0.2   -99.9
 'Wageningen' 25 11 1979   2570.    2.3    5.6   0.73    4.5    0.0   -99.9
 'Wageningen' 26 11 1979   1180.    4.6   12.3   0.92    5.6    1.2   -99.9
 'Wageningen' 27 11 1979   1460.    6.1   10.4   1.00    1.5    0.1   -99.9
 'Wageningen' 28 11 1979   1360.    5.4   10.6   1.01    3.5    0.0   -99.9
 'Wageningen' 29 11 1979   3260.    3.8    9.3   0.82    2.4    0.0   -99.9
 'Wageningen' 30 11 1979   1860.    2.0   11.8   0.91    4.3    1.9   -99.9
 'Wageningen'  1 12 1979   1590.    7.2   11.9   1.07    5.3    2.3   -99.9
 'Wageningen'  2 12 1979   1130.    9.2   11.7   1.06    4.6    0.0   -99.9
 'Wageningen'  3 12 1979   1030.    9.3   12.7   1.15    4.2    0.2   -99.9
 'Wageningen'  4 12 1979   2220.    6.3   11.5   1.00    3.5    0.0   -99.9
 'Wageningen'  5 12 1979    960.    3.9   14.3   0.98    5.1    3.7   -99.9
 'Wageningen'  6 12 1979   1620.    3.0   10.8   0.97    1.5    0.0   -99.9
 'Wageningen'  7 12 1979   2190.    8.9   11.7   1.08    2.8    2.9   -99.9
 'Wageningen'  8 12 1979   1000.    9.1   12.0   1.16    4.0    1.3   -99.9
 'Wageningen'  9 12 1979    860.    8.4   12.0   1.12    4.8    8.7   -99.9
 'Wageningen' 10 12 1979   2520.    6.9   12.5   0.94    6.3    1.9   -99.9
 'Wageningen' 11 12 1979    780.    5.4   11.0   0.93    4.8    9.4   -99.9
 'Wageningen' 12 12 1979   3220.    0.6    5.6   0.60    2.5    0.1   -99.9
 'Wageningen' 13 12 1979    770.    2.9    8.9   0.92    3.9    7.4   -99.9
 'Wageningen' 14 12 1979    510.    6.0    9.8   0.83    6.4    8.5   -99.9
 'Wageningen' 15 12 1979   1160.    5.4   10.0   0.83    7.1    5.1   -99.9
 'Wageningen' 16 12 1979   1020.    3.2    7.5   0.74    6.6    0.9   -99.9
 'Wageningen' 17 12 1979   1440.    5.5    9.4   0.76    7.9    1.1   -99.9
 'Wageningen' 18 12 1979   2110.   -1.7    7.1   0.75    5.8    5.2   -99.9
 'Wageningen' 19 12 1979   2940.   -3.6    4.8   0.58    1.3    0.1   -99.9
 'Wageningen' 20 12 1979   3210.   -2.8    5.0   0.61    1.0    4.0   -99.9
 'Wageningen' 21 12 1979   1810.   -5.5    0.8   0.49    3.4    0.1   -99.9
 'Wageningen' 22 12 1979    800.   -3.4    0.9   0.56    3.7    0.0   -99.9
 'Wageningen' 23 12 1979    400.    0.2    3.5   0.64    3.6    0.9   -99.9
 'Wageningen' 24 12 1979   1930.    0.1    3.2   0.60    2.6    0.0   -99.9
 'Wageningen' 25 12 1979   1580.   -0.6    5.6   0.70    1.9    0.0   -99.9
 'Wageningen' 26 12 1979    800.   -1.7    0.5   0.57    3.6    0.0   -99.9
 'Wageningen' 27 12 1979   1450.   -1.7    5.0   0.55    5.5    1.8   -99.9
 'Wageningen' 28 12 1979    460.    1.7    6.9   0.76    5.1   13.1   -99.9
 'Wageningen' 29 12 1979    430.    0.4    3.7   0.67    3.8    2.9   -99.9
 'Wageningen' 30 12 1979    520.    0.3    3.7   0.62    4.0   10.8   -99.9
 'Wageningen' 31 12 1979   2150.    0.1    4.7   0.62    3.2    1.7   -99.9
