***************************************************************************
* File name: Wageni.993
* Contents: SWAP  3.0 - Meteo data of Wageningen weather station                
***************************************************************************     
* Comment area:                                                                 
*                                                                               
*                                                                               
***************************************************************************     
    Station   DD MM YYYY     RAD   Tmin   Tmax    HUM   WIND   RAIN   ETref     
*             nr nr   nr   kJ/m2      C      C    kPa    m/s     mm      mm     
 'Wageningen'  1  1 1993   3290.  -10.6    0.1   0.36    2.0    0.0   -99.9
 'Wageningen'  2  1 1993   3930.   -6.1   -0.6   0.30    3.8    0.0   -99.9
 'Wageningen'  3  1 1993   3640.   -9.8   -4.3   0.26    3.0    0.0   -99.9
 'Wageningen'  4  1 1993   2000.   -8.8   -2.2   0.29    3.4    0.0   -99.9
 'Wageningen'  5  1 1993    780.   -2.2    4.8   0.54    4.6    9.7   -99.9
 'Wageningen'  6  1 1993    440.    4.6    9.7   0.99    4.8   12.5   -99.9
 'Wageningen'  7  1 1993   2950.    2.0    9.2   0.83    2.7    2.0   -99.9
 'Wageningen'  8  1 1993   3390.    0.1   10.0   0.72    3.7    1.5   -99.9
 'Wageningen'  9  1 1993   1040.    0.4   11.3   0.90    5.4    4.4   -99.9
 'Wageningen' 10  1 1993    350.    7.9   12.1   1.09    7.1    6.0   -99.9
 'Wageningen' 11  1 1993    600.    6.5   11.5   0.97    7.6   12.1   -99.9
 'Wageningen' 12  1 1993   3450.    3.4    8.0   0.69    6.7    4.5   -99.9
 'Wageningen' 13  1 1993   1400.    3.7   14.8   0.81    6.8    1.9   -99.9
 'Wageningen' 14  1 1993   3840.    2.7    8.3   0.72    5.4    0.0   -99.9
 'Wageningen' 15  1 1993   1910.    3.3   12.4   0.89    6.4    0.3   -99.9
 'Wageningen' 16  1 1993   1680.    8.9   13.6   1.08    5.9    0.0   -99.9
 'Wageningen' 17  1 1993   2260.    5.8   11.2   0.91    5.4    1.1   -99.9
 'Wageningen' 18  1 1993   4040.    2.9    7.9   0.75    3.5    0.0   -99.9
 'Wageningen' 19  1 1993   1750.    3.5    8.3   0.78    4.8    0.8   -99.9
 'Wageningen' 20  1 1993    530.    8.2   11.2   1.09    6.8   10.5   -99.9
 'Wageningen' 21  1 1993   3320.    7.2   12.1   1.00    6.5    3.4   -99.9
 'Wageningen' 22  1 1993    820.    5.7   12.3   0.97    8.5   13.7   -99.9
 'Wageningen' 23  1 1993   2710.    4.5   11.7   0.76    6.0    0.4   -99.9
 'Wageningen' 24  1 1993   1550.    3.7   12.1   0.84   10.8    7.7   -99.9
 'Wageningen' 25  1 1993   2110.   -0.4    7.1   0.56    6.1    4.0   -99.9
 'Wageningen' 26  1 1993   1130.    0.1    5.5   0.64    6.1    2.3   -99.9
 'Wageningen' 27  1 1993   2070.    0.3    5.8   0.65    2.4    0.3   -99.9
 'Wageningen' 28  1 1993   1040.    2.3    8.9   0.87    3.4    2.4   -99.9
 'Wageningen' 29  1 1993    660.   -0.1    8.3   0.73    3.6    0.8   -99.9
 'Wageningen' 30  1 1993   3700.   -1.0    3.6   0.52    3.6    0.0   -99.9
 'Wageningen' 31  1 1993   5650.   -2.2    4.1   0.50    1.8    0.0   -99.9
 'Wageningen'  1  2 1993   6210.   -5.2    2.1   0.43    2.1    0.0   -99.9
 'Wageningen'  2  2 1993   1060.   -0.7    1.9   0.58    2.2    0.0   -99.9
 'Wageningen'  3  2 1993   1360.   -1.0    2.4   0.60    1.6    0.0   -99.9
 'Wageningen'  4  2 1993   1900.   -2.7   -0.1   0.50    1.5    0.0   -99.9
 'Wageningen'  5  2 1993   1050.   -1.1    3.1   0.59    3.3    0.0   -99.9
 'Wageningen'  6  2 1993   1160.    2.3    6.3   0.73    3.3    0.4   -99.9
 'Wageningen'  7  2 1993   2780.    4.0    6.6   0.79    0.9    0.2   -99.9
 'Wageningen'  8  2 1993   2470.    3.8    6.3   0.74    2.1    0.0   -99.9
 'Wageningen'  9  2 1993   1390.    3.4    5.4   0.76    2.7    0.0   -99.9
 'Wageningen' 10  2 1993   2000.    1.5    3.6   0.65    2.5    0.0   -99.9
 'Wageningen' 11  2 1993   1080.   -1.2    1.7   0.56    2.1    0.0   -99.9
 'Wageningen' 12  2 1993   3750.   -5.0    0.2   0.53    1.6    0.0   -99.9
 'Wageningen' 13  2 1993   2960.   -2.9    0.0   0.53    2.0    0.0   -99.9
 'Wageningen' 14  2 1993   1850.   -2.8   -0.3   0.53    2.2    0.0   -99.9
 'Wageningen' 15  2 1993   2050.   -1.4    1.8   0.56    1.8    0.0   -99.9
 'Wageningen' 16  2 1993   4950.    1.0    8.5   0.77    2.5    0.9   -99.9
 'Wageningen' 17  2 1993   1880.    4.4    7.9   0.89    4.0    5.6   -99.9
 'Wageningen' 18  2 1993   2590.    3.6    7.2   0.84    3.7    0.8   -99.9
 'Wageningen' 19  2 1993   4650.    3.2    7.5   0.50    6.6    1.5   -99.9
 'Wageningen' 20  2 1993   4480.    2.5    7.3   0.66    5.5    4.0   -99.9
 'Wageningen' 21  2 1993   5990.    0.2    5.9   0.64    5.7    8.0   -99.9
 'Wageningen' 22  2 1993   8170.   -3.1    4.1   0.58    2.1    3.6   -99.9
 'Wageningen' 23  2 1993   9980.   -4.3    3.0   0.43    1.9    0.0   -99.9
 'Wageningen' 24  2 1993   7970.   -3.6    2.0   0.48    1.3    0.1   -99.9
 'Wageningen' 25  2 1993   3590.   -1.7    3.9   0.61    2.2    0.1   -99.9
 'Wageningen' 26  2 1993   2710.    1.3    4.8   0.70    3.1    2.3   -99.9
 'Wageningen' 27  2 1993   7870.   -4.6    5.2   0.53    3.4    1.4   -99.9
 'Wageningen' 28  2 1993   7780.   -3.4    3.9   0.56    3.2    0.8   -99.9
 'Wageningen'  1  3 1993   5520.   -2.3    3.3   0.53    4.4    0.0   -99.9
 'Wageningen'  2  3 1993   9720.   -0.6    5.7   0.48    6.1    0.0   -99.9
 'Wageningen'  3  3 1993   9500.   -2.7    2.2   0.41    3.7    0.0   -99.9
 'Wageningen'  4  3 1993   4170.   -3.3    2.6   0.52    1.6    0.0   -99.9
 'Wageningen'  5  3 1993   3210.   -2.5    5.3   0.66    2.6    0.6   -99.9
 'Wageningen'  6  3 1993   3430.    4.5    8.1   0.86    3.3    0.6   -99.9
 'Wageningen'  7  3 1993   4370.    3.2    8.5   0.80    1.9    0.0   -99.9
 'Wageningen'  8  3 1993  13180.   -1.4    8.2   0.58    3.8    0.0   -99.9
 'Wageningen'  9  3 1993  13050.   -1.1    8.5   0.49    3.7    0.0   -99.9
 'Wageningen' 10  3 1993   9690.    1.1   11.5   0.75    2.5    0.0   -99.9
 'Wageningen' 11  3 1993   8760.    3.3   13.6   0.87    1.7    0.0   -99.9
 'Wageningen' 12  3 1993  11900.    1.6   15.6   0.79    1.6    0.0   -99.9
 'Wageningen' 13  3 1993  12660.    1.9   15.8   0.77    1.8    0.0   -99.9
 'Wageningen' 14  3 1993  10840.    0.0   16.7   0.86    1.9    0.0   -99.9
 'Wageningen' 15  3 1993  13140.    4.9   17.5   0.93    1.7    0.0   -99.9
 'Wageningen' 16  3 1993   5430.    6.3   12.8   1.03    5.0    0.0   -99.9
 'Wageningen' 17  3 1993   7500.    7.4   14.2   1.05    5.7    1.5   -99.9
 'Wageningen' 18  3 1993   4310.    3.2   12.3   0.98    5.2    0.2   -99.9
 'Wageningen' 19  3 1993  15390.    0.7   10.1   0.66    3.2    0.0   -99.9
 'Wageningen' 20  3 1993  14780.   -0.5   11.9   0.69    2.0    0.0   -99.9
 'Wageningen' 21  3 1993  12090.    0.7   14.9   0.80    2.3    0.2   -99.9
 'Wageningen' 22  3 1993   6080.    6.4   14.0   1.06    3.6    4.9   -99.9
 'Wageningen' 23  3 1993  13950.    1.5    9.7   0.70    4.8    0.0   -99.9
 'Wageningen' 24  3 1993  13290.   -0.8   10.3   0.61    2.7    0.0   -99.9
 'Wageningen' 25  3 1993  12280.   -0.4    8.9   0.66    3.7    0.1   -99.9
 'Wageningen' 26  3 1993  12450.   -4.7   10.6   0.52    2.4    0.0   -99.9
 'Wageningen' 27  3 1993  10720.   -6.2    7.3   0.42    1.7    0.0   -99.9
 'Wageningen' 28  3 1993  17280.   -5.2    7.4   0.43    3.1    0.0   -99.9
 'Wageningen' 29  3 1993  17850.   -1.1    8.7   0.42    2.7    0.0   -99.9
 'Wageningen' 30  3 1993  16180.   -0.7   12.8   0.49    2.5    0.0   -99.9
 'Wageningen' 31  3 1993   6080.    7.1   16.5   0.98    2.2    2.7   -99.9
 'Wageningen'  1  4 1993   6370.    6.6   15.5   1.06    2.3    0.4   -99.9
 'Wageningen'  2  4 1993   5230.    0.7    9.6   0.80    2.6    0.0   -99.9
 'Wageningen'  3  4 1993  12610.   -0.2   11.7   0.77    2.0    0.0   -99.9
 'Wageningen'  4  4 1993   6890.    1.9    9.2   0.80    2.9    1.5   -99.9
 'Wageningen'  5  4 1993   7100.    0.5   10.7   0.84    5.1    5.4   -99.9
 'Wageningen'  6  4 1993   6110.    6.0   10.4   0.93    6.2    3.6   -99.9
 'Wageningen'  7  4 1993   3520.    3.2    9.1   0.85    2.6    0.0   -99.9
 'Wageningen'  8  4 1993   8330.   -1.5   10.7   0.70    1.4    0.0   -99.9
 'Wageningen'  9  4 1993  14780.    3.4   13.6   0.76    4.2    0.4   -99.9
 'Wageningen' 10  4 1993  12710.    6.2   14.0   0.91    2.1    0.0   -99.9
 'Wageningen' 11  4 1993   8020.    5.4   11.2   0.96    2.7    0.6   -99.9
 'Wageningen' 12  4 1993   9140.    4.8   12.5   0.96    1.8    0.1   -99.9
 'Wageningen' 13  4 1993  13400.    0.8   13.4   0.84    1.7    0.0   -99.9
 'Wageningen' 14  4 1993  13260.    1.1   14.2   0.91    1.4    0.8   -99.9
 'Wageningen' 15  4 1993  11740.    3.0   14.4   0.93    1.9    0.3   -99.9
 'Wageningen' 16  4 1993  15320.    1.0   14.8   0.85    2.2    0.0   -99.9
 'Wageningen' 17  4 1993   3100.    8.9   11.0   1.15    4.3    0.5   -99.9
 'Wageningen' 18  4 1993   7260.    8.6   14.0   1.18    5.6   11.7   -99.9
 'Wageningen' 19  4 1993   3150.    8.3   11.8   1.16    3.2    3.2   -99.9
 'Wageningen' 20  4 1993  21580.    7.9   20.9   1.11    2.9    0.0   -99.9
 'Wageningen' 21  4 1993  14600.    6.2   21.6   1.16    2.3    0.0   -99.9
 'Wageningen' 22  4 1993   9560.    5.7   19.2   1.22    2.7    0.4   -99.9
 'Wageningen' 23  4 1993  18810.    8.8   19.1   1.14    3.3    0.0   -99.9
 'Wageningen' 24  4 1993  18620.   12.0   22.6   1.14    2.9    0.0   -99.9
 'Wageningen' 25  4 1993  19890.    7.3   20.5   1.21    2.0    0.0   -99.9
 'Wageningen' 26  4 1993  19840.    6.5   20.9   1.14    2.2    0.0   -99.9
 'Wageningen' 27  4 1993  23090.    6.3   23.9   1.13    3.5    0.0   -99.9
 'Wageningen' 28  4 1993  22250.   10.2   26.4   0.99    4.3    0.0   -99.9
 'Wageningen' 29  4 1993  22260.   14.4   26.3   1.12    3.8    0.0   -99.9
 'Wageningen' 30  4 1993  22160.   13.9   26.5   1.23    2.8    0.1   -99.9
 'Wageningen'  1  5 1993  20640.   11.4   23.4   1.38    2.5    6.9   -99.9
 'Wageningen'  2  5 1993   5600.    9.3   13.7   1.21    2.4    0.0   -99.9
 'Wageningen'  3  5 1993  17710.    3.1   13.4   0.85    2.2    0.0   -99.9
 'Wageningen'  4  5 1993  20470.    0.5   14.6   0.63    1.8    0.0   -99.9
 'Wageningen'  5  5 1993  20580.    0.3   13.7   0.64    3.0    0.0   -99.9
 'Wageningen'  6  5 1993  24760.    2.4   15.6   0.71    2.9    0.0   -99.9
 'Wageningen'  7  5 1993   9750.    8.1   15.3   1.11    3.4    0.0   -99.9
 'Wageningen'  8  5 1993  17190.    9.2   20.5   1.13    3.1    0.0   -99.9
 'Wageningen'  9  5 1993  20910.    7.7   25.0   1.23    3.0   14.7   -99.9
 'Wageningen' 10  5 1993  22730.    8.3   24.5   1.49    2.3    0.2   -99.9
 'Wageningen' 11  5 1993  24480.   13.3   25.8   1.22    3.3    0.0   -99.9
 'Wageningen' 12  5 1993  23550.   11.9   24.8   1.34    2.2    1.8   -99.9
 'Wageningen' 13  5 1993   8680.    9.9   14.7   1.35    1.6    0.0   -99.9
 'Wageningen' 14  5 1993   7190.    9.4   14.0   1.18    2.3    0.3   -99.9
 'Wageningen' 15  5 1993  12780.    5.6   15.0   0.98    3.0    0.5   -99.9
 'Wageningen' 16  5 1993  22820.    5.3   18.2   0.88    2.7    0.0   -99.9
 'Wageningen' 17  5 1993  25410.    9.7   24.0   1.11    4.1    0.0   -99.9
 'Wageningen' 18  5 1993  16110.   14.1   22.8   1.58    2.0    3.1   -99.9
 'Wageningen' 19  5 1993  16450.   12.7   22.1   1.55    2.5    1.2   -99.9
 'Wageningen' 20  5 1993  15900.   11.8   23.5   1.53    2.5    1.5   -99.9
 'Wageningen' 21  5 1993  11840.    7.5   16.0   1.14    3.1    0.0   -99.9
 'Wageningen' 22  5 1993  26150.    6.1   19.8   0.99    1.6    0.0   -99.9
 'Wageningen' 23  5 1993  26170.    7.6   21.5   1.09    2.5    0.0   -99.9
 'Wageningen' 24  5 1993  26620.    9.5   25.1   1.32    2.3    0.0   -99.9
 'Wageningen' 25  5 1993  23560.   12.7   24.6   1.45    2.4    0.0   -99.9
 'Wageningen' 26  5 1993  21590.   10.0   23.6   1.38    2.9    1.8   -99.9
 'Wageningen' 27  5 1993   5370.   11.3   17.4   1.51    4.3   10.1   -99.9
 'Wageningen' 28  5 1993   7270.    9.5   13.5   1.19    3.2    6.5   -99.9
 'Wageningen' 29  5 1993  24450.   10.4   21.0   1.15    3.2    0.0   -99.9
 'Wageningen' 30  5 1993  16820.   12.8   21.6   1.40    3.4    2.6   -99.9
 'Wageningen' 31  5 1993  14840.   11.2   17.5   1.12    5.6    0.0   -99.9
 'Wageningen'  1  6 1993  17350.    9.6   19.5   1.29    2.4    0.0   -99.9
 'Wageningen'  2  6 1993  14850.   12.9   22.8   1.57    2.5   12.6   -99.9
 'Wageningen'  3  6 1993   6210.   12.8   15.9   1.38    1.5    2.0   -99.9
 'Wageningen'  4  6 1993  20990.   11.2   23.0   1.37    1.6    0.0   -99.9
 'Wageningen'  5  6 1993  17350.   12.4   24.4   1.57    1.1    0.0   -99.9
 'Wageningen'  6  6 1993  22860.   11.5   24.8   1.46    1.6    0.0   -99.9
 'Wageningen'  7  6 1993  25250.    8.4   24.8   1.36    1.7    0.0   -99.9
 'Wageningen'  8  6 1993  27600.    7.0   26.5   1.35    1.8    0.0   -99.9
 'Wageningen'  9  6 1993  27980.   13.3   28.9   1.56    2.8    0.0   -99.9
 'Wageningen' 10  6 1993  19150.   17.6   28.7   1.55    2.1    3.6   -99.9
 'Wageningen' 11  6 1993  16390.   14.4   22.3   1.45    4.2    0.0   -99.9
 'Wageningen' 12  6 1993   8650.   10.9   15.9   1.25    3.8    0.1   -99.9
 'Wageningen' 13  6 1993  10890.    8.6   18.3   1.25    1.5    0.0   -99.9
 'Wageningen' 14  6 1993   6640.    8.8   13.9   1.22    2.2    6.1   -99.9
 'Wageningen' 15  6 1993  29130.    9.8   18.3   1.04    1.7    0.2   -99.9
 'Wageningen' 16  6 1993   2920.   10.5   14.2   1.39    3.4   18.6   -99.9
 'Wageningen' 17  6 1993  26020.   10.4   20.6   1.29    3.4    0.0   -99.9
 'Wageningen' 18  6 1993   7180.   12.7   17.5   1.53    3.7    5.3   -99.9
 'Wageningen' 19  6 1993  16950.   13.6   19.9   1.44    3.5    0.0   -99.9
 'Wageningen' 20  6 1993  22430.    8.4   19.8   1.25    2.3    0.0   -99.9
 'Wageningen' 21  6 1993  18750.    6.3   20.3   1.15    1.2    0.0   -99.9
 'Wageningen' 22  6 1993  16880.    6.2   19.3   1.18    1.5    0.0   -99.9
 'Wageningen' 23  6 1993   9770.    5.7   17.2   1.18    1.7    2.1   -99.9
 'Wageningen' 24  6 1993  21430.    6.0   17.6   0.94    2.6    0.0   -99.9
 'Wageningen' 25  6 1993   9730.    6.5   15.8   1.11    1.3    0.1   -99.9
 'Wageningen' 26  6 1993   9560.    8.9   18.3   1.30    2.4    0.5   -99.9
 'Wageningen' 27  6 1993  19930.    9.9   19.7   1.30    3.0    0.1   -99.9
 'Wageningen' 28  6 1993  15160.    9.9   18.6   1.20    1.4    1.1   -99.9
 'Wageningen' 29  6 1993  29350.   10.2   24.2   1.24    2.9    0.0   -99.9
 'Wageningen' 30  6 1993  28570.   13.1   26.4   1.36    2.2    0.0   -99.9
 'Wageningen'  1  7 1993  28020.    9.8   28.1   1.54    1.8    0.0   -99.9
 'Wageningen'  2  7 1993  27400.   10.7   24.6   1.50    1.7    0.0   -99.9
 'Wageningen'  3  7 1993  21850.    9.4   24.3   1.59    2.9    0.0   -99.9
 'Wageningen'  4  7 1993  24390.   15.7   26.4   1.71    2.0    0.0   -99.9
 'Wageningen'  5  7 1993   5300.   11.2   18.4   1.48    1.6   22.5   -99.9
 'Wageningen'  6  7 1993  16740.   10.1   18.7   1.18    2.4    0.8   -99.9
 'Wageningen'  7  7 1993  15940.   10.2   18.0   1.23    2.9    0.0   -99.9
 'Wageningen'  8  7 1993  19120.    9.4   22.3   1.34    2.4    0.0   -99.9
 'Wageningen'  9  7 1993  16580.   12.4   23.6   1.37    4.1    0.0   -99.9
 'Wageningen' 10  7 1993  22880.    9.2   18.2   1.13    3.6    1.5   -99.9
 'Wageningen' 11  7 1993  13780.    7.8   17.3   1.14    1.6    0.4   -99.9
 'Wageningen' 12  7 1993  16820.    5.0   17.7   1.10    2.9    0.7   -99.9
 'Wageningen' 13  7 1993  17340.    7.8   18.9   1.12    1.9    0.1   -99.9
 'Wageningen' 14  7 1993   4340.   12.2   17.8   1.62    3.6   27.5   -99.9
 'Wageningen' 15  7 1993   8660.   13.0   18.5   1.64    1.5    7.0   -99.9
 'Wageningen' 16  7 1993  12870.   16.8   22.6   1.83    3.4    9.1   -99.9
 'Wageningen' 17  7 1993  13030.   13.4   21.0   1.58    3.7    0.0   -99.9
 'Wageningen' 18  7 1993  17870.   12.3   21.1   1.44    2.2    1.0   -99.9
 'Wageningen' 19  7 1993  11390.   12.7   18.2   1.45    2.5   10.9   -99.9
 'Wageningen' 20  7 1993  11850.   11.8   18.9   1.43    2.2    2.5   -99.9
 'Wageningen' 21  7 1993  16550.    9.8   19.0   1.31    2.8    2.2   -99.9
 'Wageningen' 22  7 1993  16030.    9.8   19.8   1.28    2.0    0.1   -99.9
 'Wageningen' 23  7 1993  14240.   13.1   21.9   1.64    3.5    1.7   -99.9
 'Wageningen' 24  7 1993  12620.   15.3   24.3   1.83    3.3   16.6   -99.9
 'Wageningen' 25  7 1993  15080.   12.1   18.2   1.42    4.3   18.6   -99.9
 'Wageningen' 26  7 1993  19480.   11.5   18.7   1.27    5.2    4.1   -99.9
 'Wageningen' 27  7 1993   3420.   13.6   17.0   1.59    4.8   12.2   -99.9
 'Wageningen' 28  7 1993  12010.   13.9   20.6   1.67    3.8    0.0   -99.9
 'Wageningen' 29  7 1993  10610.   15.0   23.0   1.82    2.1    1.2   -99.9
 'Wageningen' 30  7 1993   4250.   15.6   18.9   1.81    1.8    9.6   -99.9
 'Wageningen' 31  7 1993  14880.   12.6   19.7   1.45    3.3    1.0   -99.9
 'Wageningen'  1  8 1993  12300.   12.6   21.6   1.46    2.0    0.4   -99.9
 'Wageningen'  2  8 1993  20480.   15.3   23.6   1.42    1.8    0.0   -99.9
 'Wageningen'  3  8 1993  13060.   12.3   20.5   1.52    2.5    1.2   -99.9
 'Wageningen'  4  8 1993  16200.   12.7   21.3   1.46    1.9    0.0   -99.9
 'Wageningen'  5  8 1993  12640.   13.6   22.0   1.56    4.1    2.2   -99.9
 'Wageningen'  6  8 1993  12630.   10.9   18.7   1.30    4.8    0.0   -99.9
 'Wageningen'  7  8 1993  11400.   10.4   22.1   1.57    1.5    0.0   -99.9
 'Wageningen'  8  8 1993  13150.    9.8   21.5   1.56    1.2    6.5   -99.9
 'Wageningen'  9  8 1993   5910.   10.9   18.4   1.64    3.4    2.0   -99.9
 'Wageningen' 10  8 1993  11770.    9.6   16.9   1.30    3.5    0.0   -99.9
 'Wageningen' 11  8 1993   8860.    9.0   18.5   1.39    4.0    0.4   -99.9
 'Wageningen' 12  8 1993  10080.   11.5   20.1   1.57    4.7    4.4   -99.9
 'Wageningen' 13  8 1993  21280.   10.1   19.7   1.14    2.3    0.0   -99.9
 'Wageningen' 14  8 1993  15540.    9.6   23.4   1.43    2.1    4.8   -99.9
 'Wageningen' 15  8 1993  10380.   13.1   22.8   1.78    1.8    0.8   -99.9
 'Wageningen' 16  8 1993  13250.    9.9   20.6   1.55    2.2    0.0   -99.9
 'Wageningen' 17  8 1993  22280.    8.1   20.9   1.12    2.0    0.0   -99.9
 'Wageningen' 18  8 1993  20820.    7.0   21.9   1.10    2.0    0.0   -99.9
 'Wageningen' 19  8 1993  20440.    7.1   21.9   1.19    0.9    0.0   -99.9
 'Wageningen' 20  8 1993   7280.   12.3   20.5   1.59    2.2    0.0   -99.9
 'Wageningen' 21  8 1993  12150.   12.7   21.9   1.64    1.7    0.0   -99.9
 'Wageningen' 22  8 1993   2560.    7.8   15.1   1.28    2.2   13.1   -99.9
 'Wageningen' 23  8 1993  14710.    8.5   16.7   1.16    1.8    1.0   -99.9
 'Wageningen' 24  8 1993  13730.    7.3   17.2   1.17    1.5    0.0   -99.9
 'Wageningen' 25  8 1993  11540.    5.6   16.2   1.21    2.0    2.6   -99.9
 'Wageningen' 26  8 1993  16430.    7.3   19.3   1.25    1.2    0.3   -99.9
 'Wageningen' 27  8 1993   8900.    6.3   15.9   1.20    1.2    0.0   -99.9
 'Wageningen' 28  8 1993  15040.    5.6   18.2   1.08    1.5    0.0   -99.9
 'Wageningen' 29  8 1993  13470.    2.6   18.3   1.15    1.3    0.0   -99.9
 'Wageningen' 30  8 1993   7310.   10.4   17.5   1.37    2.9    0.5   -99.9
 'Wageningen' 31  8 1993  11360.    8.2   17.2   1.29    1.9    0.0   -99.9
 'Wageningen'  1  9 1993  10000.    8.2   18.0   1.38    0.9    0.1   -99.9
 'Wageningen'  2  9 1993   4020.    9.6   16.2   1.42    1.5    1.0   -99.9
 'Wageningen'  3  9 1993   9540.   10.2   16.5   1.32    2.8    8.3   -99.9
 'Wageningen'  4  9 1993  12210.    7.5   17.0   1.16    1.8    0.1   -99.9
 'Wageningen'  5  9 1993  16410.    5.1   19.0   1.04    1.4    0.0   -99.9
 'Wageningen'  6  9 1993  18870.    3.0   19.3   1.00    1.3    0.0   -99.9
 'Wageningen'  7  9 1993  17950.    5.8   20.8   1.08    2.7    0.0   -99.9
 'Wageningen'  8  9 1993   6380.   13.4   20.8   1.70    2.2    0.7   -99.9
 'Wageningen'  9  9 1993   5770.   13.1   20.7   1.59    2.3   14.0   -99.9
 'Wageningen' 10  9 1993   7560.   11.3   19.2   1.49    3.1    2.2   -99.9
 'Wageningen' 11  9 1993  11920.    6.5   18.6   1.29    2.1    0.0   -99.9
 'Wageningen' 12  9 1993  15830.    4.7   19.4   1.19    2.6    1.7   -99.9
 'Wageningen' 13  9 1993   1420.   10.1   14.3   1.38    3.7   21.4   -99.9
 'Wageningen' 14  9 1993   3830.   10.4   15.1   1.35    3.2    5.0   -99.9
 'Wageningen' 15  9 1993   9430.   12.0   17.2   1.36    3.5    8.2   -99.9
 'Wageningen' 16  9 1993   2720.    8.4   13.5   1.30    2.5    3.9   -99.9
 'Wageningen' 17  9 1993   6100.    3.0   13.3   1.06    1.7    2.9   -99.9
 'Wageningen' 18  9 1993  14840.    1.2   15.6   0.86    1.6    0.0   -99.9
 'Wageningen' 19  9 1993  15530.    5.8   19.0   1.14    2.8    0.0   -99.9
 'Wageningen' 20  9 1993  13550.   11.2   23.8   1.62    2.6    0.0   -99.9
 'Wageningen' 21  9 1993   9530.   11.6   19.4   1.63    2.7    0.0   -99.9
 'Wageningen' 22  9 1993   3090.   10.6   17.5   1.57    1.0    5.2   -99.9
 'Wageningen' 23  9 1993   7770.   11.1   17.3   1.41    1.2    0.0   -99.9
 'Wageningen' 24  9 1993   5910.   10.2   14.8   1.26    1.9    0.2   -99.9
 'Wageningen' 25  9 1993   1160.   10.4   12.4   1.28    3.4   38.2   -99.9
 'Wageningen' 26  9 1993   8360.   10.2   12.8   1.20    6.0    5.9   -99.9
 'Wageningen' 27  9 1993   2670.   10.5   12.7   1.25    4.7    4.9   -99.9
 'Wageningen' 28  9 1993   8000.    8.2   15.0   1.11    3.4    0.0   -99.9
 'Wageningen' 29  9 1993  12280.    5.5   16.6   1.11    2.2    0.0   -99.9
 'Wageningen' 30  9 1993   5930.    9.4   15.3   1.17    2.8    0.0   -99.9
 'Wageningen'  1 10 1993   5060.   11.8   15.3   1.31    5.0    1.7   -99.9
 'Wageningen'  2 10 1993   8270.    8.5   16.4   1.19    2.7    0.0   -99.9
 'Wageningen'  3 10 1993   1900.    8.8   12.9   1.27    4.0   15.3   -99.9
 'Wageningen'  4 10 1993   8650.    9.8   17.0   1.28    3.2    0.9   -99.9
 'Wageningen'  5 10 1993   6880.    9.6   18.3   1.47    3.1    8.6   -99.9
 'Wageningen'  6 10 1993   8800.   11.4   17.5   1.34    2.9    0.1   -99.9
 'Wageningen'  7 10 1993   7410.    9.9   16.3   1.21    3.4    0.0   -99.9
 'Wageningen'  8 10 1993   6880.   10.6   16.8   1.34    2.1    0.0   -99.9
 'Wageningen'  9 10 1993   7910.    9.2   14.6   1.16    3.6    0.0   -99.9
 'Wageningen' 10 10 1993   7400.    7.9   15.8   1.20    2.6    0.0   -99.9
 'Wageningen' 11 10 1993   6490.   11.2   17.2   1.41    2.8    2.7   -99.9
 'Wageningen' 12 10 1993   4250.   11.9   17.3   1.44    5.1   18.0   -99.9
 'Wageningen' 13 10 1993   6880.   11.8   17.5   1.30    3.3    0.0   -99.9
 'Wageningen' 14 10 1993   1750.    5.0   13.2   1.03    2.3   26.6   -99.9
 'Wageningen' 15 10 1993   7680.    1.1   11.9   0.79    1.2    0.4   -99.9
 'Wageningen' 16 10 1993   6870.    0.6    9.6   0.78    1.3    0.0   -99.9
 'Wageningen' 17 10 1993   9200.   -0.9   11.9   0.68    1.7    0.0   -99.9
 'Wageningen' 18 10 1993  11340.   -2.2    8.9   0.56    2.7    0.0   -99.9
 'Wageningen' 19 10 1993   9130.   -1.4    9.6   0.62    1.8    0.0   -99.9
 'Wageningen' 20 10 1993   3710.   -2.4    9.0   0.78    2.1    2.2   -99.9
 'Wageningen' 21 10 1993   7440.    1.9   11.0   0.88    2.1    3.9   -99.9
 'Wageningen' 22 10 1993   4960.    2.6    9.1   0.82    3.4    0.0   -99.9
 'Wageningen' 23 10 1993   3290.    4.9    8.4   0.78    4.2    0.0   -99.9
 'Wageningen' 24 10 1993   8570.    2.9    8.4   0.73    3.0    0.0   -99.9
 'Wageningen' 25 10 1993   2650.    4.3   11.0   0.97    1.3    0.0   -99.9
 'Wageningen' 26 10 1993   2040.    8.0   11.0   1.10    1.3    0.3   -99.9
 'Wageningen' 27 10 1993   3240.    7.2   10.9   1.07    1.3    0.4   -99.9
 'Wageningen' 28 10 1993   5230.    3.1   11.0   0.91    2.0    0.0   -99.9
 'Wageningen' 29 10 1993   7840.    2.3   10.9   0.79    2.6    0.0   -99.9
 'Wageningen' 30 10 1993   7460.    1.2    8.0   0.75    2.4    0.0   -99.9
 'Wageningen' 31 10 1993   1510.    1.9    3.8   0.71    2.0    0.0   -99.9
 'Wageningen'  1 11 1993    980.    2.2    3.4   0.69    1.9    0.0   -99.9
 'Wageningen'  2 11 1993   2870.    2.3    5.3   0.70    2.5    0.0   -99.9
 'Wageningen'  3 11 1993   3980.    4.5   11.2   0.89    2.7    0.4   -99.9
 'Wageningen'  4 11 1993   6690.    2.8   16.6   0.98    1.5    0.0   -99.9
 'Wageningen'  5 11 1993   6750.    0.9   10.5   0.78    2.6    0.0   -99.9
 'Wageningen'  6 11 1993   1060.    5.1    6.8   0.83    3.6    0.0   -99.9
 'Wageningen'  7 11 1993   1150.    4.5    6.3   0.83    2.2    3.1   -99.9
 'Wageningen'  8 11 1993   2060.    4.8    7.8   0.90    1.2    0.7   -99.9
 'Wageningen'  9 11 1993   2210.    4.2   10.3   0.91    1.8    0.0   -99.9
 'Wageningen' 10 11 1993   1090.    6.4    8.7   0.96    4.8   14.1   -99.9
 'Wageningen' 11 11 1993   4150.    5.4   10.7   0.94    4.2    8.0   -99.9
 'Wageningen' 12 11 1993   5460.    3.2    9.6   0.85    2.7    1.5   -99.9
 'Wageningen' 13 11 1993   3140.    4.9    9.0   0.88    4.3    2.0   -99.9
 'Wageningen' 14 11 1993    630.    5.7   11.4   0.95    7.8   24.6   -99.9
 'Wageningen' 15 11 1993   3510.    2.7    8.6   0.78    3.4    0.1   -99.9
 'Wageningen' 16 11 1993   4370.   -0.2    4.7   0.55    1.9    0.0   -99.9
 'Wageningen' 17 11 1993   5160.   -0.4    4.9   0.55    3.2    0.0   -99.9
 'Wageningen' 18 11 1993   4170.   -1.7    1.8   0.50    3.3    0.0   -99.9
 'Wageningen' 19 11 1993   5280.   -4.2    3.9   0.42    2.1    0.0   -99.9
 'Wageningen' 20 11 1993   1810.   -6.0    1.9   0.50    2.5    0.0   -99.9
 'Wageningen' 21 11 1993   2010.   -6.3   -2.0   0.35    3.2    0.0   -99.9
 'Wageningen' 22 11 1993   3580.   -8.4   -1.5   0.38    0.9    0.0   -99.9
 'Wageningen' 23 11 1993   1090.   -8.2   -0.1   0.46    2.1    0.0   -99.9
 'Wageningen' 24 11 1993   3390.   -5.7   -0.1   0.42    2.4    0.0   -99.9
 'Wageningen' 25 11 1993   3180.   -5.3    3.8   0.54    1.6    0.0   -99.9
 'Wageningen' 26 11 1993   4740.   -6.2    3.7   0.54    1.2    0.0   -99.9
 'Wageningen' 27 11 1993   1080.   -3.9   -1.6   0.46    2.8    0.0   -99.9
 'Wageningen' 28 11 1993   1980.   -3.7   -0.1   0.47    3.1    0.0   -99.9
 'Wageningen' 29 11 1993   3630.   -5.9    1.1   0.45    3.0    0.0   -99.9
 'Wageningen' 30 11 1993   2070.   -5.2   -0.5   0.40    3.3    0.0   -99.9
 'Wageningen'  1 12 1993   1000.   -2.3    2.2   0.54    2.3    0.5   -99.9
 'Wageningen'  2 12 1993   1180.    2.1    9.9   0.95    4.7    0.9   -99.9
 'Wageningen'  3 12 1993   1220.    7.9   10.0   1.03    4.9    0.4   -99.9
 'Wageningen'  4 12 1993    710.    2.3   10.8   0.96    5.1    2.8   -99.9
 'Wageningen'  5 12 1993   3160.    1.9    7.5   0.82    3.7    0.0   -99.9
 'Wageningen'  6 12 1993    780.    5.6    7.7   0.91    3.1    0.0   -99.9
 'Wageningen'  7 12 1993    540.    1.8    6.5   0.77    5.2   14.0   -99.9
 'Wageningen'  8 12 1993    880.    1.5   10.4   0.83    5.9   14.5   -99.9
 'Wageningen'  9 12 1993    810.    5.3    9.9   0.79   10.1    3.2   -99.9
 'Wageningen' 10 12 1993    820.    3.4    8.3   0.84    4.9    1.3   -99.9
 'Wageningen' 11 12 1993   2200.    1.6    5.8   0.69    4.9    1.5   -99.9
 'Wageningen' 12 12 1993   2510.    0.1    5.4   0.74    3.3   10.8   -99.9
 'Wageningen' 13 12 1993   1280.    3.6   10.1   0.96    5.6    8.2   -99.9
 'Wageningen' 14 12 1993   2770.   -1.9    3.6   0.58    2.9    0.2   -99.9
 'Wageningen' 15 12 1993    420.    0.2    3.8   0.66    6.0    6.2   -99.9
 'Wageningen' 16 12 1993   1080.    3.8    7.0   0.79    7.1   13.3   -99.9
 'Wageningen' 17 12 1993   2830.    3.0    6.9   0.78    3.3    0.8   -99.9
 'Wageningen' 18 12 1993    770.    6.9   11.6   1.10    5.2    0.2   -99.9
 'Wageningen' 19 12 1993    350.    7.1   13.7   1.14    8.4   12.1   -99.9
 'Wageningen' 20 12 1993    780.    2.9    7.4   0.76    3.0    4.9   -99.9
 'Wageningen' 21 12 1993    960.    0.6    3.5   0.65    3.2   13.0   -99.9
 'Wageningen' 22 12 1993    610.    1.9    6.9   0.74    5.8   17.5   -99.9
 'Wageningen' 23 12 1993   2460.    1.8    6.0   0.72    4.7    1.2   -99.9
 'Wageningen' 24 12 1993    470.    1.7    5.0   0.77    2.5    8.3   -99.9
 'Wageningen' 25 12 1993   2560.   -3.2    1.7   0.55    1.0    0.0   -99.9
 'Wageningen' 26 12 1993   1060.   -0.3    2.6   0.65    3.2    1.5   -99.9
 'Wageningen' 27 12 1993   1030.    1.2    3.3   0.68    1.2    1.1   -99.9
 'Wageningen' 28 12 1993   1720.    0.1    3.6   0.64    2.8    2.8   -99.9
 'Wageningen' 29 12 1993    730.    2.1    7.5   0.84    4.1    6.8   -99.9
 'Wageningen' 30 12 1993    530.    5.5    9.9   0.94    4.8   37.3   -99.9
 'Wageningen' 31 12 1993   2080.    2.3    8.4   0.85    4.4    8.4   -99.9
