***************************************************************************
* File name: Wageni.990
* Contents: SWAP  3.0 - Meteo data of Wageningen weather station                
***************************************************************************     
* Comment area:                                                                 
*                                                                               
*                                                                               
***************************************************************************     
    Station   DD MM YYYY     RAD   Tmin   Tmax    HUM   WIND   RAIN   ETref     
*             nr nr   nr   kJ/m2      C      C    kPa    m/s     mm      mm     
 'Wageningen'  1  1 1990    770.   -0.2    0.7   0.82    2.8    0.0   -99.9
 'Wageningen'  2  1 1990   1400.   -0.4    2.2   0.60    1.3    0.0   -99.9
 'Wageningen'  3  1 1990    620.    0.0    2.4   0.62    3.4    0.0   -99.9
 'Wageningen'  4  1 1990   1250.   -1.2    1.6   0.55    2.9    0.1   -99.9
 'Wageningen'  5  1 1990    560.    1.6    3.7   0.69    2.2    0.0   -99.9
 'Wageningen'  6  1 1990   2940.    2.4    6.2   0.67    4.1    0.7   -99.9
 'Wageningen'  7  1 1990   1160.    2.3    5.9   0.76    3.2    1.7   -99.9
 'Wageningen'  8  1 1990    500.    4.4    5.9   0.83    2.7    1.0   -99.9
 'Wageningen'  9  1 1990   1570.    5.7    8.2   0.94    2.8    0.7   -99.9
 'Wageningen' 10  1 1990    630.    5.0    7.0   0.84    4.0    0.6   -99.9
 'Wageningen' 11  1 1990   1370.    3.6    8.1   0.83    3.5    0.0   -99.9
 'Wageningen' 12  1 1990   4210.    0.3    6.4   0.64    2.3    0.0   -99.9
 'Wageningen' 13  1 1990    430.    0.2    4.4   0.70    2.0    0.6   -99.9
 'Wageningen' 14  1 1990   1240.    0.2    3.5   0.65    2.4    0.0   -99.9
 'Wageningen' 15  1 1990    510.    2.3   11.2   0.94    5.5    2.7   -99.9
 'Wageningen' 16  1 1990   1020.    9.4   11.3   1.09    6.6    0.7   -99.9
 'Wageningen' 17  1 1990   2550.    1.0   10.5   0.77    4.1    0.9   -99.9
 'Wageningen' 18  1 1990   4180.    0.5    7.9   0.67    3.5    0.0   -99.9
 'Wageningen' 19  1 1990   2380.    2.8    6.9   0.79    5.2    2.6   -99.9
 'Wageningen' 20  1 1990   3080.    4.9    9.7   0.89    4.2   11.2   -99.9
 'Wageningen' 21  1 1990    630.    8.3    9.8   1.04    4.1    1.1   -99.9
 'Wageningen' 22  1 1990    610.    7.3    9.2   0.92    4.9    0.4   -99.9
 'Wageningen' 23  1 1990    540.    5.6   10.0   0.98    6.7   11.8   -99.9
 'Wageningen' 24  1 1990   2480.    3.7    6.5   0.68    5.4    7.2   -99.9
 'Wageningen' 25  1 1990    710.    4.9   13.0   0.68    9.8    8.8   -99.9
 'Wageningen' 26  1 1990   2710.    3.0    7.0   0.70    7.5    3.5   -99.9
 'Wageningen' 27  1 1990   3530.    2.7    7.9   0.75    4.9    0.1   -99.9
 'Wageningen' 28  1 1990   2040.    4.0   10.2   0.73    7.0    3.0   -99.9
 'Wageningen' 29  1 1990   4920.    3.1    8.0   0.73    4.7    0.0   -99.9
 'Wageningen' 30  1 1990   2710.    4.6   10.5   0.81    5.9    0.6   -99.9
 'Wageningen' 31  1 1990   2450.    9.4   12.1   0.81    6.1    0.0   -99.9
 'Wageningen'  1  2 1990   4430.    7.1   11.0   0.84    5.1    0.0   -99.9
 'Wageningen'  2  2 1990   4040.    5.1    9.1   0.81    5.9    3.9   -99.9
 'Wageningen'  3  2 1990    750.    5.3    9.5   0.85    5.2    8.3   -99.9
 'Wageningen'  4  2 1990   5800.    3.2   10.0   0.78    4.8    0.0   -99.9
 'Wageningen'  5  2 1990   7000.    3.3   12.7   0.69    3.6    0.0   -99.9
 'Wageningen'  6  2 1990   6520.    3.9   12.2   0.82    3.8    0.0   -99.9
 'Wageningen'  7  2 1990   1450.    8.0   14.5   1.03    8.3    2.4   -99.9
 'Wageningen'  8  2 1990   2240.    4.0   15.4   0.89    7.7    8.6   -99.9
 'Wageningen'  9  2 1990   6380.    2.9   10.0   0.78    3.7    0.4   -99.9
 'Wageningen' 10  2 1990   4010.    1.9    9.3   0.74    4.6    6.5   -99.9
 'Wageningen' 11  2 1990   4570.    2.8    8.2   0.69    7.0    4.9   -99.9
 'Wageningen' 12  2 1990   3800.    1.8    7.2   0.66    6.3    4.6   -99.9
 'Wageningen' 13  2 1990   4990.    0.9    9.1   0.70    4.6    8.0   -99.9
 'Wageningen' 14  2 1990   4800.    4.0    7.9   0.70    6.5    0.8   -99.9
 'Wageningen' 15  2 1990   2550.    0.3    5.2   0.67    3.6   13.7   -99.9
 'Wageningen' 16  2 1990   8810.   -0.8    7.2   0.57    2.7    0.0   -99.9
 'Wageningen' 17  2 1990   2880.   -1.7    9.1   0.75    3.6    0.0   -99.9
 'Wageningen' 18  2 1990   1310.    4.9    9.2   1.02    2.6    8.8   -99.9
 'Wageningen' 19  2 1990   7220.    5.8   14.7   1.06    4.2    0.0   -99.9
 'Wageningen' 20  2 1990   5680.   11.0   16.5   1.15    3.9    0.0   -99.9
 'Wageningen' 21  2 1990   5440.    5.1   13.4   0.95    4.3    0.9   -99.9
 'Wageningen' 22  2 1990   9310.    3.3   14.0   0.77    2.3    0.0   -99.9
 'Wageningen' 23  2 1990   9410.    3.4   14.4   0.91    1.9    0.0   -99.9
 'Wageningen' 24  2 1990   7630.    6.2   16.6   1.08    4.1    0.0   -99.9
 'Wageningen' 25  2 1990   4530.    6.2   11.7   0.99    5.8    2.2   -99.9
 'Wageningen' 26  2 1990   3600.    4.6   11.3   0.87    9.2   10.0   -99.9
 'Wageningen' 27  2 1990   4510.    1.8    7.3   0.67    9.3    9.8   -99.9
 'Wageningen' 28  2 1990   3610.    3.6   11.2   0.78    8.4   17.5   -99.9
 'Wageningen'  1  3 1990   8430.    0.4    6.8   0.63    6.1    9.7   -99.9
 'Wageningen'  2  3 1990   9580.    0.3    6.0   0.64    3.9    0.9   -99.9
 'Wageningen'  3  3 1990   7750.    1.3    8.7   0.76    3.8    0.3   -99.9
 'Wageningen'  4  3 1990   3090.    4.5    8.3   0.88    5.7    0.0   -99.9
 'Wageningen'  5  3 1990   4530.    6.8    9.2   0.90    7.6    0.1   -99.9
 'Wageningen'  6  3 1990   4020.    7.6    9.7   1.00    7.2    0.7   -99.9
 'Wageningen'  7  3 1990   3620.    8.5   11.9   1.13    5.0    0.0   -99.9
 'Wageningen'  8  3 1990   6140.    5.7   11.6   0.95    3.2    0.0   -99.9
 'Wageningen'  9  3 1990   4280.    5.4    9.2   0.75    6.2    0.1   -99.9
 'Wageningen' 10  3 1990   2580.    5.7   12.1   1.08    5.6    3.6   -99.9
 'Wageningen' 11  3 1990   9600.    7.7   14.9   1.09    5.4    0.0   -99.9
 'Wageningen' 12  3 1990  10800.    0.6   11.7   0.80    1.9    0.0   -99.9
 'Wageningen' 13  3 1990  10790.   -2.5   12.1   0.75    2.2    0.0   -99.9
 'Wageningen' 14  3 1990  12510.    5.1   15.4   0.92    2.6    0.2   -99.9
 'Wageningen' 15  3 1990  14390.    2.2   13.8   0.80    1.7    0.0   -99.9
 'Wageningen' 16  3 1990  14260.    2.2   16.7   0.83    1.4    0.0   -99.9
 'Wageningen' 17  3 1990  14170.    5.3   20.0   0.92    1.9    0.0   -99.9
 'Wageningen' 18  3 1990  14960.    4.6   20.6   0.85    2.2    0.0   -99.9
 'Wageningen' 19  3 1990   4840.    8.6   14.9   1.04    3.7    0.8   -99.9
 'Wageningen' 20  3 1990  13860.    6.2   14.1   1.04    2.2    3.2   -99.9
 'Wageningen' 21  3 1990   4060.   10.6   14.2   1.18    5.3    0.0   -99.9
 'Wageningen' 22  3 1990   7100.    4.0   12.2   0.97    3.9    0.8   -99.9
 'Wageningen' 23  3 1990  12610.    3.8   12.4   0.83    5.0    0.0   -99.9
 'Wageningen' 24  3 1990   3330.    3.2   11.1   0.88    5.3    4.6   -99.9
 'Wageningen' 25  3 1990   9820.    2.0    8.7   0.72    3.9    4.7   -99.9
 'Wageningen' 26  3 1990   8190.    1.6   10.1   0.78    3.2    2.8   -99.9
 'Wageningen' 27  3 1990   9150.   -0.8    9.8   0.69    1.9    0.0   -99.9
 'Wageningen' 28  3 1990  12180.   -2.6   10.1   0.61    2.5    0.5   -99.9
 'Wageningen' 29  3 1990  17220.    0.6   11.4   0.70    1.9    0.0   -99.9
 'Wageningen' 30  3 1990  14290.    1.3   14.1   0.83    1.1    0.0   -99.9
 'Wageningen' 31  3 1990  18400.    0.1   16.7   0.92    2.5    0.0   -99.9
 'Wageningen'  1  4 1990  17330.    7.5   19.3   0.04    2.3    0.0   -99.9
 'Wageningen'  2  4 1990  16970.    7.6   19.3   0.97    3.9    1.3   -99.9
 'Wageningen'  3  4 1990  12220.    1.1   11.3   0.73    4.9    2.3   -99.9
 'Wageningen'  4  4 1990  11380.   -1.3    7.6   0.58    1.8    1.6   -99.9
 'Wageningen'  5  4 1990  19670.   -3.9    9.5   0.53    1.2    0.0   -99.9
 'Wageningen'  6  4 1990  19360.   -5.4   11.2   0.45    3.1    0.0   -99.9
 'Wageningen'  7  4 1990  18940.    1.9   12.7   0.56    4.0    0.0   -99.9
 'Wageningen'  8  4 1990  21510.    2.1   11.1   0.49    4.2    0.0   -99.9
 'Wageningen'  9  4 1990  21630.   -2.3   10.6   0.46    2.7    0.0   -99.9
 'Wageningen' 10  4 1990  13110.   -4.7   12.3   0.75    3.6    3.7   -99.9
 'Wageningen' 11  4 1990  15720.    4.1   12.4   0.80    3.2    0.0   -99.9
 'Wageningen' 12  4 1990   3250.    5.2   11.6   1.02    2.1    0.4   -99.9
 'Wageningen' 13  4 1990  10520.    5.6   14.9   0.93    3.1    0.0   -99.9
 'Wageningen' 14  4 1990  15020.    6.2   11.8   0.79    4.1    1.8   -99.9
 'Wageningen' 15  4 1990  13250.    4.0   10.1   0.81    4.9   20.1   -99.9
 'Wageningen' 16  4 1990  14840.    3.9   10.6   0.77    3.7    6.5   -99.9
 'Wageningen' 17  4 1990  14930.    1.9   10.2   0.69    3.1    4.5   -99.9
 'Wageningen' 18  4 1990  11010.    0.9    9.0   0.72    2.6    0.0   -99.9
 'Wageningen' 19  4 1990  12280.    1.2   10.5   0.75    3.2    0.0   -99.9
 'Wageningen' 20  4 1990   7270.    1.3   12.3   1.00    3.4    1.8   -99.9
 'Wageningen' 21  4 1990  18960.    6.2   18.5   1.10    3.3    0.0   -99.9
 'Wageningen' 22  4 1990  18240.    9.7   19.4   1.11    3.9    0.1   -99.9
 'Wageningen' 23  4 1990  17610.    6.6   18.0   1.13    3.6    0.0   -99.9
 'Wageningen' 24  4 1990  16900.    5.2   17.5   1.01    2.4    0.6   -99.9
 'Wageningen' 25  4 1990  14430.    4.2   17.8   0.95    2.0    0.9   -99.9
 'Wageningen' 26  4 1990  16400.    0.7   17.2   0.98    3.3    2.5   -99.9
 'Wageningen' 27  4 1990  12400.    2.5   10.9   0.83    3.3    2.3   -99.9
 'Wageningen' 28  4 1990  20740.    1.1   12.9   0.77    1.5    0.0   -99.9
 'Wageningen' 29  4 1990  17470.    7.3   18.7   1.12    1.5    0.0   -99.9
 'Wageningen' 30  4 1990  22530.    3.9   22.4   1.30    1.6    0.0   -99.9
 'Wageningen'  1  5 1990  25530.    7.7   24.0   1.17    2.7    0.0   -99.9
 'Wageningen'  2  5 1990  24060.    7.6   26.4   1.29    3.3    0.0   -99.9
 'Wageningen'  3  5 1990  26050.   13.3   24.9   1.09    3.6    0.0   -99.9
 'Wageningen'  4  5 1990  25510.    8.9   25.1   1.10    3.0    0.0   -99.9
 'Wageningen'  5  5 1990  24860.    8.8   26.5   1.14    1.4    0.0   -99.9
 'Wageningen'  6  5 1990  22510.    7.5   27.7   1.13    1.5    0.0   -99.9
 'Wageningen'  7  5 1990  22050.    7.2   22.0   1.32    2.3    0.0   -99.9
 'Wageningen'  8  5 1990  21810.    3.8   23.2   1.16    1.5    0.6   -99.9
 'Wageningen'  9  5 1990  13410.    8.0   20.5   1.32    1.6    0.8   -99.9
 'Wageningen' 10  5 1990  11620.    7.6   15.8   1.10    1.8    8.1   -99.9
 'Wageningen' 11  5 1990  12180.    7.6   13.9   1.02    2.7    4.4   -99.9
 'Wageningen' 12  5 1990   6910.    9.1   12.2   1.11    2.9   11.1   -99.9
 'Wageningen' 13  5 1990   7670.    9.6   13.9   1.16    2.8    1.0   -99.9
 'Wageningen' 14  5 1990  10760.    5.0   15.1   1.01    2.6    0.0   -99.9
 'Wageningen' 15  5 1990  17000.    4.4   19.7   1.12    1.7    1.5   -99.9
 'Wageningen' 16  5 1990  17710.    9.0   18.8   1.24    2.9    0.6   -99.9
 'Wageningen' 17  5 1990  15080.    6.1   18.5   1.11    2.1    0.0   -99.9
 'Wageningen' 18  5 1990  12000.    3.9   14.2   0.84    1.4    0.0   -99.9
 'Wageningen' 19  5 1990  22920.    5.1   18.2   0.89    2.4    0.0   -99.9
 'Wageningen' 20  5 1990  26120.    7.3   22.6   0.94    2.3    0.0   -99.9
 'Wageningen' 21  5 1990  23920.    6.8   21.7   0.98    2.5    0.0   -99.9
 'Wageningen' 22  5 1990  28020.    6.9   20.0   0.97    2.4    0.0   -99.9
 'Wageningen' 23  5 1990  28880.    3.4   19.1   0.91    1.8    0.0   -99.9
 'Wageningen' 24  5 1990  20390.    4.3   18.4   0.93    1.8    0.0   -99.9
 'Wageningen' 25  5 1990  19480.    3.1   15.1   0.82    2.1    0.0   -99.9
 'Wageningen' 26  5 1990  20280.    2.2   15.7   0.74    1.5    0.0   -99.9
 'Wageningen' 27  5 1990  27880.    0.6   17.7   0.81    1.6    0.0   -99.9
 'Wageningen' 28  5 1990  19230.    3.0   15.4   0.80    1.8    0.0   -99.9
 'Wageningen' 29  5 1990  28890.    1.0   19.2   0.74    1.1    0.0   -99.9
 'Wageningen' 30  5 1990  24810.    3.6   21.7   0.85    1.2    0.0   -99.9
 'Wageningen' 31  5 1990  23640.    6.1   22.5   1.14    1.4    0.0   -99.9
 'Wageningen'  1  6 1990  21790.    8.4   25.2   1.19    1.6    1.0   -99.9
 'Wageningen'  2  6 1990  17540.   11.0   17.8   1.27    4.4   15.8   -99.9
 'Wageningen'  3  6 1990   6710.   11.0   17.2   1.33    3.2    5.7   -99.9
 'Wageningen'  4  6 1990  13230.    9.4   15.3   1.14    5.1    2.4   -99.9
 'Wageningen'  5  6 1990  22610.    9.3   19.2   1.11    1.6    0.0   -99.9
 'Wageningen'  6  6 1990  12540.   11.1   17.9   1.30    2.7    2.9   -99.9
 'Wageningen'  7  6 1990   9220.   10.7   17.1   1.29    1.9    4.2   -99.9
 'Wageningen'  8  6 1990   9230.    9.1   15.8   1.21    1.6    4.2   -99.9
 'Wageningen'  9  6 1990   9540.    9.0   15.2   1.18    1.3    0.2   -99.9
 'Wageningen' 10  6 1990   9020.    9.2   16.7   1.28    2.5    0.0   -99.9
 'Wageningen' 11  6 1990   7580.   11.1   14.7   1.20    1.5    0.0   -99.9
 'Wageningen' 12  6 1990   8690.   10.6   14.3   1.21    1.4    0.0   -99.9
 'Wageningen' 13  6 1990  11680.   10.4   15.4   1.19    1.6    0.0   -99.9
 'Wageningen' 14  6 1990  13720.    7.6   15.2   1.11    1.3    0.0   -99.9
 'Wageningen' 15  6 1990  15610.    6.4   16.1   1.08    1.1    0.0   -99.9
 'Wageningen' 16  6 1990  22740.    8.1   18.9   1.10    1.3    0.0   -99.9
 'Wageningen' 17  6 1990  25370.    4.3   22.3   1.18    1.1    0.0   -99.9
 'Wageningen' 18  6 1990  19170.    9.4   22.7   1.35    1.4    0.1   -99.9
 'Wageningen' 19  6 1990  11920.   14.8   21.2   1.61    2.8    0.3   -99.9
 'Wageningen' 20  6 1990  10900.   13.1   20.2   1.52    1.5   16.8   -99.9
 'Wageningen' 21  6 1990  17380.   10.1   18.9   1.17    4.3    0.3   -99.9
 'Wageningen' 22  6 1990  11140.   11.5   16.5   1.26    4.6   13.3   -99.9
 'Wageningen' 23  6 1990  17160.   10.6   19.3   1.30    3.7    4.8   -99.9
 'Wageningen' 24  6 1990  20950.    9.8   21.0   1.31    2.2    0.0   -99.9
 'Wageningen' 25  6 1990   6850.   12.6   20.1   1.66    3.1    0.0   -99.9
 'Wageningen' 26  6 1990  22500.   10.9   26.1   1.68    1.4   30.1   -99.9
 'Wageningen' 27  6 1990  14290.   16.6   25.4   2.13    1.6   17.6   -99.9
 'Wageningen' 28  6 1990  21190.   12.5   19.7   1.25    3.4    0.0   -99.9
 'Wageningen' 29  6 1990  17690.   12.3   23.3   1.65    1.9    0.0   -99.9
 'Wageningen' 30  6 1990  16170.   15.0   23.6   1.90    2.6   11.3   -99.9
 'Wageningen'  1  7 1990  11990.   12.7   17.7   1.45    7.3   10.4   -99.9
 'Wageningen'  2  7 1990  16490.    8.7   17.3   1.20    4.9    3.2   -99.9
 'Wageningen'  3  7 1990  20910.    6.3   17.5   1.05    1.7    0.6   -99.9
 'Wageningen'  4  7 1990  17260.    6.9   18.7   1.11    4.8    0.0   -99.9
 'Wageningen'  5  7 1990   9380.   11.6   17.5   1.16    6.7    9.0   -99.9
 'Wageningen'  6  7 1990  11660.   10.1   15.8   1.34    5.8    3.3   -99.9
 'Wageningen'  7  7 1990   5630.   11.7   16.3   1.47    4.1    2.2   -99.9
 'Wageningen'  8  7 1990   5470.   15.5   19.9   1.72    6.1    0.0   -99.9
 'Wageningen'  9  7 1990  12430.   11.4   17.3   1.33    6.6    2.0   -99.9
 'Wageningen' 10  7 1990  15100.    9.2   17.4   1.31    4.5    1.5   -99.9
 'Wageningen' 11  7 1990  27190.    9.0   21.5   1.34    3.7    0.0   -99.9
 'Wageningen' 12  7 1990  23000.   10.5   24.4   1.48    2.0    0.0   -99.9
 'Wageningen' 13  7 1990  28290.   10.1   21.6   0.98    2.9    0.0   -99.9
 'Wageningen' 14  7 1990  29360.    6.1   21.7   1.12    2.8    0.0   -99.9
 'Wageningen' 15  7 1990  28320.    9.0   26.1   1.32    1.7    0.0   -99.9
 'Wageningen' 16  7 1990  19290.   12.6   25.7   1.57    2.2    0.0   -99.9
 'Wageningen' 17  7 1990  18950.   12.7   19.3   1.34    3.3    0.0   -99.9
 'Wageningen' 18  7 1990  16250.    9.5   18.7   1.42    2.6    0.0   -99.9
 'Wageningen' 19  7 1990  25880.    9.0   22.7   1.25    2.3    0.0   -99.9
 'Wageningen' 20  7 1990  24360.    9.4   26.6   1.50    1.4    0.0   -99.9
 'Wageningen' 21  7 1990  24430.   11.5   26.5   1.52    2.1    0.0   -99.9
 'Wageningen' 22  7 1990  26420.   10.4   21.0   1.34    2.4    0.0   -99.9
 'Wageningen' 23  7 1990  17190.    6.0   18.7   0.99    2.0    0.0   -99.9
 'Wageningen' 24  7 1990  11060.    9.6   16.8   1.11    1.8    0.0   -99.9
 'Wageningen' 25  7 1990   9560.   12.5   17.6   1.16    1.5    0.0   -99.9
 'Wageningen' 26  7 1990  24000.   12.4   25.2   1.42    3.8    0.0   -99.9
 'Wageningen' 27  7 1990  21760.   17.4   28.4   1.44    4.8    0.0   -99.9
 'Wageningen' 28  7 1990  17430.   15.2   27.3   1.85    1.7    1.1   -99.9
 'Wageningen' 29  7 1990  20980.   12.5   24.7   1.62    2.0    1.4   -99.9
 'Wageningen' 30  7 1990  24870.   10.9   27.9   1.49    1.7    0.0   -99.9
 'Wageningen' 31  7 1990  20850.   15.0   27.7   1.86    1.5    0.0   -99.9
 'Wageningen'  1  8 1990  24350.   13.6   27.3   1.61    2.1    0.0   -99.9
 'Wageningen'  2  8 1990  25080.   15.6   30.9   1.47    3.0    0.0   -99.9
 'Wageningen'  3  8 1990  23450.   17.2   33.1   1.58    2.6    0.0   -99.9
 'Wageningen'  4  8 1990  21580.   16.4   34.3   1.80    2.1    0.0   -99.9
 'Wageningen'  5  8 1990  14190.   10.1   23.6   1.63    2.5    0.0   -99.9
 'Wageningen'  6  8 1990  16610.    9.4   18.8   1.26    2.7    5.1   -99.9
 'Wageningen'  7  8 1990  18040.    9.3   19.7   1.15    2.0   10.0   -99.9
 'Wageningen'  8  8 1990  15960.    6.2   21.4   1.20    2.4    0.0   -99.9
 'Wageningen'  9  8 1990  17240.   10.9   25.2   1.46    3.1    0.0   -99.9
 'Wageningen' 10  8 1990  12920.   14.8   23.7   1.58    2.6    0.0   -99.9
 'Wageningen' 11  8 1990  21430.   13.5   27.3   1.40    3.3    0.0   -99.9
 'Wageningen' 12  8 1990  18560.   12.8   28.5   1.41    1.8    0.0   -99.9
 'Wageningen' 13  8 1990  21750.   14.5   27.7   1.48    2.8    0.0   -99.9
 'Wageningen' 14  8 1990  14700.   14.3   24.4   1.63    2.3    0.4   -99.9
 'Wageningen' 15  8 1990  15220.   15.1   24.3   1.67    5.5    0.4   -99.9
 'Wageningen' 16  8 1990  16360.   12.3   21.9   1.38    6.4    1.1   -99.9
 'Wageningen' 17  8 1990  15440.   11.4   19.3   1.32    5.9    2.8   -99.9
 'Wageningen' 18  8 1990   4000.    7.4   16.3   1.04    2.2   16.7   -99.9
 'Wageningen' 19  8 1990  14140.    5.9   19.9   1.55    3.7    3.6   -99.9
 'Wageningen' 20  8 1990  14850.   13.1   18.1   1.37    6.9   15.4   -99.9
 'Wageningen' 21  8 1990   9650.   10.9   17.0   1.38    4.0    1.8   -99.9
 'Wageningen' 22  8 1990   8130.    8.2   19.8   1.42    1.8    0.1   -99.9
 'Wageningen' 23  8 1990  15930.   11.7   24.2   1.22    1.7    0.0   -99.9
 'Wageningen' 24  8 1990  20170.   11.3   26.1   1.71    2.7    0.0   -99.9
 'Wageningen' 25  8 1990  14470.   11.6   25.8   1.83    1.3    0.0   -99.9
 'Wageningen' 26  8 1990  13060.   10.8   23.1   1.71    1.8    0.0   -99.9
 'Wageningen' 27  8 1990  17770.   10.9   26.7   1.85    1.3    0.0   -99.9
 'Wageningen' 28  8 1990  15960.   11.5   27.3   1.95    1.1    0.1   -99.9
 'Wageningen' 29  8 1990  16170.   11.8   29.0   2.16    2.0    0.0   -99.9
 'Wageningen' 30  8 1990   4940.   10.9   20.3   1.44    2.4    2.6   -99.9
 'Wageningen' 31  8 1990   3490.   11.4   16.7   1.23    1.6    7.1   -99.9
 'Wageningen'  1  9 1990   6040.   12.4   18.9   1.57    1.6    3.0   -99.9
 'Wageningen'  2  9 1990   3960.   13.9   19.0   1.74    1.4    7.2   -99.9
 'Wageningen'  3  9 1990  12300.   15.1   23.1   1.66    1.9    1.0   -99.9
 'Wageningen'  4  9 1990  14300.    9.4   19.2   1.37    2.1    5.0   -99.9
 'Wageningen'  5  9 1990  16900.    8.3   18.9   1.16    2.3    0.0   -99.9
 'Wageningen'  6  9 1990   5160.   10.3   16.5   1.26    2.7    2.6   -99.9
 'Wageningen'  7  9 1990   9020.    9.0   16.0   1.17    2.6    1.0   -99.9
 'Wageningen'  8  9 1990  10620.    9.3   17.4   1.26    2.0    0.6   -99.9
 'Wageningen'  9  9 1990  14600.    8.0   18.3   1.14    1.9    0.0   -99.9
 'Wageningen' 10  9 1990   4300.    7.8   15.4   1.28    1.9    7.6   -99.9
 'Wageningen' 11  9 1990  13810.    5.3   18.3   1.21    1.2    0.0   -99.9
 'Wageningen' 12  9 1990   9400.    7.4   18.2   1.29    1.1    0.1   -99.9
 'Wageningen' 13  9 1990  12130.    5.5   19.0   1.06    0.8    0.1   -99.9
 'Wageningen' 14  9 1990  14170.    4.6   19.1   1.07    0.9    0.0   -99.9
 'Wageningen' 15  9 1990   8350.    4.4   16.1   1.05    1.1    0.0   -99.9
 'Wageningen' 16  9 1990   7920.    6.4   16.3   1.05    0.7    0.0   -99.9
 'Wageningen' 17  9 1990   5120.    3.9   15.9   1.05    1.9    1.7   -99.9
 'Wageningen' 18  9 1990   5010.    6.0   16.4   1.05    2.8    0.0   -99.9
 'Wageningen' 19  9 1990   3790.    9.9   15.3   1.17    5.2    6.0   -99.9
 'Wageningen' 20  9 1990   4340.    9.2   13.0   0.97    4.5    0.1   -99.9
 'Wageningen' 21  9 1990   8660.    8.5   12.5   0.93    5.7    7.9   -99.9
 'Wageningen' 22  9 1990   4040.    6.6   13.3   1.06    2.1    0.3   -99.9
 'Wageningen' 23  9 1990   6940.    7.7   15.5   1.19    2.8    5.5   -99.9
 'Wageningen' 24  9 1990   9800.    9.0   14.3   1.01    5.3   11.4   -99.9
 'Wageningen' 25  9 1990   8290.    7.9   15.6   1.07    2.4    1.4   -99.9
 'Wageningen' 26  9 1990   7700.    6.6   13.9   1.01    1.3    0.1   -99.9
 'Wageningen' 27  9 1990   8560.    5.4   13.3   0.99    1.6    0.0   -99.9
 'Wageningen' 28  9 1990   7510.    8.5   15.7   1.09    2.7    0.4   -99.9
 'Wageningen' 29  9 1990   7770.    6.9   17.2   1.10    2.2    9.1   -99.9
 'Wageningen' 30  9 1990   6840.   11.9   20.1   1.68    2.8    2.4   -99.9
 'Wageningen'  1 10 1990   7900.    6.4   16.9   1.19    1.3    0.0   -99.9
 'Wageningen'  2 10 1990   8630.    7.3   17.5   1.19    2.1    0.0   -99.9
 'Wageningen'  3 10 1990   9880.   10.7   20.7   1.41    3.5    1.0   -99.9
 'Wageningen'  4 10 1990  12130.    9.0   15.5   1.04    3.9    0.6   -99.9
 'Wageningen'  5 10 1990   2520.    8.3   15.8   1.29    5.2    5.2   -99.9
 'Wageningen'  6 10 1990   5910.   13.4   17.8   1.40    6.3    0.0   -99.9
 'Wageningen'  7 10 1990   6680.    5.0   14.7   0.96    3.5    0.0   -99.9
 'Wageningen'  8 10 1990   6270.    3.5   12.1   0.86    1.5    0.0   -99.9
 'Wageningen'  9 10 1990   7660.    5.2   13.5   0.94    3.3    0.0   -99.9
 'Wageningen' 10 10 1990   3910.   10.0   15.0   1.27    3.1    0.0   -99.9
 'Wageningen' 11 10 1990   6220.    7.6   16.4   1.19    2.1    0.0   -99.9
 'Wageningen' 12 10 1990  10210.    7.6   20.4   1.17    2.7    0.0   -99.9
 'Wageningen' 13 10 1990   8630.   12.3   23.6   1.45    1.9    0.0   -99.9
 'Wageningen' 14 10 1990   6760.   13.8   21.9   1.68    1.7    0.0   -99.9
 'Wageningen' 15 10 1990   7470.   15.2   23.5   1.61    3.1    0.0   -99.9
 'Wageningen' 16 10 1990   6660.    5.7   18.2   1.30    2.1    0.0   -99.9
 'Wageningen' 17 10 1990   3480.   10.4   17.9   1.46    2.0    4.7   -99.9
 'Wageningen' 18 10 1990   3420.   12.5   16.5   1.42    2.4    1.0   -99.9
 'Wageningen' 19 10 1990   7060.    9.0   18.7   1.30    2.4    0.0   -99.9
 'Wageningen' 20 10 1990   6780.    8.5   18.5   1.25    2.4    0.0   -99.9
 'Wageningen' 21 10 1990   9630.    6.0   11.9   0.79    4.9    0.0   -99.9
 'Wageningen' 22 10 1990   9960.    4.0   12.4   0.57    4.6   19.9   -99.9
 'Wageningen' 23 10 1990   9030.   -0.2   13.8   0.58    2.8    0.0   -99.9
 'Wageningen' 24 10 1990   8330.    3.1   16.4   0.91    2.1    0.0   -99.9
 'Wageningen' 25 10 1990   5240.    7.6   14.1   1.16    2.4    1.1   -99.9
 'Wageningen' 26 10 1990   4880.    7.1   14.9   1.07    3.7    5.7   -99.9
 'Wageningen' 27 10 1990   3230.    6.7   11.2   0.98    4.8    0.3   -99.9
 'Wageningen' 28 10 1990    880.    8.1   11.3   1.09    4.6   17.9   -99.9
 'Wageningen' 29 10 1990   6440.    5.9   11.0   0.83    3.5    4.2   -99.9
 'Wageningen' 30 10 1990   5110.    4.8   12.1   0.92    4.9    3.9   -99.9
 'Wageningen' 31 10 1990   5040.    7.5   11.7   1.00    5.8    8.0   -99.9
 'Wageningen'  1 11 1990   2290.    5.6   11.0   1.00    4.0    8.1   -99.9
 'Wageningen'  2 11 1990   2400.    3.8    9.6   0.90    2.1    3.7   -99.9
 'Wageningen'  3 11 1990   4200.    1.5    9.6   0.78    2.1    3.1   -99.9
 'Wageningen'  4 11 1990   3700.   -1.4    9.4   0.70    1.2    1.1   -99.9
 'Wageningen'  5 11 1990   6860.   -2.4    9.0   0.64    1.3    0.0   -99.9
 'Wageningen'  6 11 1990   4730.   -2.9    8.2   0.69    0.9    0.0   -99.9
 'Wageningen'  7 11 1990   2570.    5.1    8.9   0.89    1.0    0.0   -99.9
 'Wageningen'  8 11 1990   1230.    3.3    7.9   0.79    1.2    0.0   -99.9
 'Wageningen'  9 11 1990   6220.    2.2    8.3   0.66    3.0    0.0   -99.9
 'Wageningen' 10 11 1990   1190.    1.6   10.3   0.93    3.5    0.7   -99.9
 'Wageningen' 11 11 1990   2610.   10.0   12.8   1.10    2.1    6.7   -99.9
 'Wageningen' 12 11 1990   1980.    8.7   10.4   1.08    1.9    0.0   -99.9
 'Wageningen' 13 11 1990    820.    9.0   11.8   1.18    3.4    4.0   -99.9
 'Wageningen' 14 11 1990    950.    8.4   12.6   1.16    3.1   10.9   -99.9
 'Wageningen' 15 11 1990   2610.    7.9   12.4   1.07    3.3   12.8   -99.9
 'Wageningen' 16 11 1990    620.    8.5   13.5   1.21    5.4    1.7   -99.9
 'Wageningen' 17 11 1990    510.    6.2   14.1   1.21    3.6   19.5   -99.9
 'Wageningen' 18 11 1990   3840.    6.0   10.2   0.81    6.5    5.5   -99.9
 'Wageningen' 19 11 1990   2750.    4.4    8.2   0.52    4.5   20.7   -99.9
 'Wageningen' 20 11 1990   1570.    3.1    8.4   0.83    4.4    8.1   -99.9
 'Wageningen' 21 11 1990   4540.    2.3    7.2   0.72    2.1    0.2   -99.9
 'Wageningen' 22 11 1990   4110.    0.2    8.4   0.68    2.2    0.0   -99.9
 'Wageningen' 23 11 1990   1170.    0.4    3.0   0.60    2.2    0.0   -99.9
 'Wageningen' 24 11 1990   1450.    0.3    5.8   0.66    4.8    0.0   -99.9
 'Wageningen' 25 11 1990   1650.    2.9    6.5   0.69    3.6    0.7   -99.9
 'Wageningen' 26 11 1990    560.    0.7    6.0   0.73    2.3    0.5   -99.9
 'Wageningen' 27 11 1990   1810.   -2.0    4.9   0.63    1.4    0.0   -99.9
 'Wageningen' 28 11 1990   2770.   -3.9    5.2   0.59    1.4    0.0   -99.9
 'Wageningen' 29 11 1990   1090.   -4.4    6.8   0.63    1.5    2.1   -99.9
 'Wageningen' 30 11 1990   2520.   -4.4    3.2   0.54    1.2    0.0   -99.9
 'Wageningen'  1 12 1990   1450.   -3.9    5.9   0.69    1.5    1.1   -99.9
 'Wageningen'  2 12 1990   1050.    5.2    7.1   0.87    1.8    1.0   -99.9
 'Wageningen'  3 12 1990    460.    3.5    6.5   0.82    2.6    0.2   -99.9
 'Wageningen'  4 12 1990   3480.    2.9    8.5   0.78    2.7    1.2   -99.9
 'Wageningen'  5 12 1990   3790.   -2.7    7.6   0.63    1.3    0.0   -99.9
 'Wageningen'  6 12 1990   2370.   -2.8    4.9   0.61    2.1    0.0   -99.9
 'Wageningen'  7 12 1990   2660.   -1.0    4.5   0.52    3.8    0.0   -99.9
 'Wageningen'  8 12 1990   1020.   -1.6    2.9   0.49    4.6    0.0   -99.9
 'Wageningen'  9 12 1990   1280.   -0.7    1.9   0.50    3.8    0.0   -99.9
 'Wageningen' 10 12 1990    280.   -0.9    2.3   0.58    4.8   12.9   -99.9
 'Wageningen' 11 12 1990    720.    1.8    4.4   0.70    2.9    2.5   -99.9
 'Wageningen' 12 12 1990   2580.    3.7    6.6   0.73    5.6    8.9   -99.9
 'Wageningen' 13 12 1990    930.    3.5    6.0   0.72    3.8    0.4   -99.9
 'Wageningen' 14 12 1990   2100.   -1.8    4.3   0.58    1.4    0.0   -99.9
 'Wageningen' 15 12 1990   1040.   -1.3    5.7   0.66    2.6    1.0   -99.9
 'Wageningen' 16 12 1990    730.   -2.7    1.2   0.53    1.4    0.0   -99.9
 'Wageningen' 17 12 1990   1260.   -0.7    1.3   0.55    2.0    0.0   -99.9
 'Wageningen' 18 12 1990   1460.   -1.3    0.3   0.48    2.6    0.0   -99.9
 'Wageningen' 19 12 1990    620.   -0.9    1.3   0.56    2.1    0.7   -99.9
 'Wageningen' 20 12 1990   1080.    1.1    7.2   0.74    5.2    7.7   -99.9
 'Wageningen' 21 12 1990   2220.    1.5    8.2   0.82    2.4    0.0   -99.9
 'Wageningen' 22 12 1990    510.    4.0    9.4   0.97    2.8    1.9   -99.9
 'Wageningen' 23 12 1990   1900.    6.6    9.1   0.87    3.2    0.0   -99.9
 'Wageningen' 24 12 1990    620.    5.7    7.0   0.84    2.8    0.0   -99.9
 'Wageningen' 25 12 1990   1420.    4.4    6.6   0.78    5.9    3.4   -99.9
 'Wageningen' 26 12 1990   1440.    2.3    8.8   0.76    7.2   11.7   -99.9
 'Wageningen' 27 12 1990   1870.    3.2    8.4   0.68    6.3    1.9   -99.9
 'Wageningen' 28 12 1990   2310.    0.9    8.1   0.73    5.4    0.0   -99.9
 'Wageningen' 29 12 1990    710.    6.5   10.4   0.98    5.2    8.7   -99.9
 'Wageningen' 30 12 1990   3230.    4.0    8.4   0.78    4.7    0.0   -99.9
 'Wageningen' 31 12 1990   2380.    1.5    6.5   0.74    3.2    2.9   -99.9
