***************************************************************************
* File name: Wageni.962
* Contents: SWAP  3.0 - Meteo data of Wageningen weather station                
***************************************************************************     
* Comment area:                                                                 
*                                                                               
*                                                                               
***************************************************************************     
    Station   DD MM YYYY     RAD   Tmin   Tmax    HUM   WIND   RAIN   ETref     
*             nr nr   nr   kJ/m2      C      C    kPa    m/s     mm      mm     
 'Wageningen'  1  1 1962   3349.   -1.3    2.1   0.64    1.2    1.4   -99.9
 'Wageningen'  2  1 1962   3056.   -4.7    0.4   0.67    1.2    0.4   -99.9
 'Wageningen'  3  1 1962   2638.   -5.5    1.9   0.55    0.1    0.0   -99.9
 'Wageningen'  4  1 1962    293.   -0.5    0.0   0.63    1.2    0.0   -99.9
 'Wageningen'  5  1 1962    502.   -1.6    3.4   0.52    1.2    0.8   -99.9
 'Wageningen'  6  1 1962    377.    0.0    5.7   0.76    1.2    2.9   -99.9
 'Wageningen'  7  1 1962    586.    0.4    5.8   0.78    1.2    2.3   -99.9
 'Wageningen'  8  1 1962   1507.    3.2    7.1   0.89    1.2    0.6   -99.9
 'Wageningen'  9  1 1962   2261.    2.1    7.1   0.86    4.3    3.6   -99.9
 'Wageningen' 10  1 1962    712.    3.0   10.4   0.89    4.3    7.0   -99.9
 'Wageningen' 11  1 1962   1172.    2.9    8.9   0.74   13.8    0.4   -99.9
 'Wageningen' 12  1 1962   1047.    3.5    5.6   0.78   11.1    5.7   -99.9
 'Wageningen' 13  1 1962   2303.    2.8    5.0   0.74    2.5    4.8   -99.9
 'Wageningen' 14  1 1962    544.    2.0    5.0   0.76    4.3    3.4   -99.9
 'Wageningen' 15  1 1962   3517.    0.8    6.1   0.73    2.5    0.0   -99.9
 'Wageningen' 16  1 1962    544.    2.8    9.6   0.80    6.3    6.5   -99.9
 'Wageningen' 17  1 1962   2596.    5.7    9.5   0.97    1.2    0.1   -99.9
 'Wageningen' 18  1 1962   2763.    7.0    8.2   0.92    4.3    0.0   -99.9
 'Wageningen' 19  1 1962    628.    4.0    8.6   0.97   11.1    6.1   -99.9
 'Wageningen' 20  1 1962   1758.    2.6   11.2   0.89    1.2    4.3   -99.9
 'Wageningen' 21  1 1962   1424.    8.6    9.7   0.97    6.3   11.0   -99.9
 'Wageningen' 22  1 1962   2052.    5.0    6.9   0.81   11.1    2.2   -99.9
 'Wageningen' 23  1 1962   2763.    3.8   10.8   0.77    2.5    1.9   -99.9
 'Wageningen' 24  1 1962    712.    3.7   10.3   1.16    4.3   14.7   -99.9
 'Wageningen' 25  1 1962   1382.    7.0    9.7   0.96    2.5    0.7   -99.9
 'Wageningen' 26  1 1962   1172.    6.5    7.2   1.05    2.5    2.2   -99.9
 'Wageningen' 27  1 1962   4480.    1.7    6.8   0.74    1.2    0.0   -99.9
 'Wageningen' 28  1 1962   3643.    0.9    2.4   0.82    2.5    0.2   -99.9
 'Wageningen' 29  1 1962   5401.   -5.3   -0.5   0.49    1.2    0.0   -99.9
 'Wageningen' 30  1 1962   5862.   -7.3    0.5   0.37    1.2    0.0   -99.9
 'Wageningen' 31  1 1962   5108.   -6.5    4.5   0.49    1.2    8.6   -99.9
 'Wageningen'  1  2 1962   4187.   -2.2    4.9   0.70    1.2    0.0   -99.9
 'Wageningen'  2  2 1962   5610.   -2.3    3.7   0.65    2.5    0.8   -99.9
 'Wageningen'  3  2 1962   3056.   -0.9    5.9   0.68    2.5    1.4   -99.9
 'Wageningen'  4  2 1962   4815.   -0.2    8.9   0.81    1.2   14.3   -99.9
 'Wageningen'  5  2 1962   4271.    3.6    8.3   0.69    6.3    0.0   -99.9
 'Wageningen'  6  2 1962   1005.    2.4    9.1   0.90    2.5    0.5   -99.9
 'Wageningen'  7  2 1962   1130.    6.8    6.8   0.93    2.5    1.7   -99.9
 'Wageningen'  8  2 1962   2052.    3.1    8.0   0.84    2.5    0.1   -99.9
 'Wageningen'  9  2 1962   5275.   -0.7    4.5   0.77    1.2    0.1   -99.9
 'Wageningen' 10  2 1962    712.    1.4    6.9   0.80    1.2    1.7   -99.9
 'Wageningen' 11  2 1962   6364.    1.0   10.6   0.74    2.5    4.4   -99.9
 'Wageningen' 12  2 1962   1758.    3.0    7.8   1.01   19.9   11.6   -99.9
 'Wageningen' 13  2 1962   2680.    0.8    5.5   0.69    2.5    8.1   -99.9
 'Wageningen' 14  2 1962   5485.    0.0    4.4   0.57    6.3    1.1   -99.9
 'Wageningen' 15  2 1962   5150.   -0.9    9.0   0.67    4.3    4.8   -99.9
 'Wageningen' 16  2 1962   2303.    1.0    6.8   0.72   13.8    3.2   -99.9
 'Wageningen' 17  2 1962   4940.    2.3    6.7   0.56   11.1    0.9   -99.9
 'Wageningen' 18  2 1962   2303.    1.5    6.8   0.84    2.5    0.2   -99.9
 'Wageningen' 19  2 1962   1926.    5.3   10.0   0.80    1.2    0.0   -99.9
 'Wageningen' 20  2 1962   4899.    4.9    9.0   0.92    1.2    0.0   -99.9
 'Wageningen' 21  2 1962   9378.    2.3    3.4   0.52    1.2    0.0   -99.9
 'Wageningen' 22  2 1962   8332.   -2.2    1.4   0.47    4.3    0.2   -99.9
 'Wageningen' 23  2 1962   6490.   -2.0    4.6   0.51    6.3    0.0   -99.9
 'Wageningen' 24  2 1962   8081.   -5.5    0.8   0.61    1.2    0.1   -99.9
 'Wageningen' 25  2 1962   5778.   -3.1   -0.6   0.39    2.5    0.0   -99.9
 'Wageningen' 26  2 1962   5485.   -4.9    1.1   0.41    6.3    0.0   -99.9
 'Wageningen' 27  2 1962   4480.   -3.0    1.9   0.56    2.5    0.0   -99.9
 'Wageningen' 28  2 1962   3391.   -1.3    1.1   0.53    1.2    0.0   -99.9
 'Wageningen'  1  3 1962   3056.   -0.8    2.1   0.60    1.2    0.2   -99.9
 'Wageningen'  2  3 1962   4145.   -2.9    3.2   0.61    1.2    0.9   -99.9
 'Wageningen'  3  3 1962   3098.   -1.7    4.1   0.68    1.2    0.0   -99.9
 'Wageningen'  4  3 1962   6741.   -2.2    1.9   0.70    1.2    0.1   -99.9
 'Wageningen'  5  3 1962   3475.   -0.5    4.9   0.57    1.2    0.1   -99.9
 'Wageningen'  6  3 1962   9504.   -5.2    4.8   0.52    4.3    0.1   -99.9
 'Wageningen'  7  3 1962   7704.   -5.2    6.3   0.56    1.2    0.0   -99.9
 'Wageningen'  8  3 1962   8374.   -2.5    6.5   0.44    4.3    1.5   -99.9
 'Wageningen'  9  3 1962   3433.    1.5    9.1   0.85    1.2    2.0   -99.9
 'Wageningen' 10  3 1962   3056.    3.9    7.5   0.96    1.2    4.2   -99.9
 'Wageningen' 11  3 1962   1549.    4.0    4.9   0.93    1.2    4.9   -99.9
 'Wageningen' 12  3 1962  10760.   -0.4    0.4   0.37    2.5    5.5   -99.9
 'Wageningen' 13  3 1962  10844.   -3.2    3.8   0.44    1.2    5.6   -99.9
 'Wageningen' 14  3 1962  11639.   -3.9    4.3   0.59    1.2    1.6   -99.9
 'Wageningen' 15  3 1962  14193.   -3.3    4.4   0.60    1.2    0.0   -99.9
 'Wageningen' 16  3 1962  13440.   -7.0    4.1   0.51    2.5    0.0   -99.9
 'Wageningen' 17  3 1962   9127.   -6.3    4.8   0.56    1.2    0.6   -99.9
 'Wageningen' 18  3 1962   6824.   -0.6    6.2   0.44    2.5    0.0   -99.9
 'Wageningen' 19  3 1962  14403.   -3.4    7.6   0.52    1.2    0.1   -99.9
 'Wageningen' 20  3 1962  10258.   -3.0    5.6   0.51    1.2    0.1   -99.9
 'Wageningen' 21  3 1962   3433.    0.0    7.9   0.61    2.5    0.0   -99.9
 'Wageningen' 22  3 1962  13649.   -0.8    8.3   0.64    1.2    0.0   -99.9
 'Wageningen' 23  3 1962   8960.    0.2    7.0   0.72    1.2    0.0   -99.9
 'Wageningen' 24  3 1962  13523.   -0.4    7.0   0.48    2.5    0.0   -99.9
 'Wageningen' 25  3 1962   6448.   -0.6    5.2   0.64    1.2    0.0   -99.9
 'Wageningen' 26  3 1962   3266.   -0.4    7.4   0.72    4.3    0.4   -99.9
 'Wageningen' 27  3 1962   4899.    3.9    7.3   0.80    2.5    0.7   -99.9
 'Wageningen' 28  3 1962   8081.    3.2   11.6   0.55    2.5    1.8   -99.9
 'Wageningen' 29  3 1962   3349.    2.3   11.2   1.21    1.2    6.0   -99.9
 'Wageningen' 30  3 1962   2470.    9.0    9.6   1.18    2.5    7.8   -99.9
 'Wageningen' 31  3 1962  10676.    3.1    7.1   0.64    4.3    0.1   -99.9
 'Wageningen'  1  4 1962   9797.    2.2    8.9   0.86    4.3    1.8   -99.9
 'Wageningen'  2  4 1962   7787.    2.9   11.9   0.86    4.3    5.7   -99.9
 'Wageningen'  3  4 1962   4229.    6.9   10.1   0.86    1.2    5.9   -99.9
 'Wageningen'  4  4 1962   7118.    6.0    7.6   0.84    2.5    7.2   -99.9
 'Wageningen'  5  4 1962   3768.    5.2    8.9   0.84    1.2    6.6   -99.9
 'Wageningen'  6  4 1962  13565.    4.3    9.5   0.76    2.5    3.2   -99.9
 'Wageningen'  7  4 1962   2219.    3.1   10.0   0.98    1.2   12.0   -99.9
 'Wageningen'  8  4 1962   6238.    3.8    8.1   0.84    1.2   12.7   -99.9
 'Wageningen'  9  4 1962   2219.    3.8   10.9   0.84    4.3    5.0   -99.9
 'Wageningen' 10  4 1962  10300.    1.9   11.0   0.76    4.3    1.5   -99.9
 'Wageningen' 11  4 1962   4899.    5.1   12.4   1.00    4.3    1.0   -99.9
 'Wageningen' 12  4 1962  12100.    7.0    9.1   1.04    1.2    0.1   -99.9
 'Wageningen' 13  4 1962  13063.    0.9    9.3   0.70    4.3    3.2   -99.9
 'Wageningen' 14  4 1962  11221.    1.8    8.3   0.77    2.5    1.8   -99.9
 'Wageningen' 15  4 1962   5108.    3.4    9.7   0.73    6.3    0.1   -99.9
 'Wageningen' 16  4 1962   5359.    5.9   13.8   1.02    2.5    8.2   -99.9
 'Wageningen' 17  4 1962  11723.    2.3   17.9   0.70    1.2    0.0   -99.9
 'Wageningen' 18  4 1962   8332.    6.3   16.0   1.36    0.1    2.8   -99.9
 'Wageningen' 19  4 1962  10006.    9.6   17.0   1.05    1.2    0.1   -99.9
 'Wageningen' 20  4 1962   7787.    9.0   20.8   1.26    1.2    1.5   -99.9
 'Wageningen' 21  4 1962  16454.    6.4   19.8   1.04    1.2    0.1   -99.9
 'Wageningen' 22  4 1962  14779.   11.7   18.1   0.92    2.5    0.0   -99.9
 'Wageningen' 23  4 1962  16622.    7.4   22.3   1.09    2.5    0.0   -99.9
 'Wageningen' 24  4 1962  18841.    7.8   17.5   1.28    1.2    0.0   -99.9
 'Wageningen' 25  4 1962  16915.    7.7   18.1   1.13    1.2    0.0   -99.9
 'Wageningen' 26  4 1962  16831.    5.8   13.4   1.24    1.2    0.0   -99.9
 'Wageningen' 27  4 1962  11807.    7.3   10.2   0.73    1.2    0.0   -99.9
 'Wageningen' 28  4 1962  13733.    6.2    8.8   0.77    2.5    0.0   -99.9
 'Wageningen' 29  4 1962  11262.    0.2   10.9   0.72    6.3    1.3   -99.9
 'Wageningen' 30  4 1962  15072.    2.6    9.1   0.90    2.5    0.0   -99.9
 'Wageningen'  1  5 1962  12686.   -1.4   10.2   0.76    1.2    0.5   -99.9
 'Wageningen'  2  5 1962   7578.    5.9   12.9   0.88    1.2    0.0   -99.9
 'Wageningen'  3  5 1962  10676.    5.9   10.2   0.96    1.2    0.0   -99.9
 'Wageningen'  4  5 1962   7662.    4.2   17.8   0.84    1.2    0.0   -99.9
 'Wageningen'  5  5 1962  20180.    4.4   15.2   1.06    1.2    0.2   -99.9
 'Wageningen'  6  5 1962   4982.   11.7   19.0   1.40    4.3    4.2   -99.9
 'Wageningen'  7  5 1962  14821.   13.8   20.8   1.34    2.5    0.0   -99.9
 'Wageningen'  8  5 1962  18715.   11.8   18.0   1.28    4.3    6.7   -99.9
 'Wageningen'  9  5 1962   8667.   10.9   13.8   1.49    1.2   10.7   -99.9
 'Wageningen' 10  5 1962  11932.    8.3   15.0   1.12    1.2    1.0   -99.9
 'Wageningen' 11  5 1962  13063.    7.9   11.3   1.28    1.2    0.2   -99.9
 'Wageningen' 12  5 1962   5317.    7.7   13.0   1.02    2.5    3.0   -99.9
 'Wageningen' 13  5 1962  16035.    8.0    9.9   0.92    2.5    0.5   -99.9
 'Wageningen' 14  5 1962  10928.    4.2   10.3   0.92    1.2    4.7   -99.9
 'Wageningen' 15  5 1962  10174.    6.2   12.3   0.86    4.3    1.4   -99.9
 'Wageningen' 16  5 1962   8081.    4.4   14.0   1.10    4.3    4.3   -99.9
 'Wageningen' 17  5 1962  16831.    7.8   16.4   0.88    2.5    2.0   -99.9
 'Wageningen' 18  5 1962  21646.    6.3   15.9   1.13    4.3    0.0   -99.9
 'Wageningen' 19  5 1962  16538.    8.8   15.6   0.94    8.6    1.7   -99.9
 'Wageningen' 20  5 1962  19594.    7.6   13.8   1.21    2.5    0.1   -99.9
 'Wageningen' 21  5 1962   7285.    7.1   15.8   1.28    4.3    4.6   -99.9
 'Wageningen' 22  5 1962  12393.   10.8   14.8   1.16    2.5    0.7   -99.9
 'Wageningen' 23  5 1962  18422.   10.0   14.8   1.30    4.3    0.1   -99.9
 'Wageningen' 24  5 1962  19134.    8.4    9.5   0.73    4.3    6.7   -99.9
 'Wageningen' 25  5 1962   6824.    6.1   12.8   1.04    1.2    4.5   -99.9
 'Wageningen' 26  5 1962  10676.    7.0   16.8   1.08    1.2    3.7   -99.9
 'Wageningen' 27  5 1962  16161.    7.1   13.2   0.88    2.5    9.7   -99.9
 'Wageningen' 28  5 1962   8081.    8.9   15.2   1.16    2.5    1.2   -99.9
 'Wageningen' 29  5 1962  15282.    6.0   14.6   1.06    1.2    2.2   -99.9
 'Wageningen' 30  5 1962  25874.    8.2   11.4   0.96    1.2    0.0   -99.9
 'Wageningen' 31  5 1962  23823.    5.8   12.2   0.93    4.3    0.4   -99.9
 'Wageningen'  1  6 1962  18171.    3.3   12.7   0.69    2.5    0.3   -99.9
 'Wageningen'  2  6 1962  20683.    1.9   14.5   0.90    4.3    0.0   -99.9
 'Wageningen'  3  6 1962  24409.    3.6   13.4   0.84    2.5    0.2   -99.9
 'Wageningen'  4  6 1962  14905.    1.0   16.8   1.04    1.2    0.0   -99.9
 'Wageningen'  5  6 1962  26502.    3.9   20.9   1.24    1.2    0.0   -99.9
 'Wageningen'  6  6 1962  20850.    7.1   21.3   1.48    1.2    0.0   -99.9
 'Wageningen'  7  6 1962  29015.    7.7   22.5   1.17    4.3    0.0   -99.9
 'Wageningen'  8  6 1962  28805.    5.9   22.2   1.30    4.3    0.0   -99.9
 'Wageningen'  9  6 1962  28052.    6.7   21.9   1.10    2.5    0.0   -99.9
 'Wageningen' 10  6 1962  24409.    8.9   15.2   1.36    4.3    0.1   -99.9
 'Wageningen' 11  6 1962  12393.   10.6   18.9   1.18    1.2    0.8   -99.9
 'Wageningen' 12  6 1962  20934.    7.3   23.0   1.49    1.2    0.0   -99.9
 'Wageningen' 13  6 1962  16705.   10.9   28.1   1.77    2.5    0.0   -99.9
 'Wageningen' 14  6 1962  24409.   11.7   24.8   1.81    2.5    0.0   -99.9
 'Wageningen' 15  6 1962  18254.   14.6   24.0   1.54    2.5   14.7   -99.9
 'Wageningen' 16  6 1962  13063.   15.1   19.2   1.65    1.2    0.1   -99.9
 'Wageningen' 17  6 1962  17752.   11.2   27.2   1.28    1.2    0.0   -99.9
 'Wageningen' 18  6 1962  23446.   11.7   26.1   1.70    1.2    7.6   -99.9
 'Wageningen' 19  6 1962  13565.   13.9   19.0   1.62    2.5    3.0   -99.9
 'Wageningen' 20  6 1962  13440.   10.7   19.0   1.40    2.5    1.0   -99.9
 'Wageningen' 21  6 1962   6615.   14.6   21.6   1.53    4.3    0.0   -99.9
 'Wageningen' 22  6 1962  10090.   14.0   22.1   1.66    6.3    0.0   -99.9
 'Wageningen' 23  6 1962  23237.   13.6   19.9   1.77    2.5    0.0   -99.9
 'Wageningen' 24  6 1962  20013.   11.0   18.1   1.62    4.3    0.0   -99.9
 'Wageningen' 25  6 1962  24786.    9.7   16.1   1.30    2.5    0.7   -99.9
 'Wageningen' 26  6 1962  14319.    9.9   14.2   1.17    6.3    4.4   -99.9
 'Wageningen' 27  6 1962  16454.    9.0   16.0   0.94    6.3    0.8   -99.9
 'Wageningen' 28  6 1962  11556.    9.9   14.5   0.96    6.3    0.8   -99.9
 'Wageningen' 29  6 1962  14026.    7.0   16.1   1.00    2.5    0.0   -99.9
 'Wageningen' 30  6 1962  13523.    9.0   14.0   1.10    2.5    0.4   -99.9
 'Wageningen'  1  7 1962   5778.   10.4   15.5   1.37    2.5    0.7   -99.9
 'Wageningen'  2  7 1962   5275.    9.9   14.4   1.30    4.3    0.3   -99.9
 'Wageningen'  3  7 1962  13188.    9.5   12.9   0.92    8.6    5.5   -99.9
 'Wageningen'  4  7 1962   7787.    8.9   15.2   1.02    6.3    1.5   -99.9
 'Wageningen'  5  7 1962   9295.    9.8   14.8   1.08    4.3    4.0   -99.9
 'Wageningen'  6  7 1962   7285.    7.7   18.2   1.18    4.3    0.0   -99.9
 'Wageningen'  7  7 1962  15491.   10.8   19.7   1.18    2.5    0.0   -99.9
 'Wageningen'  8  7 1962  24618.    5.9   21.1   1.12    1.2    0.0   -99.9
 'Wageningen'  9  7 1962  24032.    8.6   25.9   1.09    2.5    0.0   -99.9
 'Wageningen' 10  7 1962  15366.   12.2   22.4   1.88    1.2    7.5   -99.9
 'Wageningen' 11  7 1962  20683.   15.8   18.5   1.49    4.3    1.3   -99.9
 'Wageningen' 12  7 1962  11053.   13.3   20.3   1.52    4.3   20.3   -99.9
 'Wageningen' 13  7 1962  14612.   12.8   21.0   1.48    2.5    0.0   -99.9
 'Wageningen' 14  7 1962  14235.   10.9   19.9   1.53    1.2   19.1   -99.9
 'Wageningen' 15  7 1962   9420.   14.0   20.0   1.94    1.2    2.5   -99.9
 'Wageningen' 16  7 1962  19134.   12.4   17.3   1.32    1.2    2.3   -99.9
 'Wageningen' 17  7 1962   8081.   13.0   19.5   1.29    1.2    0.0   -99.9
 'Wageningen' 18  7 1962  17501.    8.8   19.8   1.36    1.2    0.0   -99.9
 'Wageningen' 19  7 1962   9630.   11.4   23.2   1.66    1.2    1.0   -99.9
 'Wageningen' 20  7 1962  15491.   13.0   22.1   1.85    1.2    4.1   -99.9
 'Wageningen' 21  7 1962  16161.   17.8   19.9   1.53    4.3    1.2   -99.9
 'Wageningen' 22  7 1962  16412.   13.8   20.0   1.48    6.3    2.6   -99.9
 'Wageningen' 23  7 1962  19720.   12.4   21.7   1.37    2.5    0.0   -99.9
 'Wageningen' 24  7 1962  24200.    8.3   24.4   1.26    1.2    0.0   -99.9
 'Wageningen' 25  7 1962  15784.   13.8   23.7   1.56    1.2    3.4   -99.9
 'Wageningen' 26  7 1962   9420.   17.9   18.8   2.29    0.1    8.7   -99.9
 'Wageningen' 27  7 1962  12100.   12.8   17.2   1.26    1.2    4.8   -99.9
 'Wageningen' 28  7 1962  14193.    7.8   19.9   1.13    2.5    0.0   -99.9
 'Wageningen' 29  7 1962  22944.    7.1   21.2   1.16    1.2    0.0   -99.9
 'Wageningen' 30  7 1962  20557.    7.6   21.0   1.29    1.2    0.4   -99.9
 'Wageningen' 31  7 1962  11262.   14.8   22.9   1.70    4.3    0.0   -99.9
 'Wageningen'  1  8 1962  18087.   12.3   23.3   1.43    1.2    0.4   -99.9
 'Wageningen'  2  8 1962  14528.   14.8   23.1   1.59    1.2    0.0   -99.9
 'Wageningen'  3  8 1962  14486.    9.6   21.6   1.96    1.2    5.8   -99.9
 'Wageningen'  4  8 1962  19887.   15.1   20.9   1.41    1.2    0.2   -99.9
 'Wageningen'  5  8 1962  14110.   12.1   19.2   1.51    2.5    0.0   -99.9
 'Wageningen'  6  8 1962   9420.   12.1   16.1   1.59    1.2   13.1   -99.9
 'Wageningen'  7  8 1962   6238.   11.8   16.3   1.01    6.3    4.5   -99.9
 'Wageningen'  8  8 1962  10969.   10.5   20.1   1.09    2.5    1.9   -99.9
 'Wageningen'  9  8 1962  15282.    8.2   20.3   1.23    1.2    0.3   -99.9
 'Wageningen' 10  8 1962  10258.   12.9   23.2   1.60    1.2    0.0   -99.9
 'Wageningen' 11  8 1962  11137.   15.1   22.0   1.76    4.3    0.0   -99.9
 'Wageningen' 12  8 1962  10467.   13.6   23.0   1.85    1.2    0.0   -99.9
 'Wageningen' 13  8 1962  19720.   14.8   20.8   1.28    1.2    0.0   -99.9
 'Wageningen' 14  8 1962  15784.   11.2   20.1   1.45    1.2   13.9   -99.9
 'Wageningen' 15  8 1962  12393.   14.9   19.1   1.77    1.2    2.3   -99.9
 'Wageningen' 16  8 1962  12560.   13.7   17.3   1.49    2.5    0.8   -99.9
 'Wageningen' 17  8 1962   6824.   12.9   20.0   1.59    2.5    7.2   -99.9
 'Wageningen' 18  8 1962  18171.   11.6   21.0   1.21    6.3    0.0   -99.9
 'Wageningen' 19  8 1962  19134.    8.9   23.8   1.24    1.2    0.0   -99.9
 'Wageningen' 20  8 1962  19008.   13.2   20.3   1.41    1.2    6.3   -99.9
 'Wageningen' 21  8 1962  15156.   15.2   19.6   1.45    4.3    0.0   -99.9
 'Wageningen' 22  8 1962   8332.   13.1   18.4   1.61    2.5    0.5   -99.9
 'Wageningen' 23  8 1962   6155.   11.2   19.4   1.44    4.3   14.1   -99.9
 'Wageningen' 24  8 1962  11053.   14.6   19.0   1.43    2.5    3.4   -99.9
 'Wageningen' 25  8 1962  14696.   12.6   19.4   1.17    4.3    0.0   -99.9
 'Wageningen' 26  8 1962  15366.   11.4   18.0   1.16    4.3    0.0   -99.9
 'Wageningen' 27  8 1962  10676.   14.0   19.3   1.48    4.3    0.3   -99.9
 'Wageningen' 28  8 1962   7787.   12.7   19.5   1.37    1.2    1.0   -99.9
 'Wageningen' 29  8 1962  14779.   14.4   21.2   1.21    4.3    0.0   -99.9
 'Wageningen' 30  8 1962  17668.    7.7   18.0   1.69    1.2    0.0   -99.9
 'Wageningen' 31  8 1962  18757.    9.3   17.8   1.11    1.2    0.0   -99.9
 'Wageningen'  1  9 1962  17668.    7.6   21.1   1.52    2.5    0.0   -99.9
 'Wageningen'  2  9 1962  17124.    8.0   24.0   2.09    1.2    0.0   -99.9
 'Wageningen'  3  9 1962  13858.   11.5   27.7   1.88    2.5    0.0   -99.9
 'Wageningen'  4  9 1962  12602.   12.5   22.0   1.68    2.5    1.9   -99.9
 'Wageningen'  5  9 1962  10467.   12.8   19.2   1.42    8.6   20.2   -99.9
 'Wageningen'  6  9 1962   3349.   11.4   18.3   1.89    6.3   26.4   -99.9
 'Wageningen'  7  9 1962  10844.   12.9   17.1   1.17    2.5    1.3   -99.9
 'Wageningen'  8  9 1962  12100.    9.5   15.2   1.22    4.3    2.3   -99.9
 'Wageningen'  9  9 1962  13272.    6.0   18.0   1.29    6.3    0.0   -99.9
 'Wageningen' 10  9 1962  14821.    8.6   23.1   1.49    2.5    0.5   -99.9
 'Wageningen' 11  9 1962   7997.   14.6   19.0   1.65    2.5    4.7   -99.9
 'Wageningen' 12  9 1962  13188.   14.4   17.6   1.52    6.3    0.6   -99.9
 'Wageningen' 13  9 1962  12979.   11.0   16.0   0.93    2.5    0.0   -99.9
 'Wageningen' 14  9 1962  13691.    4.0   17.3   1.33    1.2    0.0   -99.9
 'Wageningen' 15  9 1962  15031.    8.0   22.2   1.41    1.2    0.0   -99.9
 'Wageningen' 16  9 1962  14528.   12.8   17.5   1.37    4.3    0.3   -99.9
 'Wageningen' 17  9 1962  10258.    7.5   14.4   1.00    2.5    0.1   -99.9
 'Wageningen' 18  9 1962   7997.    4.0   13.5   1.14    1.2    3.5   -99.9
 'Wageningen' 19  9 1962  12393.    5.0   15.4   1.08    1.2    0.3   -99.9
 'Wageningen' 20  9 1962  10467.    2.4   16.0   1.18    1.2    0.6   -99.9
 'Wageningen' 21  9 1962   7997.    5.0   13.6   1.24    2.5    2.4   -99.9
 'Wageningen' 22  9 1962   7494.   10.0   14.4   1.16    1.2    0.0   -99.9
 'Wageningen' 23  9 1962   6155.    9.1   15.1   1.18    2.5    0.0   -99.9
 'Wageningen' 24  9 1962   9839.    9.0   17.1   1.25    1.2    0.0   -99.9
 'Wageningen' 25  9 1962   9755.    9.6   17.8   1.61    4.3    0.0   -99.9
 'Wageningen' 26  9 1962  11891.    7.0   19.4   1.25    2.5    1.6   -99.9
 'Wageningen' 27  9 1962   6071.    8.8   15.5   1.61    2.5    0.0   -99.9
 'Wageningen' 28  9 1962   9881.    5.5   17.9   1.24    1.2    0.5   -99.9
 'Wageningen' 29  9 1962   6866.   10.8   17.8   1.28    1.2    2.0   -99.9
 'Wageningen' 30  9 1962   5317.    9.4   18.0   1.53    4.3    0.6   -99.9
 'Wageningen'  1 10 1962  11849.    9.9   24.0   1.57    2.5    4.4   -99.9
 'Wageningen'  2 10 1962   8750.   14.0   24.0   1.53    2.5    0.4   -99.9
 'Wageningen'  3 10 1962   4522.   11.6   22.2   1.84    0.1    0.5   -99.9
 'Wageningen'  4 10 1962   2219.   12.8   15.0   1.56    2.5    0.6   -99.9
 'Wageningen'  5 10 1962   9211.    6.1   16.8   1.22    1.2    0.0   -99.9
 'Wageningen'  6 10 1962   7076.    8.0   18.0   1.57    0.1    0.0   -99.9
 'Wageningen'  7 10 1962  10760.    5.5   18.0   1.13    2.5    0.0   -99.9
 'Wageningen'  8 10 1962  10216.    7.6   15.1   1.37    4.3    0.0   -99.9
 'Wageningen'  9 10 1962   8374.    9.1   19.5   1.94    1.2    0.0   -99.9
 'Wageningen' 10 10 1962   7034.    5.4   17.2   1.72    0.1    0.0   -99.9
 'Wageningen' 11 10 1962    628.    6.0   12.5   1.30    0.1    0.0   -99.9
 'Wageningen' 12 10 1962    963.    7.5    9.2   1.06    1.2    0.0   -99.9
 'Wageningen' 13 10 1962   1172.    7.1    8.0   0.96    1.2    0.0   -99.9
 'Wageningen' 14 10 1962   3433.    1.4   13.6   1.33    0.1    0.0   -99.9
 'Wageningen' 15 10 1962   8625.    3.0   15.8   1.18    0.1    0.0   -99.9
 'Wageningen' 16 10 1962   5568.    3.5   16.9   1.46    0.1    0.0   -99.9
 'Wageningen' 17 10 1962   5736.    9.0   16.8   1.41    1.2    0.0   -99.9
 'Wageningen' 18 10 1962   5192.    6.4   14.3   1.33    1.2    0.0   -99.9
 'Wageningen' 19 10 1962   4396.    7.1   14.2   0.98    1.2    0.0   -99.9
 'Wageningen' 20 10 1962   2638.    9.3   12.8   1.41    1.2    0.1   -99.9
 'Wageningen' 21 10 1962   7118.    1.9   15.1   1.33    1.2    0.0   -99.9
 'Wageningen' 22 10 1962   7704.    2.8   13.6   1.13    0.1    0.0   -99.9
 'Wageningen' 23 10 1962   7913.    1.0   14.4   1.49    0.1    0.0   -99.9
 'Wageningen' 24 10 1962   3308.    2.0   13.5   1.13    1.2    0.0   -99.9
 'Wageningen' 25 10 1962   2470.    8.6   13.8   1.30    1.2    3.3   -99.9
 'Wageningen' 26 10 1962   1884.    9.0   14.5   1.45    1.2   15.4   -99.9
 'Wageningen' 27 10 1962   6657.    0.4   11.5   1.02    1.2    1.2   -99.9
 'Wageningen' 28 10 1962   6615.    0.5   10.7   1.02    1.2    5.5   -99.9
 'Wageningen' 29 10 1962   6113.    4.9   11.9   1.16    1.2    0.1   -99.9
 'Wageningen' 30 10 1962   1214.    2.1    8.9   0.90    4.3    7.9   -99.9
 'Wageningen' 31 10 1962   5694.    4.5   10.1   0.88    2.5    7.2   -99.9
 'Wageningen'  1 11 1962   5736.    0.0    9.7   0.94    2.5    0.0   -99.9
 'Wageningen'  2 11 1962   2931.    0.6    7.7   0.96    4.3    3.4   -99.9
 'Wageningen'  3 11 1962   2680.    2.6   12.5   1.14    2.5    0.0   -99.9
 'Wageningen'  4 11 1962   1591.    7.0   12.6   1.22    2.5    0.2   -99.9
 'Wageningen'  5 11 1962   5192.    6.5   10.0   1.05    2.5    0.0   -99.9
 'Wageningen'  6 11 1962   1465.    1.5    8.9   0.97    1.2    1.0   -99.9
 'Wageningen'  7 11 1962   4187.    2.6   12.5   1.09    1.2    0.0   -99.9
 'Wageningen'  8 11 1962   2847.    4.6   11.9   1.10    2.5    0.0   -99.9
 'Wageningen'  9 11 1962    963.    4.5   10.1   1.09    0.1    1.3   -99.9
 'Wageningen' 10 11 1962   2219.    6.5    7.6   0.78    4.3    0.0   -99.9
 'Wageningen' 11 11 1962   1172.    2.5    3.8   0.56    2.5    0.0   -99.9
 'Wageningen' 12 11 1962   1382.    0.0    3.1   0.70    1.2    2.1   -99.9
 'Wageningen' 13 11 1962    795.    1.0    3.0   0.70    1.2    0.1   -99.9
 'Wageningen' 14 11 1962   1842.   -0.7    4.6   0.72    1.2    4.1   -99.9
 'Wageningen' 15 11 1962   2805.   -2.0    6.7   0.84    4.3    2.5   -99.9
 'Wageningen' 16 11 1962   2596.    0.5    4.5   0.70    1.2    0.6   -99.9
 'Wageningen' 17 11 1962   3517.   -2.2    3.7   0.63    2.5    1.5   -99.9
 'Wageningen' 18 11 1962   1884.   -0.8    4.8   0.76    1.2    0.0   -99.9
 'Wageningen' 19 11 1962    963.    0.1    4.5   0.74    1.2    0.0   -99.9
 'Wageningen' 20 11 1962   3810.   -1.2    5.0   0.68    2.5    0.0   -99.9
 'Wageningen' 21 11 1962   3182.   -1.9    2.5   0.67    1.2    0.0   -99.9
 'Wageningen' 22 11 1962   1005.   -8.8   -1.3   0.47    2.5    0.0   -99.9
 'Wageningen' 23 11 1962   1089.   -6.3   -0.7   0.49    1.2    0.0   -99.9
 'Wageningen' 24 11 1962    670.   -3.5    3.9   0.64    2.5    1.8   -99.9
 'Wageningen' 25 11 1962    963.   -0.5    6.0   0.86    2.5    0.1   -99.9
 'Wageningen' 26 11 1962   1005.    3.6    6.7   0.94    1.2    0.0   -99.9
 'Wageningen' 27 11 1962   1382.    3.5    6.5   0.86    1.2    0.3   -99.9
 'Wageningen' 28 11 1962   1549.    3.6    8.4   1.01    1.2    0.0   -99.9
 'Wageningen' 29 11 1962    461.    5.0    7.6   0.93    2.5    0.0   -99.9
 'Wageningen' 30 11 1962   3349.    5.9    9.3   0.94    1.2    0.0   -99.9
 'Wageningen'  1 12 1962   4940.   -5.8    2.3   0.63    1.2    0.0   -99.9
 'Wageningen'  2 12 1962   4229.   -5.8    1.9   0.63    1.2    0.0   -99.9
 'Wageningen'  3 12 1962   3810.   -5.5    2.5   0.48    1.2    0.0   -99.9
 'Wageningen'  4 12 1962   3643.   -8.5    5.5   0.67    0.1    0.0   -99.9
 'Wageningen'  5 12 1962   4019.   -8.6    4.3   0.82    0.1    0.0   -99.9
 'Wageningen'  6 12 1962   3433.   -8.8    4.9   0.76    0.1    0.0   -99.9
 'Wageningen'  7 12 1962   2428.   -8.9    0.1   0.52    1.2    0.0   -99.9
 'Wageningen'  8 12 1962   2554.   -5.7    6.0   0.80    4.3    5.7   -99.9
 'Wageningen'  9 12 1962   1340.   -3.5    7.3   0.86    6.3   13.7   -99.9
 'Wageningen' 10 12 1962   2428.    3.4    7.8   0.81    2.5    1.3   -99.9
 'Wageningen' 11 12 1962    335.    2.0    7.7   0.93    2.5    9.0   -99.9
 'Wageningen' 12 12 1962   2093.    1.7    5.8   0.84    1.2    0.4   -99.9
 'Wageningen' 13 12 1962   2763.   -0.1    5.3   0.69    0.1    0.0   -99.9
 'Wageningen' 14 12 1962    712.   -1.5    8.8   0.73    2.5   15.2   -99.9
 'Wageningen' 15 12 1962   1507.   -0.4   11.0   0.90    8.6   18.2   -99.9
 'Wageningen' 16 12 1962    921.    5.2    7.9   0.81    4.3    2.7   -99.9
 'Wageningen' 17 12 1962   1758.    1.1    4.7   0.76    2.5    1.0   -99.9
 'Wageningen' 18 12 1962    712.    1.4    6.6   0.80    1.2    8.4   -99.9
 'Wageningen' 19 12 1962   1382.    2.0    5.5   0.74    2.5    1.5   -99.9
 'Wageningen' 20 12 1962   1047.   -2.7    5.5   0.64    2.5    9.8   -99.9
 'Wageningen' 21 12 1962    670.   -2.3    7.0   0.74    2.5    2.7   -99.9
 'Wageningen' 22 12 1962   3559.   -4.4   -4.1   0.41    2.5    0.0   -99.9
 'Wageningen' 23 12 1962   3894.  -11.6   -5.3   0.24    2.5    0.0   -99.9
 'Wageningen' 24 12 1962   3643.  -11.9   -4.4   0.37    4.3    0.0   -99.9
 'Wageningen' 25 12 1962   2303.   -9.5   -3.7   0.40    2.5    0.0   -99.9
 'Wageningen' 26 12 1962   1842.   -9.5   -3.1   0.43    1.2    1.9   -99.9
 'Wageningen' 27 12 1962   1089.  -10.2   -2.7   0.45    1.2    3.5   -99.9
 'Wageningen' 28 12 1962   1424.   -6.0   -4.5   0.36    0.1    1.0   -99.9
 'Wageningen' 29 12 1962   1130.  -10.5   -4.5   0.35    4.3    0.6   -99.9
 'Wageningen' 30 12 1962    837.   -6.0   -2.5   0.31    4.3    3.4   -99.9
 'Wageningen' 31 12 1962   1507.   -5.0   -2.0   0.48    6.3    0.0   -99.9
