***************************************************************************
* File name: Wageni.999
* Contents: SWAP  3.0 - Meteo data of Wageningen weather station                
***************************************************************************     
* Comment area:                                                                 
*                                                                               
*                                                                               
***************************************************************************     
    Station     DD    MM  YYYY   RAD    Tmin  Tmax   HUM  WIND  RAIN ETref     
*               nr    nr    nr kJ/m2       C     C   kPa   m/s    mm    mm
'Wageningen'     1     1  1999  1794.    3.9   8.0  0.72   3.4   0.0 -99.9
'Wageningen'     2     1  1999   791.    4.3   7.9  0.84   4.4   2.4 -99.9
'Wageningen'     3     1  1999   659.    3.7   8.0  0.82   4.9  10.2 -99.9
'Wageningen'     4     1  1999   451.    5.6  13.2  1.11   5.3   4.2 -99.9
'Wageningen'     5     1  1999  2896.    9.0  13.7  1.19   3.8   1.6 -99.9
'Wageningen'     6     1  1999  3570.    7.9  13.1  0.89   4.6   0.0 -99.9
'Wageningen'     7     1  1999  2037.    4.9  10.4  0.90   4.0   2.6 -99.9
'Wageningen'     8     1  1999  1637.    2.3   7.1  0.79   5.4   4.7 -99.9
'Wageningen'     9     1  1999  3915.   -1.0   4.9  0.58   2.0   0.0 -99.9
'Wageningen'    10     1  1999  4746.   -4.3   1.6  0.45   2.1   0.0 -99.9
'Wageningen'    11     1  1999  4076.   -4.1   0.9  0.44   2.5   0.0 -99.9
'Wageningen'    12     1  1999  2841.   -3.0   1.7  0.54   4.4   1.2 -99.9
'Wageningen'    13     1  1999  2795.   -0.1   4.2  0.68   4.8   2.2 -99.9
'Wageningen'    14     1  1999  2412.    4.0   6.8  0.76   5.6   2.3 -99.9
'Wageningen'    15     1  1999  1285.    6.4   8.9  0.92   6.9   1.0 -99.9
'Wageningen'    16     1  1999   585.    4.7  11.1  0.95   5.8   8.9 -99.9
'Wageningen'    17     1  1999  1948.    2.7   7.5  0.81   3.2   0.7 -99.9
'Wageningen'    18     1  1999  4562.    1.7   7.8  0.72   3.6   0.0 -99.9
'Wageningen'    19     1  1999  1637.    5.6  10.0  0.88   5.7   0.0 -99.9
'Wageningen'    20     1  1999  1897.    7.9  11.8  1.05   3.5   0.8 -99.9
'Wageningen'    21     1  1999   869.    6.1   8.8  0.97   1.2   0.3 -99.9
'Wageningen'    22     1  1999  2813.   -1.8   6.2  0.69   1.2   0.0 -99.9
'Wageningen'    23     1  1999   794.   -0.5   5.7  0.74   2.0   0.0 -99.9
'Wageningen'    24     1  1999   797.    3.8   7.7  0.89   4.4   2.4 -99.9
'Wageningen'    25     1  1999   746.    6.7  12.6  1.08   6.9   0.3 -99.9
'Wageningen'    26     1  1999  2809.    2.5   7.5  0.75   4.4  13.3 -99.9
'Wageningen'    27     1  1999  3295.    3.1   7.8  0.75   3.7   5.6 -99.9
'Wageningen'    28     1  1999  1864.    0.8   6.8  0.78   3.5   5.8 -99.9
'Wageningen'    29     1  1999  5268.   -5.4   1.5  0.38   1.8   0.0 -99.9
'Wageningen'    30     1  1999  6272.   -6.7   2.9  0.38   0.4   0.0 -99.9
'Wageningen'    31     1  1999  4558.   -4.9   6.0  0.50   0.3   0.0 -99.9
'Wageningen'     1     2  1999  1441.    2.6   7.0  0.81   1.7   0.2 -99.9
'Wageningen'     2     2  1999  1489.    2.2   6.7  0.81   1.9   0.0 -99.9
'Wageningen'     3     2  1999  2161.    3.5   8.2  0.89   3.4   0.2 -99.9
'Wageningen'     4     2  1999  1607.    6.5  10.3  0.96   6.7   1.1 -99.9
'Wageningen'     5     2  1999  4445.    1.3   7.3  0.63   6.4   5.3 -99.9
'Wageningen'     6     2  1999  4892.    0.8   5.7  0.64   3.6   4.4 -99.9
'Wageningen'     7     2  1999  4836.   -1.3   4.7  0.60   4.6   2.7 -99.9
'Wageningen'     8     2  1999  5328.   -5.1   1.4  0.54   2.7   2.4 -99.9
'Wageningen'     9     2  1999  3352.   -3.5  -0.4  0.50   1.0   0.1 -99.9
'Wageningen'    10     2  1999  6709.   -3.8   3.0  0.54   2.3   0.3 -99.9
'Wageningen'    11     2  1999  6675.   -5.2   1.8  0.46   1.0   0.0 -99.9
'Wageningen'    12     2  1999  5994.   -7.6   2.0  0.38   1.0   0.0 -99.9
'Wageningen'    13     2  1999  8489.   -8.6   2.2  0.36   0.9   0.0 -99.9
'Wageningen'    14     2  1999  4927.   -8.9   0.0  0.42   1.6   0.9 -99.9
'Wageningen'    15     2  1999  2351.   -0.8   1.8  0.60   3.8   2.2 -99.9
'Wageningen'    16     2  1999  6785.    1.7   6.8  0.66   6.6   3.5 -99.9
'Wageningen'    17     2  1999  7778.   -0.7   5.5  0.53   4.8   2.5 -99.9
'Wageningen'    18     2  1999  3601.    0.4   6.5  0.70   1.7   0.2 -99.9
'Wageningen'    19     2  1999  1242.    4.9   9.5  1.01   4.0   4.8 -99.9
'Wageningen'    20     2  1999  6428.    2.4   8.2  0.75   2.6   0.0 -99.9
'Wageningen'    21     2  1999  1998.    2.6   7.5  0.77   5.3   7.2 -99.9
'Wageningen'    22     2  1999  3342.    0.6   4.4  0.62   5.4   8.8 -99.9
'Wageningen'    23     2  1999  7346.    0.8   6.8  0.66   4.2  13.2 -99.9
'Wageningen'    24     2  1999  8779.   -2.1   6.7  0.57   1.4   0.0 -99.9
'Wageningen'    25     2  1999  6582.   -2.6   6.1  0.60   3.2   0.0 -99.9
'Wageningen'    26     2  1999  2107.    4.8   7.9  0.87   3.9   0.5 -99.9
'Wageningen'    27     2  1999  2118.    4.5   7.3  0.84   4.0   1.4 -99.9
'Wageningen'    28     2  1999  8524.    3.3   9.8  0.78   5.9   0.5 -99.9
'Wageningen'     1     3  1999  1107.    5.2  11.4  1.03   6.4  21.8 -99.9
'Wageningen'     2     3  1999  1550.    5.8  12.9  1.08   4.5  18.1 -99.9
'Wageningen'     3     3  1999  6415.    6.1  11.7  0.82   5.6   0.0 -99.9
'Wageningen'     4     3  1999  3619.    4.9   9.2  0.78   3.4   2.0 -99.9
'Wageningen'     5     3  1999  6251.    4.1   8.9  0.80   2.4   1.1 -99.9
'Wageningen'     6     3  1999  3440.    3.2   7.0  0.74   4.1   1.9 -99.9
'Wageningen'     7     3  1999  2768.    1.9   4.8  0.69   5.0   1.6 -99.9
'Wageningen'     8     3  1999  3003.    3.3   6.8  0.75   3.1   5.5 -99.9
'Wageningen'     9     3  1999  1476.    3.9   5.2  0.79   1.7   1.2 -99.9
'Wageningen'    10     3  1999  5073.   -0.4   6.4  0.73   0.9   0.6 -99.9
'Wageningen'    11     3  1999 13292.   -4.1   7.9  0.57   2.8   0.0 -99.9
'Wageningen'    12     3  1999 12129.    2.1  14.9  0.79   3.9   0.0 -99.9
'Wageningen'    13     3  1999 10970.    4.7  17.4  1.01   1.8   0.0 -99.9
'Wageningen'    14     3  1999 12895.    1.7  12.3  0.93   1.1   0.0 -99.9
'Wageningen'    15     3  1999 10357.   -0.7  13.2  0.69   0.6   0.0 -99.9
'Wageningen'    16     3  1999 12147.   -2.2  10.7  0.64   1.9   0.0 -99.9
'Wageningen'    17     3  1999 12147.    3.0  12.1  0.73   1.4   0.0 -99.9
'Wageningen'    18     3  1999  8006.    1.5  12.3  0.79   2.3   4.1 -99.9
'Wageningen'    19     3  1999  6018.    1.0   9.1  0.72   2.6   0.2 -99.9
'Wageningen'    20     3  1999  4569.    1.7   8.5  0.78   2.6   0.1 -99.9
'Wageningen'    21     3  1999  2262.    5.2   7.3  0.85   4.1   3.9 -99.9
'Wageningen'    22     3  1999  5541.    3.7   7.1  0.74   3.3   3.5 -99.9
'Wageningen'    23     3  1999  2878.    3.9   9.3  0.97   3.6   3.6 -99.9
'Wageningen'    24     3  1999  4712.    3.9   9.9  0.88   3.4   0.0 -99.9
'Wageningen'    25     3  1999 14110.    4.8  16.2  0.93   3.1   0.0 -99.9
'Wageningen'    26     3  1999  7320.    7.4  13.3  1.06   2.8   3.2 -99.9
'Wageningen'    27     3  1999 12600.    2.1  12.3  0.78   1.2   0.0 -99.9
'Wageningen'    28     3  1999 16932.    2.0  11.3  0.74   1.3   0.0 -99.9
'Wageningen'    29     3  1999 17127.    2.3  15.0  0.69   2.0   0.0 -99.9
'Wageningen'    30     3  1999 11088.    7.1  16.9  1.05   2.0   0.0 -99.9
'Wageningen'    31     3  1999 15971.    6.7  18.6  1.09   1.6   0.0 -99.9
'Wageningen'     1     4  1999  3409.    4.9  14.3  0.91   2.3   1.4 -99.9
'Wageningen'     2     4  1999  7803.   10.2  16.1  0.91   4.4   0.9 -99.9
'Wageningen'     3     4  1999  9242.    5.6  12.7  0.91   4.0   8.0 -99.9
'Wageningen'     4     4  1999  7707.    3.4  10.9  0.91   2.0   0.0 -99.9
'Wageningen'     5     4  1999  3409.    4.9  14.3  0.91   2.3   1.4 -99.9
'Wageningen'     6     4  1999  7803.   10.2  16.1  0.91   4.4   0.9 -99.9
'Wageningen'     7     4  1999  9242.    5.6  12.7  0.91   4.0   8.0 -99.9
'Wageningen'     8     4  1999  7707.    3.4  10.9  0.91   2.0   0.0 -99.9
'Wageningen'     9     4  1999  6634.    3.0  13.7  1.09   1.4   0.2 -99.9
'Wageningen'    10     4  1999  4843.    8.8  12.7  1.14   3.8   4.0 -99.9
'Wageningen'    11     4  1999 14468.    5.3  11.8  0.84   3.8   0.0 -99.9
'Wageningen'    12     4  1999  9649.    5.9  12.1  0.90   4.6   9.8 -99.9
'Wageningen'    13     4  1999 12731.    0.1   9.4  0.73   4.2   8.8 -99.9
'Wageningen'    14     4  1999 13514.    0.8   7.9  0.63   2.1   1.8 -99.9
'Wageningen'    15     4  1999 15624.   -0.4   9.3  0.63   1.9   0.4 -99.9
'Wageningen'    16     4  1999 14144.   -0.2  10.1  0.66   1.4   0.0 -99.9
'Wageningen'    17     4  1999 13446.   -2.6  10.5  0.67   1.0   5.6 -99.9
'Wageningen'    18     4  1999 12384.   -0.6  10.4  0.66   1.1   0.4 -99.9
'Wageningen'    19     4  1999 16783.   -1.8  11.5  0.60   0.4   0.0 -99.9
'Wageningen'    20     4  1999 18778.    3.2  14.2  0.73   4.5   1.7 -99.9
'Wageningen'    21     4  1999 17832.    9.1  17.5  1.09   3.3   5.0 -99.9
'Wageningen'    22     4  1999  9637.    6.8  14.5  1.08   3.4   7.6 -99.9
'Wageningen'    23     4  1999 18264.    5.4  17.0  0.95   1.7   0.0 -99.9
'Wageningen'    24     4  1999 11359.    9.5  14.9  1.08   2.4   0.0 -99.9
'Wageningen'    25     4  1999 18062.    5.8  17.0  0.98   1.6   0.0 -99.9
'Wageningen'    26     4  1999 22279.   10.3  21.2  1.14   3.7   0.0 -99.9
'Wageningen'    27     4  1999 20126.    9.3  19.2  1.05   3.4   0.0 -99.9
'Wageningen'    28     4  1999 20127.    6.8  20.2  0.92   2.1   0.0 -99.9
'Wageningen'    29     4  1999 21626.    4.6  17.7  0.79   2.3   0.0 -99.9
'Wageningen'    30     4  1999 25260.    0.6  19.1  0.74   1.0   0.0 -99.9
'Wageningen'     1     5  1999 19778.    1.8  17.5  0.94   1.4   0.0 -99.9
'Wageningen'     2     5  1999 23264.    6.1  18.1  0.81   1.4   0.0 -99.9
'Wageningen'     3     5  1999 24337.    3.1  19.7  0.79   2.0   0.0 -99.9
'Wageningen'     4     5  1999 21453.    6.6  19.6  0.67   4.9   0.0 -99.9
'Wageningen'     5     5  1999  7161.   10.2  16.8  0.95   4.3  11.6 -99.9
'Wageningen'     6     5  1999  5215.    9.8  13.8  1.26   3.0   7.2 -99.9
'Wageningen'     7     5  1999 19907.   10.7  20.1  1.34   2.7   5.0 -99.9
'Wageningen'     8     5  1999 18243.   10.8  17.7  1.25   4.1   0.1 -99.9
'Wageningen'     9     5  1999 21620.    9.6  20.7  1.20   2.0   0.0 -99.9
'Wageningen'    10     5  1999  9766.   10.0  18.8  1.35   1.8   3.9 -99.9
'Wageningen'    11     5  1999 11829.   10.5  17.4  1.36   1.9   3.5 -99.9
'Wageningen'    12     5  1999 15447.    9.6  16.6  1.16   3.5   0.0 -99.9
'Wageningen'    13     5  1999 11991.    9.9  16.3  1.19   3.1   0.4 -99.9
'Wageningen'    14     5  1999 13557.    7.4  16.7  1.14   1.2   4.7 -99.9
'Wageningen'    15     5  1999 22040.    4.2  15.1  0.81   1.5   0.0 -99.9
'Wageningen'    16     5  1999 15634.    0.5  14.6  0.78   0.8   0.0 -99.9
'Wageningen'    17     5  1999 24343.    8.1  18.2  0.75   5.0   0.0 -99.9
'Wageningen'    18     5  1999 27022.   10.8  22.7  0.70   5.9   0.0 -99.9
'Wageningen'    19     5  1999 21273.   12.8  21.6  1.08   2.6   0.1 -99.9
'Wageningen'    20     5  1999 16550.   10.7  20.1  1.42   1.4  13.6 -99.9
'Wageningen'    21     5  1999 22851.    9.6  20.5  1.23   3.1   0.0 -99.9
'Wageningen'    22     5  1999 21746.    7.7  15.6  0.96   2.9   0.4 -99.9
'Wageningen'    23     5  1999 14503.    8.1  18.5  1.18   3.4   0.0 -99.9
'Wageningen'    24     5  1999  9056.   10.6  17.3  1.30   2.8   0.0 -99.9
'Wageningen'    25     5  1999 24568.    5.3  18.4  1.00   1.9   0.0 -99.9
'Wageningen'    26     5  1999 26981.    3.6  20.0  0.93   1.7   0.0 -99.9
'Wageningen'    27     5  1999 27931.    4.9  27.0  0.97   2.5   0.0 -99.9
'Wageningen'    28     5  1999 22581.   11.1  22.9  1.54   2.3   0.0 -99.9
'Wageningen'    29     5  1999 24777.    8.3  28.2  1.48   2.2  13.4 -99.9
'Wageningen'    30     5  1999 10752.   10.6  21.1  1.58   1.8   4.3 -99.9
'Wageningen'    31     5  1999 23289.    9.9  19.1  1.10   1.0   0.6 -99.9
'Wageningen'     1     6  1999 24175.    8.6  22.5  1.22   1.0   0.0 -99.9
'Wageningen'     2     6  1999 15000.   12.7  26.2  1.61   3.3   1.9 -99.9
'Wageningen'     3     6  1999 20839.   12.5  21.1  1.33   4.0   1.4 -99.9
'Wageningen'     4     6  1999 10909.   11.8  17.5  1.27   4.0   2.3 -99.9
'Wageningen'     5     6  1999 10734.    9.7  16.3  1.21   2.6  15.5 -99.9
'Wageningen'     6     6  1999 18087.    9.4  17.2  1.20   4.3   1.5 -99.9
'Wageningen'     7     6  1999 14634.    8.9  17.7  1.21   2.2   5.0 -99.9
'Wageningen'     8     6  1999 18228.    9.4  16.6  1.05   4.0   0.1 -99.9
'Wageningen'     9     6  1999 21029.    8.2  18.6  1.07   2.9  11.4 -99.9
'Wageningen'    10     6  1999 22320.    7.9  19.2  1.07   1.5   0.0 -99.9
'Wageningen'    11     6  1999 11690.    7.1  15.8  1.16   1.9   1.3 -99.9
'Wageningen'    12     6  1999 18608.    4.8  18.9  1.01   0.7  10.0 -99.9
'Wageningen'    13     6  1999 18484.    6.8  22.1  1.35   1.1   0.9 -99.9
'Wageningen'    14     6  1999 15649.   11.2  24.2  1.48   0.4   0.0 -99.9
'Wageningen'    15     6  1999 27682.    9.9  23.1  1.30   1.1   0.0 -99.9
'Wageningen'    16     6  1999 23461.   11.6  25.2  1.38   0.8   0.0 -99.9
'Wageningen'    17     6  1999 22039.   10.3  24.0  1.37   1.8   0.0 -99.9
'Wageningen'    18     6  1999 23260.    6.4  18.0  1.02   1.1   0.0 -99.9
'Wageningen'    19     6  1999 29702.    3.4  22.9  0.94   0.8   0.0 -99.9
'Wageningen'    20     6  1999  6243.    8.3  16.5  1.34   3.0   3.9 -99.9
'Wageningen'    21     6  1999 14153.    6.0  17.0  1.06   1.0   8.1 -99.9
'Wageningen'    22     6  1999 18351.    5.4  17.1  1.07   1.1   0.8 -99.9
'Wageningen'    23     6  1999 14796.    4.1  17.4  1.07   0.6   0.1 -99.9
'Wageningen'    24     6  1999 26397.    8.2  19.4  1.05   0.8   0.4 -99.9
'Wageningen'    25     6  1999 29933.    6.0  20.1  0.95   1.6   0.0 -99.9
'Wageningen'    26     6  1999 29285.    8.7  23.2  1.04   1.9   0.0 -99.9
'Wageningen'    27     6  1999 16596.   14.1  22.7  1.62   2.9   7.3 -99.9
'Wageningen'    28     6  1999 21903.   11.3  19.1  1.22   4.1   0.4 -99.9
'Wageningen'    29     6  1999  8857.   14.9  20.8  1.64   3.7   1.5 -99.9
'Wageningen'    30     6  1999 11165.    9.7  20.9  1.54   1.6   1.3 -99.9
'Wageningen'     1     7  1999 11646.   10.4  18.1  1.43   1.8   7.2 -99.9
'Wageningen'     2     7  1999 15286.   13.7  23.3  1.68   1.4   0.0 -99.9
'Wageningen'     3     7  1999 22443.   15.1  28.1  1.82   3.3   0.0 -99.9
'Wageningen'     4     7  1999 15016.   12.3  24.4  1.70   0.8  14.0 -99.9
'Wageningen'     5     7  1999  7733.   14.7  20.1  1.79   2.0  14.9 -99.9
'Wageningen'     6     7  1999 20192.   12.8  22.9  1.60   0.9   0.0 -99.9
'Wageningen'     7     7  1999 19846.   10.3  23.8  1.64   1.1   0.2 -99.9
'Wageningen'     8     7  1999 15932.   12.8  23.1  1.55   0.7   0.0 -99.9
'Wageningen'     9     7  1999 28330.   10.1  24.7  1.40   2.2   0.0 -99.9
'Wageningen'    10     7  1999 27305.   13.0  26.7  1.58   2.7   0.0 -99.9
'Wageningen'    11     7  1999 27178.   17.3  28.1  1.68   2.6   0.0 -99.9
'Wageningen'    12     7  1999 21766.   15.8  29.2  1.89   1.2   0.4 -99.9
'Wageningen'    13     7  1999 17319.   14.7  25.0  1.99   2.1   0.0 -99.9
'Wageningen'    14     7  1999 19853.   13.5  20.9  1.38   3.6   0.0 -99.9
'Wageningen'    15     7  1999 18012.   10.6  21.4  1.25   2.4   0.0 -99.9
'Wageningen'    16     7  1999 19970.    8.9  22.5  1.27   2.1   0.0 -99.9
'Wageningen'    17     7  1999 22516.   12.2  23.7  1.58   1.6   0.0 -99.9
'Wageningen'    18     7  1999 24886.   11.3  29.4  1.69   0.6   0.0 -99.9
'Wageningen'    19     7  1999 18980.   13.5  28.2  1.91   2.0   8.8 -99.9
'Wageningen'    20     7  1999 16917.   15.8  25.3  1.80   4.2   0.5 -99.9
'Wageningen'    21     7  1999 12091.   14.9  19.8  1.35   5.3   0.0 -99.9
'Wageningen'    22     7  1999  9161.   13.1  18.7  1.42   4.1   7.1 -99.9
'Wageningen'    23     7  1999 14861.   12.3  18.5  1.24   1.6   0.1 -99.9
'Wageningen'    24     7  1999 20899.   13.1  26.0  1.84   1.1   0.0 -99.9
'Wageningen'    25     7  1999 20548.   12.2  27.3  1.74   1.2   0.0 -99.9
'Wageningen'    26     7  1999 22068.   10.9  22.0  1.26   2.1   0.0 -99.9
'Wageningen'    27     7  1999 27302.    6.2  21.8  1.11   2.7   0.0 -99.9
'Wageningen'    28     7  1999 27394.   10.4  25.6  1.18   2.7   0.0 -99.9
'Wageningen'    29     7  1999 26652.   13.9  27.7  1.21   2.5   0.0 -99.9
'Wageningen'    30     7  1999 26101.   12.2  29.0  1.26   1.7   0.0 -99.9
'Wageningen'    31     7  1999 24818.   12.3  29.9  1.27   2.1   0.0 -99.9
'Wageningen'     1     8  1999 25322.   14.0  31.2  1.25   2.2   0.0 -99.9
'Wageningen'     2     8  1999 24682.   13.5  30.6  1.13   2.1   0.0 -99.9
'Wageningen'     3     8  1999 19250.   15.8  28.9  1.48   2.5   0.0 -99.9
'Wageningen'     4     8  1999 18237.   13.4  28.3  1.68   0.7   0.0 -99.9
'Wageningen'     5     8  1999 16312.   13.2  25.0  1.90   3.0   5.3 -99.9
'Wageningen'     6     8  1999 23536.   12.2  27.2  1.43   1.2   0.0 -99.9
'Wageningen'     7     8  1999  2684.   12.6  19.9  1.81   1.6  16.2 -99.9
'Wageningen'     8     8  1999  7653.   14.6  21.6  1.85   0.7   2.7 -99.9
'Wageningen'     9     8  1999 15443.   13.3  23.3  1.59   1.9   0.0 -99.9
'Wageningen'    10     8  1999 12531.   15.1  21.3  1.72   1.0   6.2 -99.9
'Wageningen'    11     8  1999 13111.    9.0  19.1  1.25   0.8   0.0 -99.9
'Wageningen'    12     8  1999 14294.    8.4  20.1  1.16   0.4   0.0 -99.9
'Wageningen'    13     8  1999 19807.    7.7  21.5  1.20   1.2   0.0 -99.9
'Wageningen'    14     8  1999 10831.   12.7  20.9  1.55   3.1  14.5 -99.9
'Wageningen'    15     8  1999 14914.   12.2  19.5  1.37   3.5   1.6 -99.9
'Wageningen'    16     8  1999 12583.   12.8  19.2  1.43   1.2   2.4 -99.9
'Wageningen'    17     8  1999  9720.   12.5  17.9  1.37   2.4   5.1 -99.9
'Wageningen'    18     8  1999 10285.   13.3  21.5  1.47   4.0   2.1 -99.9
'Wageningen'    19     8  1999 11870.   13.5  19.0  1.45   5.7   3.5 -99.9
'Wageningen'    20     8  1999 11345.   10.5  19.5  1.47   3.0   1.4 -99.9
'Wageningen'    21     8  1999 14628.    6.0  18.8  1.15   1.0   0.3 -99.9
'Wageningen'    22     8  1999 12116.    4.2  18.3  1.02   0.5  10.0 -99.9
'Wageningen'    23     8  1999 20854.    5.9  20.8  1.01   2.1   0.0 -99.9
'Wageningen'    24     8  1999 16079.   10.8  23.2  1.29   2.7   0.0 -99.9
'Wageningen'    25     8  1999 15323.   18.0  27.4  1.74   3.3   0.0 -99.9
'Wageningen'    26     8  1999 12531.   14.2  24.8  1.94   2.3   1.5 -99.9
'Wageningen'    27     8  1999 11156.   12.6  20.8  1.59   1.9   0.0 -99.9
'Wageningen'    28     8  1999 18894.    8.1  22.8  1.37   0.6   0.0 -99.9
'Wageningen'    29     8  1999 16666.    7.4  24.6  1.31   0.3   0.0 -99.9
'Wageningen'    30     8  1999 15260.   11.8  23.2  1.50   1.5   0.0 -99.9
'Wageningen'    31     8  1999  7888.   10.1  20.8  1.51   1.0   0.1 -99.9
'Wageningen'     1     9  1999  5791.   11.8  19.9  1.71   0.7   0.0 -99.9
'Wageningen'     2     9  1999 15443.   11.1  24.1  1.53   1.4   0.0 -99.9
'Wageningen'     3     9  1999 16111.   11.3  26.1  1.25   2.8   0.0 -99.9
'Wageningen'     4     9  1999 14253.    9.4  26.6  1.50   0.9   0.0 -99.9
'Wageningen'     5     9  1999 17865.    8.3  27.4  1.29   1.3   0.0 -99.9
'Wageningen'     6     9  1999 13391.   10.3  25.6  1.66   1.1   0.0 -99.9
'Wageningen'     7     9  1999 10342.   14.1  22.7  1.73   1.8   0.0 -99.9
'Wageningen'     8     9  1999 12791.   14.0  24.2  1.73   1.5   0.0 -99.9
'Wageningen'     9     9  1999 13771.   14.0  25.6  1.76   1.2   0.0 -99.9
'Wageningen'    10     9  1999 13417.   15.6  25.1  1.89   1.9   0.0 -99.9
'Wageningen'    11     9  1999 17063.   18.3  29.6  1.49   2.9   0.0 -99.9
'Wageningen'    12     9  1999 15517.   13.7  27.9  1.80   1.6   0.0 -99.9
'Wageningen'    13     9  1999 14458.   11.8  27.3  1.86   1.3   0.0 -99.9
'Wageningen'    14     9  1999  4818.   15.1  21.3  1.85   0.8   0.0 -99.9
'Wageningen'    15     9  1999  6302.   13.7  23.1  1.78   1.1   4.0 -99.9
'Wageningen'    16     9  1999 14289.   10.6  21.1  1.24   3.3   1.0 -99.9
'Wageningen'    17     9  1999  8098.   11.5  19.0  1.51   1.7   0.6 -99.9
'Wageningen'    18     9  1999 15914.   10.3  21.1  1.33   2.5   0.0 -99.9
'Wageningen'    19     9  1999  9583.   13.4  23.1  1.52   3.7   0.0 -99.9
'Wageningen'    20     9  1999  6419.   15.0  21.7  1.71   2.5   1.6 -99.9
'Wageningen'    21     9  1999  9200.   13.0  20.2  1.45   3.2   0.0 -99.9
'Wageningen'    22     9  1999  7065.   14.1  21.9  1.74   2.3   1.7 -99.9
'Wageningen'    23     9  1999 10154.   15.6  23.2  1.64   3.3   0.5 -99.9
'Wageningen'    24     9  1999 11582.   13.8  22.8  1.56   2.8   5.4 -99.9
'Wageningen'    25     9  1999 11548.   12.7  21.0  1.47   2.5   0.2 -99.9
'Wageningen'    26     9  1999  9554.   11.9  19.0  1.46   3.9   5.6 -99.9
'Wageningen'    27     9  1999  4037.   11.4  16.8  1.48   3.7   3.9 -99.9
'Wageningen'    28     9  1999  6729.   12.5  17.6  1.42   4.2   0.1 -99.9
'Wageningen'    29     9  1999  8144.   13.7  20.0  1.54   4.6   5.1 -99.9
'Wageningen'    30     9  1999  5182.   12.7  18.4  1.50   3.3   7.1 -99.9
'Wageningen'     1    10  1999  7100.   11.5  15.7  1.20   5.9   1.3 -99.9
'Wageningen'     2    10  1999  3880.    9.4  16.9  1.23   5.5   1.4 -99.9
'Wageningen'     3    10  1999  6340.    8.5  13.8  1.03   4.5   2.4 -99.9
'Wageningen'     4    10  1999  6410.    7.8  12.6  1.13   2.1   3.8 -99.9
'Wageningen'     5    10  1999  7990.    4.9  14.3  0.95   0.8   0.6 -99.9
'Wageningen'     6    10  1999  6300.    4.5  14.3  1.01   0.9   0.0 -99.9
'Wageningen'     7    10  1999  6090.    6.2  14.3  1.02   2.9   0.2 -99.9
'Wageningen'     8    10  1999  2271.   10.4  14.6  1.35   3.4   4.5 -99.9
'Wageningen'     9    10  1999  4147.   13.3  16.5  1.51   3.8   0.7 -99.9
'Wageningen'    10    10  1999  3236.   12.2  16.3  1.52   3.5   0.9 -99.9
'Wageningen'    11    10  1999  5754.    6.5  15.8  1.20   1.8   1.4 -99.9
'Wageningen'    12    10  1999  8211.    2.1  15.7  0.94   0.6   0.0 -99.9
'Wageningen'    13    10  1999  9760.    1.9  15.4  0.87   0.4   0.0 -99.9
'Wageningen'    14    10  1999  4498.    4.0  16.1  1.10   0.4   0.0 -99.9
'Wageningen'    15    10  1999  4070.    9.2  13.8  1.04   1.4   0.0 -99.9
'Wageningen'    16    10  1999 10855.    2.5  14.2  0.81   2.2   0.0 -99.9
'Wageningen'    17    10  1999 10801.    1.9  12.0  0.69   3.9   0.0 -99.9
'Wageningen'    18    10  1999 10467.    1.7  11.0  0.70   4.0   0.0 -99.9
'Wageningen'    19    10  1999  9980.    2.2  10.6  0.63   5.0   0.0 -99.9
'Wageningen'    20    10  1999  9575.    2.6  10.5  0.58   5.8   0.0 -99.9
'Wageningen'    21    10  1999  2685.    3.3   7.6  0.72   4.6   0.7 -99.9
'Wageningen'    22    10  1999  2832.    7.4  12.7  1.13   3.5   2.5 -99.9
'Wageningen'    23    10  1999  7195.   10.4  18.1  1.30   3.3   0.3 -99.9
'Wageningen'    24    10  1999  3232.    9.8  14.9  1.22   4.5   1.1 -99.9
'Wageningen'    25    10  1999  3952.    9.4  15.6  1.27   3.6   6.6 -99.9
'Wageningen'    26    10  1999  4430.    9.5  15.4  1.31   3.5   0.1 -99.9
'Wageningen'    27    10  1999  4709.    7.3  15.0  1.21   2.9   0.0 -99.9
'Wageningen'    28    10  1999  3113.    6.2  14.2  1.11   1.0   0.0 -99.9
'Wageningen'    29    10  1999  3003.    7.7  12.0  1.11   2.2   0.0 -99.9
'Wageningen'    30    10  1999  5659.    9.9  18.5  1.25   3.5   3.1 -99.9
'Wageningen'    31    10  1999  6336.    8.6  14.8  1.07   4.1   0.0 -99.9
'Wageningen'     1    11  1999  4401.    8.0  17.5  1.16   4.6  53.0 -99.9
'Wageningen'     2    11  1999  2510.    5.1  14.9  1.16   2.6   0.3 -99.9
'Wageningen'     3    11  1999  6516.    4.5  13.5  0.94   1.1   0.5 -99.9
'Wageningen'     4    11  1999  7040.    1.1  12.6  0.84   1.8   0.0 -99.9
'Wageningen'     5    11  1999  4981.    4.2  11.7  0.88   4.3   1.0 -99.9
'Wageningen'     6    11  1999  1674.    7.3  10.0  0.95   7.0  13.3 -99.9
'Wageningen'     7    11  1999  3306.    5.1  12.7  1.09   3.3   0.9 -99.9
'Wageningen'     8    11  1999  2063.    5.0  10.7  1.05   0.5   0.2 -99.9
'Wageningen'     9    11  1999  2210.    4.2  11.7  1.05   0.9   1.2 -99.9
'Wageningen'    10    11  1999  5494.    5.3  11.1  0.85   2.8   0.0 -99.9
'Wageningen'    11    11  1999  4640.    2.9   9.1  0.79   2.7   0.0 -99.9
'Wageningen'    12    11  1999  5937.   -3.5   8.2  0.63   1.0   0.0 -99.9
'Wageningen'    13    11  1999  3246.   -5.5   8.5  0.64   0.2   0.0 -99.9
'Wageningen'    14    11  1999  2747.    2.1  10.4  0.90   2.0   0.5 -99.9
'Wageningen'    15    11  1999  6498.   -5.9   6.0  0.47   0.6   0.0 -99.9
'Wageningen'    16    11  1999  3468.   -4.8   2.6  0.55   1.9   1.9 -99.9
'Wageningen'    17    11  1999  3906.    0.9   6.8  0.70   3.2   1.4 -99.9
'Wageningen'    18    11  1999  2710.   -0.3   5.7  0.64   2.1   8.8 -99.9
'Wageningen'    19    11  1999  3141.    0.4   4.1  0.63   2.2   0.0 -99.9
'Wageningen'    20    11  1999  2759.   -4.7   4.0  0.58   2.0   0.4 -99.9
'Wageningen'    21    11  1999  3810.   -3.9   4.2  0.59   0.7   1.4 -99.9
'Wageningen'    22    11  1999  1438.    0.9   7.9  0.78   4.1   2.2 -99.9
'Wageningen'    23    11  1999  2389.    3.8   9.7  0.91   1.1   0.0 -99.9
'Wageningen'    24    11  1999   517.    6.0   8.9  1.00   2.5   0.0 -99.9
'Wageningen'    25    11  1999   767.    7.2   9.8  1.02   4.0   3.6 -99.9
'Wageningen'    26    11  1999  3482.    4.3  10.8  0.93   4.3   0.0 -99.9
'Wageningen'    27    11  1999  1902.    4.0   9.6  0.89   3.4   2.7 -99.9
'Wageningen'    28    11  1999  2402.    6.3  11.4  0.90   4.3   0.0 -99.9
'Wageningen'    29    11  1999  1844.    7.2   9.4  0.90   2.7   0.0 -99.9
'Wageningen'    30    11  1999  3283.    6.7  10.2  0.91   5.4   0.0 -99.9
'Wageningen'     1    12  1999  2666.    5.1  11.2  0.96   5.6   2.0 -99.9
'Wageningen'     2    12  1999  3854.    4.9   8.3  0.76   5.8   0.1 -99.9
'Wageningen'     3    12  1999   374.    4.7   9.9  0.81   8.1   3.9 -99.9
'Wageningen'     4    12  1999  3320.    0.6   6.4  0.65   3.9   4.5 -99.9
'Wageningen'     5    12  1999  3496.    0.0   7.0  0.63   1.9   0.1 -99.9
'Wageningen'     6    12  1999   342.    1.8   9.3  0.90   7.0   1.6 -99.9
'Wageningen'     7    12  1999   901.    5.7   9.7  1.00   6.7   2.9 -99.9
'Wageningen'     8    12  1999  1890.    4.0  10.1  0.87   5.6   1.0 -99.9
'Wageningen'     9    12  1999  2557.    5.7   9.5  0.85   6.0   2.2 -99.9
'Wageningen'    10    12  1999  1669.    4.0   8.0  0.86   4.5   4.1 -99.9
'Wageningen'    11    12  1999   393.    4.1  11.5  0.96   6.4  13.9 -99.9
'Wageningen'    12    12  1999   712.    2.8  10.8  0.94   4.5  11.9 -99.9
'Wageningen'    13    12  1999  2270.    3.2   7.4  0.77   5.4   9.8 -99.9
'Wageningen'    14    12  1999  1932.    0.7   4.7  0.66   3.3   1.3 -99.9
'Wageningen'    15    12  1999  2959.   -3.0   2.5  0.55   1.2   0.8 -99.9
'Wageningen'    16    12  1999  1112.   -2.9   3.7  0.61   1.9   0.0 -99.9
'Wageningen'    17    12  1999   317.    2.4   7.3  0.79   6.0   6.9 -99.9
'Wageningen'    18    12  1999  2321.   -0.7   5.2  0.62   0.7   0.0 -99.9
'Wageningen'    19    12  1999  3107.   -3.3   3.1  0.56   1.6   0.9 -99.9
'Wageningen'    20    12  1999  3175.   -4.4   3.9  0.55   0.4   0.4 -99.9
'Wageningen'    21    12  1999  1250.   -1.0   1.6  0.59   1.9   0.0 -99.9
'Wageningen'    22    12  1999  2846.   -1.7   2.6  0.46   4.7   1.7 -99.9
'Wageningen'    23    12  1999  2283.    1.8   7.7  0.79   4.4   2.7 -99.9
'Wageningen'    24    12  1999   336.    4.4   9.6  0.92   7.0   9.8 -99.9
'Wageningen'    25    12  1999  2418.    4.0   9.8  0.77   8.0   4.0 -99.9
'Wageningen'    26    12  1999  1752.    3.1   7.3  0.77   4.6  13.2 -99.9
'Wageningen'    27    12  1999  2144.   -1.3   6.4  0.72   2.6   7.2 -99.9
'Wageningen'    28    12  1999  1956.   -1.6   4.2  0.62   0.2   0.0 -99.9
'Wageningen'    29    12  1999  1358.    0.3   5.5  0.66   1.7   2.4 -99.9
'Wageningen'    30    12  1999  1681.    1.2   3.8  0.69   2.7   2.2 -99.9
'Wageningen'    31    12  1999   742.    3.0   4.6  0.74   0.4   0.1 -99.9
