***************************************************************************
* File name: Wageni.995
* Contents: SWAP  3.0 - Meteo data of Wageningen weather station                
***************************************************************************     
* Comment area:                                                                 
*                                                                               
*                                                                               
***************************************************************************     
    Station     DD    MM  YYYY   RAD   Tmin  Tmax   HUM  WIND  RAIN ETref     
*               nr    nr    nr kJ/m2      C     C   kPa   m/s    mm    mm
'Wageningen'     1     1  1995  1638.   0.0   2.9  0.59   4.4   4.6 -99.9
'Wageningen'     2     1  1995  2789.   0.1   5.6  0.60   3.2   3.0 -99.9
'Wageningen'     3     1  1995  1663.  -4.1   2.7  0.53   1.3  10.0 -99.9
'Wageningen'     4     1  1995  5158.  -6.1   0.2  0.44   2.3   0.0 -99.9
'Wageningen'     5     1  1995  4305.  -6.0  -2.0  0.34   4.4   0.0 -99.9
'Wageningen'     6     1  1995  1803.  -4.9  -1.5  0.41   2.8   1.7 -99.9
'Wageningen'     7     1  1995  3953.  -9.3  -1.6  0.43   1.4   0.0 -99.9
'Wageningen'     8     1  1995  1105.  -3.0   2.7  0.54   3.6   3.8 -99.9
'Wageningen'     9     1  1995  2117.  -0.3   7.8  0.75   4.5   7.5 -99.9
'Wageningen'    10     1  1995  1643.   1.8   7.5  0.68   4.6   9.9 -99.9
'Wageningen'    11     1  1995  3243.   0.5   5.0  0.60   3.3   0.5 -99.9
'Wageningen'    12     1  1995  4258.  -1.6   4.9  0.59   3.2   2.1 -99.9
'Wageningen'    13     1  1995  2579.  -2.7   5.2  0.64   2.0   0.1 -99.9
'Wageningen'    14     1  1995   886.   3.7   6.8  0.85   3.0   1.4 -99.9
'Wageningen'    15     1  1995   837.   6.4   7.6  0.94   3.4   1.9 -99.9
'Wageningen'    16     1  1995  4644.   1.1   6.6  0.71   4.3   0.0 -99.9
'Wageningen'    17     1  1995  4057.   1.4   6.9  0.58   5.6   0.0 -99.9
'Wageningen'    18     1  1995  1249.   2.2   8.2  0.79   3.5   3.0 -99.9
'Wageningen'    19     1  1995  3449.   1.9   8.1  0.70   5.4   1.6 -99.9
'Wageningen'    20     1  1995  3081.   4.7  10.0  0.74   5.6   0.2 -99.9
'Wageningen'    21     1  1995  3807.   4.4   8.0  0.76   6.0   4.1 -99.9
'Wageningen'    22     1  1995  1082.   4.5  12.6  0.89   6.7  18.1 -99.9
'Wageningen'    23     1  1995  2630.   3.6   8.0  0.70   8.0   5.3 -99.9
'Wageningen'    24     1  1995  3120.   4.8   8.1  0.75   5.3   1.3 -99.9
'Wageningen'    25     1  1995  1029.   3.7  11.6  0.79   2.9   5.3 -99.9
'Wageningen'    26     1  1995   567.   1.8  12.2  0.92   6.6  11.9 -99.9
'Wageningen'    27     1  1995  3818.   0.4   4.0  0.59   5.0   8.6 -99.9
'Wageningen'    28     1  1995  2302.   3.3   9.9  0.93   6.7   8.3 -99.9
'Wageningen'    29     1  1995  1101.   6.6   9.2  0.96   4.6  14.6 -99.9
'Wageningen'    30     1  1995  5779.  -2.2   6.8  0.61   2.2   0.3 -99.9
'Wageningen'    31     1  1995  1421.  -0.5   7.0  0.60   4.8   1.0 -99.9
'Wageningen'     1     2  1995  1257.   6.9  12.7  1.06   5.5   6.1 -99.9
'Wageningen'     2     2  1995  6270.   0.4   8.0  0.69   1.9   0.0 -99.9
'Wageningen'     3     2  1995  4466.   2.6   7.9  0.70   4.1   0.7 -99.9
'Wageningen'     4     2  1995  1577.   3.2   9.5  0.95   3.5   0.0 -99.9
'Wageningen'     5     2  1995  1818.   3.0   8.5  0.89   3.1   0.0 -99.9
'Wageningen'     6     2  1995  1054.   8.1  10.1  1.02   5.3   0.7 -99.9
'Wageningen'     7     2  1995  1630.   7.8   9.1  0.86   6.0   0.0 -99.9
'Wageningen'     8     2  1995   964.   0.8   8.5  0.76   2.7  14.9 -99.9
'Wageningen'     9     2  1995  4317.  -1.8   4.4  0.53   0.9   0.0 -99.9
'Wageningen'    10     2  1995  1819.  -0.8   5.7  0.63   3.1   4.5 -99.9
'Wageningen'    11     2  1995  2052.   5.6  11.6  0.98   5.1   3.5 -99.9
'Wageningen'    12     2  1995  7558.   5.6  11.3  0.82   5.9   0.0 -99.9
'Wageningen'    13     2  1995  2614.   5.3  11.0  0.92   3.6   0.5 -99.9
'Wageningen'    14     2  1995  4667.   6.1  10.0  0.86   5.4   3.6 -99.9
'Wageningen'    15     2  1995  4830.   7.4  12.6  0.95   7.1   9.8 -99.9
'Wageningen'    16     2  1995  5225.   6.5  10.1  0.83   7.5   2.6 -99.9
'Wageningen'    17     2  1995  6510.   4.0   9.9  0.72   6.9   0.4 -99.9
'Wageningen'    18     2  1995  4668.   3.4   8.2  0.75   3.9   4.2 -99.9
'Wageningen'    19     2  1995  2405.   5.3  11.5  0.95   5.8  12.1 -99.9
'Wageningen'    20     2  1995  6086.   6.3  11.6  0.86   4.7   1.2 -99.9
'Wageningen'    21     2  1995  1623.   2.5  10.6  0.87   4.7   4.6 -99.9
'Wageningen'    22     2  1995  9815.   2.6   9.0  0.62   6.2   0.0 -99.9
'Wageningen'    23     2  1995  6084.   2.6   7.3  0.70   5.9   3.4 -99.9
'Wageningen'    24     2  1995  2775.   0.6   6.2  0.73   1.9   2.8 -99.9
'Wageningen'    25     2  1995  3523.   1.2   5.9  0.70   1.9   2.8 -99.9
'Wageningen'    26     2  1995  6873.   0.0   6.4  0.65   2.6   0.7 -99.9
'Wageningen'    27     2  1995  7554.  -1.0   7.3  0.64   5.0   2.2 -99.9
'Wageningen'    28     2  1995  2882.   6.4  11.6  0.96   7.3   0.0 -99.9
'Wageningen'     1     3  1995  4117.   4.6  10.7  0.78   7.4   0.1 -99.9
'Wageningen'     2     3  1995  7006.   2.4   5.7  0.64   5.7   1.2 -99.9
'Wageningen'     3     3  1995  7912.   0.3   5.8  0.61   7.7   3.0 -99.9
'Wageningen'     4     3  1995  8481.  -0.2   5.6  0.59   2.8   1.5 -99.9
'Wageningen'     5     3  1995  1396.   0.7   3.0  0.63   5.4   6.3 -99.9
'Wageningen'     6     3  1995  8915.   0.7   7.3  0.64   5.0   3.7 -99.9
'Wageningen'     7     3  1995 11394.   0.3   7.8  0.58   5.7   0.0 -99.9
'Wageningen'     8     3  1995  6538.   1.6   8.0  0.66   5.2   4.2 -99.9
'Wageningen'     9     3  1995 11246.   1.3   9.8  0.67   2.8   2.9 -99.9
'Wageningen'    10     3  1995 13388.   1.3  11.6  0.59   4.8   0.0 -99.9
'Wageningen'    11     3  1995 12605.   3.4  13.9  0.66   3.6   0.0 -99.9
'Wageningen'    12     3  1995 11292.   1.8  16.2  0.83   1.3   0.0 -99.9
'Wageningen'    13     3  1995 14232.   2.6  13.4  0.65   2.9   0.0 -99.9
'Wageningen'    14     3  1995 13211.   1.0   6.8  0.56   3.6   0.7 -99.9
'Wageningen'    15     3  1995  8214.   0.5   8.2  0.65   3.7   7.0 -99.9
'Wageningen'    16     3  1995 11627.   0.5   8.5  0.66   4.9   0.4 -99.9
'Wageningen'    17     3  1995  3550.   4.0  12.8  0.86   8.5   8.7 -99.9
'Wageningen'    18     3  1995 11896.   3.9  10.2  0.72   6.7   0.3 -99.9
'Wageningen'    19     3  1995 13014.   1.3   9.8  0.68   4.5   0.5 -99.9
'Wageningen'    20     3  1995  9969.   0.9   7.7  0.67   5.1   0.9 -99.9
'Wageningen'    21     3  1995 11163.  -0.5   8.3  0.62   3.2   0.2 -99.9
'Wageningen'    22     3  1995 15086.  -3.2   9.2  0.58   1.8   0.4 -99.9
'Wageningen'    23     3  1995 16154.   0.1  13.8  0.65   2.4   0.0 -99.9
'Wageningen'    24     3  1995  9950.   3.7  12.8  0.89   3.7   0.0 -99.9
'Wageningen'    25     3  1995 12363.   3.8  10.0  0.74   5.2   4.9 -99.9
'Wageningen'    26     3  1995  3942.   5.0  10.2  0.94   5.7   1.9 -99.9
'Wageningen'    27     3  1995 12698.  -0.5   8.2  0.63   5.8   6.6 -99.9
'Wageningen'    28     3  1995  5100.  -1.6   3.4  0.59   4.2   5.3 -99.9
'Wageningen'    29     3  1995 16436.  -2.6   7.4  0.53   4.0   0.9 -99.9
'Wageningen'    30     3  1995 13842.  -2.1   8.9  0.56   1.7   0.2 -99.9
'Wageningen'    31     3  1995  2004.   4.1   9.5  0.92   3.9   8.3 -99.9
'Wageningen'     1     4  1995  3560.   8.2  14.5  1.14   3.6   0.0 -99.9
'Wageningen'     2     4  1995 17682.   5.0  17.2  1.04   4.6   0.0 -99.9
'Wageningen'     3     4  1995  4743.   7.3  10.7  0.98   4.1   0.0 -99.9
'Wageningen'     4     4  1995 13257.   0.8  12.0  0.84   2.8   0.0 -99.9
'Wageningen'     5     4  1995 14685.  -2.3  14.0  0.78   2.3   0.2 -99.9
'Wageningen'     6     4  1995  7731.   7.4  13.6  1.08   3.8   0.0 -99.9
'Wageningen'     7     4  1995  7069.   4.5  14.1  0.96   4.4   0.0 -99.9
'Wageningen'     8     4  1995 12507.   2.3   9.7  0.65   3.8   0.1 -99.9
'Wageningen'     9     4  1995  8663.   1.9   8.4  0.68   2.8   1.0 -99.9
'Wageningen'    10     4  1995  3141.   5.1  10.4  0.95   2.7   5.0 -99.9
'Wageningen'    11     4  1995 11685.   5.8  14.8  0.96   1.6   0.0 -99.9
'Wageningen'    12     4  1995 14714.   5.1  14.2  0.92   2.9   0.0 -99.9
'Wageningen'    13     4  1995 10684.   6.0  13.7  0.88   2.9   0.0 -99.9
'Wageningen'    14     4  1995  6038.   4.4  11.6  0.90   1.5   0.0 -99.9
'Wageningen'    15     4  1995  4298.   1.0  11.1  0.90   2.4   1.4 -99.9
'Wageningen'    16     4  1995 12294.   4.5   9.6  0.81   3.3   1.9 -99.9
'Wageningen'    17     4  1995  3236.   6.5   9.4  0.97   5.2   4.6 -99.9
'Wageningen'    18     4  1995  8120.   0.0  10.3  0.85   4.1   6.6 -99.9
'Wageningen'    19     4  1995 16977.  -2.1   9.4  0.63   1.5   0.3 -99.9
'Wageningen'    20     4  1995 14531.   0.1   9.5  0.67   2.5   0.5 -99.9
'Wageningen'    21     4  1995 16390.  -2.6  12.8  0.68   3.1   1.1 -99.9
'Wageningen'    22     4  1995 12690.   6.0  16.8  1.08   2.5   0.3 -99.9
'Wageningen'    23     4  1995 16555.   1.3  17.8  0.98   2.3   0.0 -99.9
'Wageningen'    24     4  1995 20281.   6.9  25.6  1.10   4.0   0.0 -99.9
'Wageningen'    25     4  1995 20175.  13.4  21.9  1.22   4.3   0.0 -99.9
'Wageningen'    26     4  1995 17250.   8.0  21.0  1.08   2.6   0.2 -99.9
'Wageningen'    27     4  1995  6023.   6.2  10.0  0.88   2.6   0.0 -99.9
'Wageningen'    28     4  1995 12243.   4.4  10.9  0.65   1.6   0.0 -99.9
'Wageningen'    29     4  1995 12243.   4.4  10.9  0.65   1.6   0.0 -99.9
'Wageningen'    30     4  1995  6142.   5.9  13.9  1.02   1.4   0.0 -99.9
'Wageningen'     1     5  1995 22040.   2.2  19.4  1.01   1.5   0.0 -99.9
'Wageningen'     2     5  1995 22610.   4.3  20.9  1.00   2.6   0.0 -99.9
'Wageningen'     3     5  1995 23830.   6.9  22.3  1.03   1.8   0.0 -99.9
'Wageningen'     4     5  1995 23110.   5.4  25.0  1.09   1.3   0.0 -99.9
'Wageningen'     5     5  1995 22130.   7.1  27.2  1.17   1.0   0.0 -99.9
'Wageningen'     6     5  1995 22895.   4.9  23.7  1.21   1.4   0.0 -99.9
'Wageningen'     7     5  1995 23650.   5.4  23.7  1.22   1.8   0.0 -99.9
'Wageningen'     8     5  1995 13020.   8.8  15.5  1.06   3.9   0.7 -99.9
'Wageningen'     9     5  1995 12947.   5.9  12.3  1.01   3.7   3.9 -99.9
'Wageningen'    10     5  1995 13860.   3.3  12.5  0.93   1.9   1.1 -99.9
'Wageningen'    11     5  1995 16036.   3.0  11.7  0.80   1.7   0.0 -99.9
'Wageningen'    12     5  1995 16518.   5.4  12.0  0.72   3.5   0.0 -99.9
'Wageningen'    13     5  1995 15609.   4.0  12.9  0.74   3.6   0.0 -99.9
'Wageningen'    14     5  1995 19172.   1.3  12.7  0.62   2.6   0.0 -99.9
'Wageningen'    15     5  1995 17695.   2.3  14.5  0.74   2.9   0.1 -99.9
'Wageningen'    16     5  1995 18296.   0.9  15.5  0.73   2.9   0.0 -99.9
'Wageningen'    17     5  1995  8245.   8.4  16.7  1.08   3.4  14.1 -99.9
'Wageningen'    18     5  1995  8922.   2.9  10.5  0.89   2.4   1.0 -99.9
'Wageningen'    19     5  1995 18106.   1.0  14.0  0.85   2.3   6.2 -99.9
'Wageningen'    20     5  1995 19558.   3.4  16.2  0.91   2.2   0.8 -99.9
'Wageningen'    21     5  1995 18180.   1.3  14.0  0.70   1.6   0.0 -99.9
'Wageningen'    22     5  1995 25095.   2.1  18.2  0.84   1.9   0.0 -99.9
'Wageningen'    23     5  1995 21154.   7.0  22.1  1.06   1.7   0.0 -99.9
'Wageningen'    24     5  1995 17514.   8.5  25.0  1.45   1.9   1.2 -99.9
'Wageningen'    25     5  1995 17743.  13.2  21.7  1.51   1.7  14.8 -99.9
'Wageningen'    26     5  1995 22192.  12.9  21.6  1.33   1.7   4.8 -99.9
'Wageningen'    27     5  1995 19213.  10.6  21.1  1.38   2.5   0.0 -99.9
'Wageningen'    28     5  1995 14067.  13.6  24.0  1.59   2.6  39.1 -99.9
'Wageningen'    29     5  1995 23447.   9.1  20.1  1.33   2.1   0.0 -99.9
'Wageningen'    30     5  1995 23745.   8.0  20.4  1.16   1.4   0.0 -99.9
'Wageningen'    31     5  1995 22904.   9.4  19.5  1.28   1.8   0.0 -99.9
'Wageningen'     1     6  1995 20362.   6.2  17.4  1.16   1.8   0.2 -99.9
'Wageningen'     2     6  1995 12453.   4.3  16.1  1.05   1.7   0.1 -99.9
'Wageningen'     3     6  1995 19790.   5.2  19.4  1.12   2.0   1.1 -99.9
'Wageningen'     4     6  1995 13211.  11.0  17.7  1.33   2.4   2.0 -99.9
'Wageningen'     5     6  1995 19609.   9.3  18.4  1.24   1.8   0.0 -99.9
'Wageningen'     6     6  1995 12555.   8.9  15.3  1.16   1.8   0.0 -99.9
'Wageningen'     7     6  1995  6230.   6.5  13.8  1.17   3.2   5.2 -99.9
'Wageningen'     8     6  1995 21089.   5.8  14.9  0.99   5.0   0.0 -99.9
'Wageningen'     9     6  1995  7677.   9.2  11.5  1.11   4.6  13.0 -99.9
'Wageningen'    10     6  1995 14917.   9.4  14.3  1.17   4.1  10.9 -99.9
'Wageningen'    11     6  1995 15928.   9.3  15.9  1.11   2.3   3.6 -99.9
'Wageningen'    12     6  1995  9576.   9.6  14.8  1.12   1.5   2.3 -99.9
'Wageningen'    13     6  1995 20564.   8.6  17.8  1.10   1.6   0.0 -99.9
'Wageningen'    14     6  1995  9970.   9.8  13.8  1.19   3.2   0.3 -99.9
'Wageningen'    15     6  1995  5489.   9.4  13.2  1.17   3.4   3.8 -99.9
'Wageningen'    16     6  1995  7334.   8.8  13.0  1.12   3.1   0.6 -99.9
'Wageningen'    17     6  1995  5566.   9.9  14.1  1.32   4.1   6.6 -99.9
'Wageningen'    18     6  1995 22546.   8.7  19.3  1.29   3.0   0.7 -99.9
'Wageningen'    19     6  1995 27481.   8.5  21.6  1.36   2.5   0.0 -99.9
'Wageningen'    20     6  1995 21573.  12.7  26.3  1.60   1.0   0.0 -99.9
'Wageningen'    21     6  1995 20030.   8.8  21.4  1.46   2.1   0.0 -99.9
'Wageningen'    22     6  1995 21792.   5.7  16.4  1.01   2.7   0.0 -99.9
'Wageningen'    23     6  1995 15056.   9.1  18.7  1.21   1.9   0.0 -99.9
'Wageningen'    24     6  1995 20916.  10.3  21.9  1.24   1.9   0.0 -99.9
'Wageningen'    25     6  1995 28391.  12.3  25.4  1.57   2.1   0.0 -99.9
'Wageningen'    26     6  1995 24540.  13.1  27.5  1.71   1.8   0.0 -99.9
'Wageningen'    27     6  1995 28772.  12.8  27.9  1.59   2.8   0.0 -99.9
'Wageningen'    28     6  1995 28101.  16.0  28.5  1.75   2.4   0.0 -99.9
'Wageningen'    29     6  1995 29761.  11.3  26.2  1.44   1.7   0.0 -99.9
'Wageningen'    30     6  1995 29761.  11.3  26.2  1.44   1.7   0.0 -99.9
'Wageningen'     1     7  1995 22013.  12.9  23.1  1.32   2.6   6.2 -99.9
'Wageningen'     2     7  1995 23181.  11.1  25.3  1.61   2.1   0.0 -99.9
'Wageningen'     3     7  1995  4871.  10.4  19.5  1.54   2.2   6.8 -99.9
'Wageningen'     4     7  1995 15425.  10.2  19.5  1.22   3.6   0.0 -99.9
'Wageningen'     5     7  1995 21809.   9.8  21.2  1.29   1.2   0.0 -99.9
'Wageningen'     6     7  1995 22616.  12.0  23.4  1.53   2.1   0.0 -99.9
'Wageningen'     7     7  1995 27688.  10.4  25.6  1.51   1.5   0.0 -99.9
'Wageningen'     8     7  1995 22729.  12.7  29.1  1.78   1.8   0.0 -99.9
'Wageningen'     9     7  1995 24915.  16.4  29.8  2.08   2.2   0.0 -99.9
'Wageningen'    10     7  1995 25648.  17.0  32.5  2.03   2.2   0.0 -99.9
'Wageningen'    11     7  1995 22653.  17.2  30.9  2.12   2.7   0.0 -99.9
'Wageningen'    12     7  1995 19697.  15.0  26.9  1.91   1.9   0.0 -99.9
'Wageningen'    13     7  1995 26334.  14.8  29.3  1.60   1.6   0.0 -99.9
'Wageningen'    14     7  1995 20789.  15.9  25.3  1.83   3.2  12.5 -99.9
'Wageningen'    15     7  1995 19690.  15.6  23.8  1.70   3.5   1.2 -99.9
'Wageningen'    16     7  1995 14344.  14.3  22.2  1.61   2.7   2.4 -99.9
'Wageningen'    17     7  1995 15805.  14.2  21.2  1.59   3.4   0.0 -99.9
'Wageningen'    18     7  1995  5448.  16.4  19.2  1.83   4.1   2.9 -99.9
'Wageningen'    19     7  1995  9122.  15.3  23.3  2.05   2.6   0.0 -99.9
'Wageningen'    20     7  1995 22621.  15.1  29.3  2.05   1.1   0.0 -99.9
'Wageningen'    21     7  1995 23804.  14.2  32.8  2.06   1.9  12.5 -99.9
'Wageningen'    22     7  1995 21093.  11.0  20.9  1.40   2.1   0.0 -99.9
'Wageningen'    23     7  1995 27511.   7.3  22.0  1.14   1.1   0.0 -99.9
'Wageningen'    24     7  1995 25167.  10.6  25.8  1.36   1.5   0.0 -99.9
'Wageningen'    25     7  1995 27374.  13.7  26.3  1.39   3.0   0.0 -99.9
'Wageningen'    26     7  1995 24823.  14.7  31.9  1.66   3.6   0.6 -99.9
'Wageningen'    27     7  1995  8557.  16.1  23.7  2.00   2.1  11.9 -99.9
'Wageningen'    28     7  1995 13414.  14.9  24.9  1.89   1.3   0.0 -99.9
'Wageningen'    29     7  1995 24814.  13.0  28.1  1.77   1.5   0.0 -99.9
'Wageningen'    30     7  1995 24698.  15.8  30.7  1.75   2.0   0.0 -99.9
'Wageningen'    31     7  1995 25090.  15.5  32.8  1.51   2.7   0.0 -99.9
'Wageningen'     1     8  1995 25086.  19.2  32.2  1.68   3.0   0.0 -99.9
'Wageningen'     2     8  1995 26036.  18.2  29.7  1.50   4.2   0.0 -99.9
'Wageningen'     3     8  1995 19769.  13.2  29.4  1.54   1.4   0.0 -99.9
'Wageningen'     4     8  1995 24041.  13.4  23.9  1.50   1.5   0.0 -99.9
'Wageningen'     5     8  1995 25894.   9.3  27.5  1.44   1.6   0.0 -99.9
'Wageningen'     6     8  1995 21838.  14.5  27.1  1.91   2.0   0.0 -99.9
'Wageningen'     7     8  1995  9598.  13.8  20.3  1.34   1.9   0.0 -99.9
'Wageningen'     8     8  1995 20111.  13.6  24.6  1.25   2.2   0.0 -99.9
'Wageningen'     9     8  1995 24423.   8.8  26.8  1.23   1.9   0.0 -99.9
'Wageningen'    10     8  1995 24400.   8.7  28.6  1.22   2.6   0.0 -99.9
'Wageningen'    11     8  1995 23387.  14.9  31.5  1.35   2.7   0.0 -99.9
'Wageningen'    12     8  1995 22109.  14.8  30.5  1.57   2.4   0.0 -99.9
'Wageningen'    13     8  1995  8850.  14.0  23.5  1.82   2.3   0.0 -99.9
'Wageningen'    14     8  1995 14663.  10.4  21.8  1.39   1.3   0.0 -99.9
'Wageningen'    15     8  1995 18259.   7.9  23.8  1.39   1.0   0.0 -99.9
'Wageningen'    16     8  1995 17730.  10.9  25.0  1.62   1.5   0.0 -99.9
'Wageningen'    17     8  1995 22593.  14.5  27.6  1.51   2.3   0.0 -99.9
'Wageningen'    18     8  1995 21521.  14.5  29.7  1.46   2.5   0.0 -99.9
'Wageningen'    19     8  1995 20442.  14.2  31.7  1.58   1.9   0.0 -99.9
'Wageningen'    20     8  1995 17348.  15.3  28.8  1.62   1.7   0.0 -99.9
'Wageningen'    21     8  1995 19377.  11.4  27.9  1.63   1.6   0.0 -99.9
'Wageningen'    22     8  1995 20090.  14.0  31.1  1.73   1.7   0.0 -99.9
'Wageningen'    23     8  1995 16061.  14.9  29.3  1.89   1.7   0.0 -99.9
'Wageningen'    24     8  1995 14451.  14.3  23.7  1.59   2.0   0.0 -99.9
'Wageningen'    25     8  1995 10522.  15.2  23.8  1.73   4.2   1.5 -99.9
'Wageningen'    26     8  1995 11442.  13.4  20.9  1.42   3.1   2.5 -99.9
'Wageningen'    27     8  1995 10020.   8.7  18.2  1.30   3.2   1.9 -99.9
'Wageningen'    28     8  1995 16118.  10.2  18.4  1.24   3.3   3.6 -99.9
'Wageningen'    29     8  1995 11520.  10.3  18.1  1.20   2.6   0.9 -99.9
'Wageningen'    30     8  1995 19469.   7.2  18.7  1.10   2.0   0.0 -99.9
'Wageningen'    31     8  1995 16844.   7.3  19.6  1.06   1.5   0.0 -99.9
'Wageningen'     1     9  1995 17318.   7.9  20.3  1.25   2.5   0.0 -99.9
'Wageningen'     2     9  1995  6652.  13.2  19.1  1.53   2.1   4.2 -99.9
'Wageningen'     3     9  1995 14232.  10.2  19.5  1.30   2.4   0.1 -99.9
'Wageningen'     4     9  1995 10184.   9.8  18.7  1.30   4.1   0.8 -99.9
'Wageningen'     5     9  1995 13349.  10.8  19.8  1.28   2.8   0.0 -99.9
'Wageningen'     6     9  1995 11960.  10.2  20.3  1.17   2.8   0.0 -99.9
'Wageningen'     7     9  1995  7840.  12.9  21.6  1.51   4.0   1.8 -99.9
'Wageningen'     8     9  1995  2676.  14.5  17.0  1.58   5.6  13.2 -99.9
'Wageningen'     9     9  1995  9671.  13.4  19.9  1.41   5.5   0.0 -99.9
'Wageningen'    10     9  1995 10847.  13.2  22.1  1.50   2.7   0.0 -99.9
'Wageningen'    11     9  1995  6926.  12.0  20.6  1.54   4.1  15.2 -99.9
'Wageningen'    12     9  1995 12181.  10.3  20.6  1.33   2.0   0.0 -99.9
'Wageningen'    13     9  1995  8151.  10.1  19.0  1.41   0.9   0.0 -99.9
'Wageningen'    14     9  1995 14625.  10.1  20.6  1.28   2.0   0.0 -99.9
'Wageningen'    15     9  1995  7008.  12.7  19.3  1.36   2.1   1.1 -99.9
'Wageningen'    16     9  1995 11872.  11.5  20.3  1.41   2.7   0.4 -99.9
'Wageningen'    17     9  1995 11342.  11.6  21.3  1.35   2.1   0.0 -99.9
'Wageningen'    18     9  1995 11947.   8.1  23.0  1.35   2.2   0.0 -99.9
'Wageningen'    19     9  1995 14645.  12.0  22.1  1.33   3.2   0.0 -99.9
'Wageningen'    20     9  1995 10552.   6.3  17.9  1.11   1.9   0.0 -99.9
'Wageningen'    21     9  1995  6943.   5.4  16.8  1.27   0.9   4.2 -99.9
'Wageningen'    22     9  1995  6238.  10.7  17.5  1.42   1.4   0.0 -99.9
'Wageningen'    23     9  1995  5561.  10.8  17.0  1.44   1.1   0.4 -99.9
'Wageningen'    24     9  1995 10607.  11.4  18.9  1.31   4.0   2.4 -99.9
'Wageningen'    25     9  1995 12886.  10.1  18.4  1.17   2.7   0.0 -99.9
'Wageningen'    26     9  1995  1839.  10.4  15.0  1.36   4.5  16.7 -99.9
'Wageningen'    27     9  1995  6996.   7.5  16.1  1.14   3.8  17.8 -99.9
'Wageningen'    28     9  1995  8321.   4.5  11.9  0.90   2.9   3.6 -99.9
'Wageningen'    29     9  1995  8207.   6.1  13.7  0.97   3.3   2.1 -99.9
'Wageningen'    30     9  1995  3875.   6.5  12.0  1.05   1.5   2.2 -99.9
'Wageningen'     1    10  1995  3062.   8.8  17.1  1.30   3.5   3.0 -99.9
'Wageningen'     2    10  1995  9821.   8.2  16.5  1.25   2.2   0.0 -99.9
'Wageningen'     3    10  1995  5686.  11.0  19.3  1.56   2.5   0.3 -99.9
'Wageningen'     4    10  1995 10732.  14.3  21.2  1.68   3.5   9.1 -99.9
'Wageningen'     5    10  1995  4748.   8.7  17.3  1.41   1.9   1.2 -99.9
'Wageningen'     6    10  1995 12366.   8.4  18.8  1.18   2.9   0.0 -99.9
'Wageningen'     7    10  1995  4262.  13.1  18.1  1.55   2.7   1.0 -99.9
'Wageningen'     8    10  1995 11483.  12.6  23.0  1.64   2.0   0.0 -99.9
'Wageningen'     9    10  1995 10606.  10.0  22.9  1.57   1.5   0.0 -99.9
'Wageningen'    10    10  1995 10230.   9.8  23.7  1.57   0.9   0.1 -99.9
'Wageningen'    11    10  1995  7444.  13.8  19.5  1.67   1.5   0.0 -99.9
'Wageningen'    12    10  1995  5783.  11.4  19.5  1.56   1.4   0.0 -99.9
'Wageningen'    13    10  1995  5189.   9.3  19.3  1.51   1.5   0.0 -99.9
'Wageningen'    14    10  1995  9257.   7.0  18.5  1.36   1.8   0.2 -99.9
'Wageningen'    15    10  1995  8377.  11.0  20.2  1.55   1.8   0.0 -99.9
'Wageningen'    16    10  1995  5176.  11.2  17.8  1.45   1.2   0.0 -99.9
'Wageningen'    17    10  1995  7610.  11.2  16.8  1.44   3.0   1.1 -99.9
'Wageningen'    18    10  1995  4309.   6.4  16.6  1.28   1.6   0.0 -99.9
'Wageningen'    19    10  1995  5849.  10.1  14.9  1.18   3.5   0.0 -99.9
'Wageningen'    20    10  1995  2458.   1.8  15.4  1.17   2.5   1.3 -99.9
'Wageningen'    21    10  1995  7739.  -0.2  14.0  0.74   0.7   0.0 -99.9
'Wageningen'    22    10  1995  9087.   0.2  12.2  0.76   1.9   0.0 -99.9
'Wageningen'    23    10  1995  8609.   4.0  16.2  1.02   2.7   0.0 -99.9
'Wageningen'    24    10  1995  8467.  10.4  20.1  1.12   4.2   0.0 -99.9
'Wageningen'    25    10  1995  6368.   7.6  17.8  1.08   3.6   0.0 -99.9
'Wageningen'    26    10  1995  4599.   7.8  16.4  1.30   3.1   1.2 -99.9
'Wageningen'    27    10  1995  1531.   9.3  16.6  1.47   2.8   3.3 -99.9
'Wageningen'    28    10  1995  6792.   0.6  13.8  0.93   0.9   0.0 -99.9
'Wageningen'    29    10  1995  8063.  -1.3  13.0  0.73   1.1   0.1 -99.9
'Wageningen'    30    10  1995  5844.  -0.1  12.5  0.79   1.0   0.0 -99.9
'Wageningen'    31    10  1995  4844.  -0.9  10.8  0.89   1.9   0.6 -99.9
'Wageningen'     1    11  1995  1834.   3.6  11.7  1.04   1.8   2.2 -99.9
'Wageningen'     2    11  1995  4873.  -0.3  11.1  0.90   1.9   0.1 -99.9
'Wageningen'     3    11  1995  4547.  -0.7  10.2  0.82   3.1   3.0 -99.9
'Wageningen'     4    11  1995  7006.  -4.4   5.9  0.50   1.3   0.4 -99.9
'Wageningen'     5    11  1995  7988.  -6.7   5.5  0.45   0.8  10.0 -99.9
'Wageningen'     6    11  1995  5134.  -4.7   5.8  0.51   2.4   0.0 -99.9
'Wageningen'     7    11  1995   815.   1.3   7.7  0.84   1.6   0.3 -99.9
'Wageningen'     8    11  1995  1169.   5.7  12.5  1.08   1.6   1.3 -99.9
'Wageningen'     9    11  1995  1744.   8.7  12.6  1.19   2.5   0.2 -99.9
'Wageningen'    10    11  1995  2965.   6.3  10.0  0.97   2.8   0.0 -99.9
'Wageningen'    11    11  1995  3917.   9.2  14.1  0.94   3.8   0.0 -99.9
'Wageningen'    12    11  1995  4975.   6.3  15.2  0.82   4.7   0.0 -99.9
'Wageningen'    13    11  1995  4983.   3.7   9.4  0.81   2.9   0.0 -99.9
'Wageningen'    14    11  1995  2178.   7.3  12.4  1.08   2.9   0.9 -99.9
'Wageningen'    15    11  1995   901.   6.3  10.5  1.04   3.2   3.4 -99.9
'Wageningen'    16    11  1995  1638.   5.7  11.9  1.04   4.3   4.2 -99.9
'Wageningen'    17    11  1995  3011.   0.0   6.1  0.68   2.0   1.9 -99.9
'Wageningen'    18    11  1995  4611.  -2.3   6.1  0.62   2.9   1.3 -99.9
'Wageningen'    19    11  1995  2447.   3.2   7.7  0.81   3.6  12.7 -99.9
'Wageningen'    20    11  1995  5368.  -2.4   8.7  0.69   1.5   0.0 -99.9
'Wageningen'    21    11  1995  4973.  -0.4   5.1  0.47   3.9   0.0 -99.9
'Wageningen'    22    11  1995  2042.   1.6   8.9  0.78   2.4   0.0 -99.9
'Wageningen'    23    11  1995  3302.   7.5  11.7  1.04   3.5   0.5 -99.9
'Wageningen'    24    11  1995  1775.   7.4  10.9  0.94   3.9   0.0 -99.9
'Wageningen'    25    11  1995  4426.   5.8  13.0  0.93   3.7   0.0 -99.9
'Wageningen'    26    11  1995  3366.   4.8  12.3  0.83   3.8   0.0 -99.9
'Wageningen'    27    11  1995  1904.   4.8   8.6  0.90   2.5   0.0 -99.9
'Wageningen'    28    11  1995  3361.   2.5  10.4  0.91   1.4   0.0 -99.9
'Wageningen'    29    11  1995  1122.   3.7   6.3  0.83   1.6   0.0 -99.9
'Wageningen'    30    11  1995  1276.   0.8   4.7  0.69   3.4   0.0 -99.9
'Wageningen'     1    12  1995   779.   0.8   3.8  0.64   3.2   0.0 -99.9
'Wageningen'     2    12  1995  1075.   0.6   4.1  0.69   3.0   0.0 -99.9
'Wageningen'     3    12  1995  1045.  -1.2   3.3  0.60   3.0   0.0 -99.9
'Wageningen'     4    12  1995  2616.  -2.7   1.6  0.48   3.8   0.0 -99.9
'Wageningen'     5    12  1995  3261.  -4.2  -2.4  0.32   4.7   0.0 -99.9
'Wageningen'     6    12  1995  2017.  -5.3  -2.9  0.32   4.6   0.0 -99.9
'Wageningen'     7    12  1995  2599.  -4.0  -0.3  0.42   3.0   0.0 -99.9
'Wageningen'     8    12  1995  3111.  -4.9   0.9  0.49   2.3   0.0 -99.9
'Wageningen'     9    12  1995   914.  -0.9   2.0  0.56   1.4   0.1 -99.9
'Wageningen'    10    12  1995  1218.  -2.9  -0.6  0.53   1.2   0.0 -99.9
'Wageningen'    11    12  1995   842.  -3.7   2.6  0.57   0.9   0.4 -99.9
'Wageningen'    12    12  1995  3254.   1.3   4.2  0.67   2.3   0.0 -99.9
'Wageningen'    13    12  1995  3795.  -3.9   3.7  0.53   1.7   0.0 -99.9
'Wageningen'    14    12  1995  1726.  -2.0   1.5  0.52   4.6   0.0 -99.9
'Wageningen'    15    12  1995  1498.  -3.9   0.7  0.44   4.3   0.0 -99.9
'Wageningen'    16    12  1995  3118.  -3.9   1.0  0.47   3.7   0.0 -99.9
'Wageningen'    17    12  1995  1468.  -3.9  -0.3  0.51   2.6   0.0 -99.9
'Wageningen'    18    12  1995   655.  -1.1   2.4  0.62   1.2   1.1 -99.9
'Wageningen'    19    12  1995   689.   0.1   2.9  0.66   1.0   0.3 -99.9
'Wageningen'    20    12  1995  1261.  -4.4   3.5  0.60   1.3  11.3 -99.9
'Wageningen'    21    12  1995  1554.  -3.7  -0.1  0.50   2.7   0.5 -99.9
'Wageningen'    22    12  1995   369.  -0.4  10.7  0.93   4.5  13.9 -99.9
'Wageningen'    23    12  1995   654.   0.5  10.1  0.89   2.8   7.5 -99.9
'Wageningen'    24    12  1995  2979.  -5.8   1.6  0.50   1.7   0.0 -99.9
'Wageningen'    25    12  1995  1407.  -7.2   2.1  0.51   3.0   0.3 -99.9
'Wageningen'    26    12  1995  1553.  -8.3   1.8  0.52   2.1   2.9 -99.9
'Wageningen'    27    12  1995  3889. -13.8  -2.1  0.30   0.6   0.0 -99.9
'Wageningen'    28    12  1995  4632. -15.6  -2.4  0.26   0.5   0.0 -99.9
'Wageningen'    29    12  1995  4651. -14.7  -0.6  0.23   1.9   0.0 -99.9
'Wageningen'    30    12  1995  3010.  -7.7  -2.6  0.27   5.2   0.0 -99.9
'Wageningen'    31    12  1995   958.  -2.8  -0.8  0.49   3.6   0.3 -99.9
