***************************************************************************
* File name: Wageni.996
* Contents: SWAP  3.0 - Meteo data of Wageningen weather station                
***************************************************************************     
* Comment area:                                                                 
*                                                                               
*                                                                               
***************************************************************************     
    Station     DD    MM  YYYY   RAD   Tmin  Tmax   HUM  WIND  RAIN ETref     
*               nr    nr    nr kJ/m2      C     C   kPa   m/s    mm    mm
'Wageningen'     1     1  1996   882.  -2.5   0.0  0.52   2.5   0.1 -99.9
'Wageningen'     2     1  1996  2857.  -3.5   0.1  0.45   2.3   0.0 -99.9
'Wageningen'     3     1  1996  1995.  -4.4   0.3  0.44   2.2   0.0 -99.9
'Wageningen'     4     1  1996  2984.  -1.7   1.6  0.51   4.2   0.0 -99.9
'Wageningen'     5     1  1996  3773.  -3.7   1.3  0.36   5.0   0.0 -99.9
'Wageningen'     6     1  1996  2528.  -5.8  -1.1  0.36   5.0   0.0 -99.9
'Wageningen'     7     1  1996   918.  -1.1   6.6  0.73   3.3   4.1 -99.9
'Wageningen'     8     1  1996  2447.   2.5   7.2  0.77   3.5   0.0 -99.9
'Wageningen'     9     1  1996   664.   3.1   6.9  0.75   4.2   1.7 -99.9
'Wageningen'    10     1  1996  1364.   4.4   7.6  0.85   2.6   0.2 -99.9
'Wageningen'    11     1  1996  1712.   3.1   8.8  0.81   4.0   0.2 -99.9
'Wageningen'    12     1  1996  2639.   7.2  10.3  0.92   3.5   0.0 -99.9
'Wageningen'    13     1  1996  2826.   5.1  10.8  0.92   3.1   0.0 -99.9
'Wageningen'    14     1  1996  3628.   1.7   9.2  0.78   3.0   0.0 -99.9
'Wageningen'    15     1  1996  4104.   0.3   6.9  0.68   2.7   0.0 -99.9
'Wageningen'    16     1  1996  1401.  -0.3   2.8  0.65   2.3   0.0 -99.9
'Wageningen'    17     1  1996  1131.  -0.8   1.6  0.61   2.8   0.0 -99.9
'Wageningen'    18     1  1996   979.  -1.9  -0.4  0.53   2.5   0.0 -99.9
'Wageningen'    19     1  1996   844.  -3.0  -0.8  0.49   3.5   0.0 -99.9
'Wageningen'    20     1  1996  1483.  -3.1   0.1  0.42   4.9   0.0 -99.9
'Wageningen'    21     1  1996  2898.  -1.8   0.0  0.37   5.4   0.0 -99.9
'Wageningen'    22     1  1996  4495.  -3.5   1.5  0.37   5.5   0.0 -99.9
'Wageningen'    23     1  1996  4226.  -5.4  -1.7  0.31   5.8   0.0 -99.9
'Wageningen'    24     1  1996  3170.  -6.1  -1.4  0.31   6.4   0.0 -99.9
'Wageningen'    25     1  1996  4867. -10.3  -6.1  0.18   6.0   0.0 -99.9
'Wageningen'    26     1  1996  1246. -10.1  -7.8  0.21   5.5   0.0 -99.9
'Wageningen'    27     1  1996  2317.  -7.9  -3.1  0.28   4.5   0.0 -99.9
'Wageningen'    28     1  1996  5918.  -7.9  -1.3  0.27   5.4   0.0 -99.9
'Wageningen'    29     1  1996  5430.  -6.5   0.3  0.35   5.1   0.0 -99.9
'Wageningen'    30     1  1996  6091.  -5.1   2.1  0.37   4.7   0.0 -99.9
'Wageningen'    31     1  1996  6583.  -5.6   3.2  0.34   3.9   0.0 -99.9
'Wageningen'     1     2  1996  6403.  -6.8   3.7  0.31   2.4   0.0 -99.9
'Wageningen'     2     2  1996  2163.  -9.1   3.3  0.43   1.6   0.1 -99.9
'Wageningen'     3     2  1996  2931.  -4.1   0.9  0.47   2.2   0.0 -99.9
'Wageningen'     4     2  1996  5938.  -2.4   2.3  0.44   1.5   0.0 -99.9
'Wageningen'     5     2  1996  4219.  -4.1   1.2  0.45   2.2   1.1 -99.9
'Wageningen'     6     2  1996  7835.  -6.5  -1.3  0.33   5.4   0.0 -99.9
'Wageningen'     7     2  1996  2055.  -8.3  -3.5  0.26   4.6   0.0 -99.9
'Wageningen'     8     2  1996  4907. -15.5  -5.0  0.23   1.7   0.2 -99.9
'Wageningen'     9     2  1996  3117. -15.9   1.6  0.34   3.3   0.0 -99.9
'Wageningen'    10     2  1996  2383.  -0.3   5.7  0.61   4.2   0.5 -99.9
'Wageningen'    11     2  1996  1094.   2.3   5.3  0.76   4.0   7.5 -99.9
'Wageningen'    12     2  1996  1066.   1.8   5.0  0.73   4.5  17.2 -99.9
'Wageningen'    13     2  1996   785.   0.6   1.9  0.62   4.0   0.0 -99.9
'Wageningen'    14     2  1996  1428.  -1.5   0.8  0.51   2.9   0.0 -99.9
'Wageningen'    15     2  1996  3665.  -2.1   2.5  0.52   3.7   0.3 -99.9
'Wageningen'    16     2  1996  1440.   2.3   8.2  0.78   5.5   1.7 -99.9
'Wageningen'    17     2  1996  2540.   1.9   7.1  0.66   6.0   0.3 -99.9
'Wageningen'    18     2  1996  3697.   1.6   7.1  0.73   5.8  17.8 -99.9
'Wageningen'    19     2  1996  2285.  -1.7   3.1  0.59   3.7   0.9 -99.9
'Wageningen'    20     2  1996  2814.  -5.3  -1.7  0.37   5.4  10.1 -99.9
'Wageningen'    21     2  1996 10402.  -7.7  -1.2  0.31   2.8   0.0 -99.9
'Wageningen'    22     2  1996  6377.  -7.2   0.7  0.43   1.7   0.0 -99.9
'Wageningen'    23     2  1996  8803.  -3.7   2.2  0.47   3.3   0.0 -99.9
'Wageningen'    24     2  1996  3004.  -1.2   5.4  0.63   5.0   2.0 -99.9
'Wageningen'    25     2  1996  3202.   5.1   9.6  0.81   4.9   0.5 -99.9
'Wageningen'    26     2  1996  4247.   0.2   8.3  0.78   2.0   3.6 -99.9
'Wageningen'    27     2  1996  5204.   0.2   8.8  0.71   1.1   0.0 -99.9
'Wageningen'    28     2  1996  4299.   1.1   6.3  0.72   2.7   1.9 -99.9
'Wageningen'    29     2  1996  6955.  -0.4   7.3  0.66   2.1   0.0 -99.9
'Wageningen'     1     3  1996  3461.  -3.1   4.6  0.65   2.5   0.5 -99.9
'Wageningen'     2     3  1996  7988.  -4.1   3.8  0.53   1.7   0.7 -99.9
'Wageningen'     3     3  1996  7856.  -3.9   5.3  0.57   1.4   0.1 -99.9
'Wageningen'     4     3  1996  3541.  -4.6   3.9  0.64   2.3   1.4 -99.9
'Wageningen'     5     3  1996  2453.   0.8   3.9  0.67   2.1   0.4 -99.9
'Wageningen'     6     3  1996  4968.   1.6   6.8  0.75   2.4   1.2 -99.9
'Wageningen'     7     3  1996  3935.   1.1   8.3  0.63   5.1   0.0 -99.9
'Wageningen'     8     3  1996 12353.   1.5   7.7  0.52   5.2   0.0 -99.9
'Wageningen'     9     3  1996 12822.  -0.6   7.9  0.47   5.0   0.0 -99.9
'Wageningen'    10     3  1996 13483.  -1.3   7.9  0.41   4.2   0.0 -99.9
'Wageningen'    11     3  1996 10207.  -5.1   3.1  0.35   4.2   2.7 -99.9
'Wageningen'    12     3  1996 13553.  -5.0   1.5  0.32   4.7   0.0 -99.9
'Wageningen'    13     3  1996 13247.  -5.9   2.9  0.35   4.1   0.0 -99.9
'Wageningen'    14     3  1996 13004.  -3.5   5.4  0.43   6.0   0.0 -99.9
'Wageningen'    15     3  1996  8650.  -0.3   8.2  0.51   4.7   0.0 -99.9
'Wageningen'    16     3  1996  7717.  -0.5   9.2  0.63   4.1   0.0 -99.9
'Wageningen'    17     3  1996  4735.   3.0   7.9  0.68   2.6   0.0 -99.9
'Wageningen'    18     3  1996  5483.   2.7   8.0  0.70   2.2   0.0 -99.9
'Wageningen'    19     3  1996  4006.  -0.4   7.9  0.73   1.2   0.0 -99.9
'Wageningen'    20     3  1996 12165.  -3.6  13.5  0.65   1.3   0.0 -99.9
'Wageningen'    21     3  1996  7015.   3.1  13.3  0.96   2.4   2.2 -99.9
'Wageningen'    22     3  1996  2934.   4.0   8.7  0.99   1.7   0.0 -99.9
'Wageningen'    23     3  1996  3648.   3.9  10.8  1.08   2.5   0.2 -99.9
'Wageningen'    24     3  1996  5210.   4.1   8.6  0.87   2.7   0.0 -99.9
'Wageningen'    25     3  1996 14254.   3.2  11.9  0.76   4.0   0.0 -99.9
'Wageningen'    26     3  1996  3614.  -2.3   5.7  0.62   3.5   0.0 -99.9
'Wageningen'    27     3  1996 19080.  -4.2   8.4  0.40   2.3   0.0 -99.9
'Wageningen'    28     3  1996  8755.  -3.5   8.5  0.55   3.5   1.2 -99.9
'Wageningen'    29     3  1996  9683.  -0.5   7.5  0.67   2.9   2.5 -99.9
'Wageningen'    30     3  1996 12287.  -2.0   6.7  0.57   2.6   1.0 -99.9
'Wageningen'    31     3  1996 11770.  -4.0   6.2  0.55   2.1   0.4 -99.9
'Wageningen'     1     4  1996 16827.  -7.1   7.0  0.42   1.7   0.0 -99.9
'Wageningen'     2     4  1996 12514.  -6.4   5.6  0.48   1.8   0.0 -99.9
'Wageningen'     3     4  1996 18106.  -4.4   8.5  0.49   3.2   0.0 -99.9
'Wageningen'     4     4  1996 17299.  -0.2  11.9  0.46   3.8   0.0 -99.9
'Wageningen'     5     4  1996 16745.   0.0  13.2  0.67   4.3   0.0 -99.9
'Wageningen'     6     4  1996  9205.   0.9  13.5  0.81   2.4   0.0 -99.9
'Wageningen'     7     4  1996 14820.  -1.8  14.3  0.78   1.9   0.0 -99.9
'Wageningen'     8     4  1996  6642.   0.6   9.9  0.76   1.8   0.0 -99.9
'Wageningen'     9     4  1996  9138.  -0.1  14.4  0.86   1.4   0.0 -99.9
'Wageningen'    10     4  1996  7717.   7.5  13.9  1.10   1.9   5.3 -99.9
'Wageningen'    11     4  1996  1927.   2.1  10.5  1.04   2.3   3.5 -99.9
'Wageningen'    12     4  1996 21025.  -1.0   7.1  0.44   4.0   0.0 -99.9
'Wageningen'    13     4  1996 18602.  -3.0  11.2  0.58   2.4   0.0 -99.9
'Wageningen'    14     4  1996 19055.  -3.2  12.7  0.60   2.1   0.0 -99.9
'Wageningen'    15     4  1996 21432.  -3.5  17.1  0.62   1.6   0.0 -99.9
'Wageningen'    16     4  1996 20338.   5.9  18.9  0.71   2.6   0.0 -99.9
'Wageningen'    17     4  1996 18836.   7.6  20.5  0.85   3.5   0.0 -99.9
'Wageningen'    18     4  1996 14733.   5.7  17.9  0.97   2.8   0.0 -99.9
'Wageningen'    19     4  1996 20238.   7.5  20.8  1.01   2.5   0.0 -99.9
'Wageningen'    20     4  1996 15638.   5.4  25.0  0.93   2.2   0.0 -99.9
'Wageningen'    21     4  1996 22655.  11.5  24.8  0.82   2.9   0.0 -99.9
'Wageningen'    22     4  1996 16442.  13.5  25.0  1.04   3.1   0.0 -99.9
'Wageningen'    23     4  1996  9044.   8.7  20.0  1.09   4.5   0.0 -99.9
'Wageningen'    24     4  1996 18019.   4.9  16.4  0.95   2.9   0.1 -99.9
'Wageningen'    25     4  1996 15671.   4.2  16.5  0.89   2.8   0.0 -99.9
'Wageningen'    26     4  1996 14133.   4.1  17.5  1.05   2.2   0.0 -99.9
'Wageningen'    27     4  1996 19969.   1.6  20.6  1.02   1.1   0.0 -99.9
'Wageningen'    28     4  1996 18248.   1.5  16.1  0.92   2.5   0.0 -99.9
'Wageningen'    29     4  1996 12855.  -0.7  12.2  0.69   1.2   0.0 -99.9
'Wageningen'    30     4  1996 20344.  -1.9  15.0  0.69   1.4   0.0 -99.9
'Wageningen'     1     5  1996 12405.   2.5  18.2  0.97   1.8   1.1 -99.9
'Wageningen'     2     5  1996  9191.   7.3  14.6  1.13   1.5   3.7 -99.9
'Wageningen'     3     5  1996 11165.   7.0  12.8  0.99   2.0   2.9 -99.9
'Wageningen'     4     5  1996 10685.   0.9  10.1  0.72   2.6   0.8 -99.9
'Wageningen'     5     5  1996 13967.   0.7  10.4  0.65   1.4   0.0 -99.9
'Wageningen'     6     5  1996 21075.  -3.3  13.8  0.63   2.3   0.0 -99.9
'Wageningen'     7     5  1996 24797.   4.4  16.8  0.73   4.4   0.0 -99.9
'Wageningen'     8     5  1996 16840.   0.6  15.0  0.69   3.2   0.0 -99.9
'Wageningen'     9     5  1996 15236.   2.6  13.9  0.69   3.5   0.1 -99.9
'Wageningen'    10     5  1996  5278.   5.0   8.6  0.78   2.1   0.0 -99.9
'Wageningen'    11     5  1996  6475.   5.7  10.9  0.87   1.6   0.0 -99.9
'Wageningen'    12     5  1996  5623.   6.6  11.1  0.92   1.9   0.0 -99.9
'Wageningen'    13     5  1996  5604.   6.6  11.0  0.91   1.9   0.0 -99.9
'Wageningen'    14     5  1996  6908.   7.5  12.7  0.96   2.2   0.0 -99.9
'Wageningen'    15     5  1996 10320.   2.4  12.9  0.74   2.4   0.0 -99.9
'Wageningen'    16     5  1996 19722.  -0.6  12.7  0.67   2.7   1.6 -99.9
'Wageningen'    17     5  1996 11790.   6.1  15.3  1.02   3.0   2.1 -99.9
'Wageningen'    18     5  1996  7731.   6.4  16.1  1.18   2.2   0.1 -99.9
'Wageningen'    19     5  1996 16000.   3.6  16.3  1.03   2.7   0.6 -99.9
'Wageningen'    20     5  1996 25568.   2.7  16.4  0.80   2.0   0.0 -99.9
'Wageningen'    21     5  1996 20856.   3.6  18.4  0.93   2.3   0.3 -99.9
'Wageningen'    22     5  1996 12227.   5.1  16.5  1.00   3.3   1.1 -99.9
'Wageningen'    23     5  1996 10266.   9.9  16.8  1.22   4.7   3.3 -99.9
'Wageningen'    24     5  1996 13226.  11.8  20.1  1.34   4.7   2.7 -99.9
'Wageningen'    25     5  1996  9066.   9.4  15.2  1.21   2.8   7.7 -99.9
'Wageningen'    26     5  1996 17440.   8.7  18.0  1.15   4.3   1.7 -99.9
'Wageningen'    27     5  1996  6790.   5.8  14.5  1.14   4.0   4.0 -99.9
'Wageningen'    28     5  1996 23876.   4.3  15.7  0.81   2.3   0.0 -99.9
'Wageningen'    29     5  1996 15628.  11.0  21.8  1.37   3.6   0.0 -99.9
'Wageningen'    30     5  1996 23606.  11.1  26.8  1.47   2.4   0.0 -99.9
'Wageningen'    31     5  1996 23161.  10.9  21.1  1.34   3.6   0.0 -99.9
'Wageningen'     1     6  1996 18536.   5.6  18.9  1.07   2.9   0.0 -99.9
'Wageningen'     2     6  1996 20931.   4.9  20.7  0.98   1.5   0.0 -99.9
'Wageningen'     3     6  1996 25761.   7.3  21.4  1.07   1.6   0.0 -99.9
'Wageningen'     4     6  1996 22101.  12.1  22.2  1.25   2.2   0.0 -99.9
'Wageningen'     5     6  1996 27173.   9.4  28.0  1.38   2.9   0.0 -99.9
'Wageningen'     6     6  1996 27182.  16.3  30.7  1.61   1.8   0.0 -99.9
'Wageningen'     7     6  1996 23151.  13.8  33.3  1.82   2.0   0.0 -99.9
'Wageningen'     8     6  1996 19535.  15.9  30.8  1.99   2.7  16.1 -99.9
'Wageningen'     9     6  1996  9208.  10.9  17.9  1.45   2.6   0.0 -99.9
'Wageningen'    10     6  1996 26378.  11.2  26.8  1.48   2.0   0.0 -99.9
'Wageningen'    11     6  1996 27149.  14.9  26.1  1.70   2.2   0.3 -99.9
'Wageningen'    12     6  1996 19312.   6.7  20.0  1.24   3.1   0.0 -99.9
'Wageningen'    13     6  1996 24344.   5.3  19.8  0.98   1.9   0.0 -99.9
'Wageningen'    14     6  1996 15937.   5.1  17.0  0.98   1.4   0.0 -99.9
'Wageningen'    15     6  1996 28959.   1.8  21.5  0.92   1.8   0.0 -99.9
'Wageningen'    16     6  1996 29238.   5.5  22.0  1.13   1.6   0.0 -99.9
'Wageningen'    17     6  1996 28861.   6.5  25.2  1.10   2.2   0.0 -99.9
'Wageningen'    18     6  1996 20985.  10.3  20.3  1.10   2.2   0.0 -99.9
'Wageningen'    19     6  1996  8572.  11.0  15.0  1.08   3.7   0.0 -99.9
'Wageningen'    20     6  1996 17421.   7.1  16.5  0.96   2.3   0.2 -99.9
'Wageningen'    21     6  1996 13764.   5.3  15.2  0.97   3.1   0.1 -99.9
'Wageningen'    22     6  1996 13125.   7.3  15.8  1.12   2.6   0.6 -99.9
'Wageningen'    23     6  1996  8742.   9.7  14.9  1.09   2.1   0.0 -99.9
'Wageningen'    24     6  1996  8048.   8.9  14.4  1.16   1.9   0.0 -99.9
'Wageningen'    25     6  1996  8652.  10.7  15.1  1.20   1.0   0.0 -99.9
'Wageningen'    26     6  1996 23095.  10.7  21.8  1.25   1.7   0.0 -99.9
'Wageningen'    27     6  1996 10285.   9.9  19.5  1.39   1.5   0.3 -99.9
'Wageningen'    28     6  1996 13338.  10.8  21.3  1.38   2.9   0.5 -99.9
'Wageningen'    29     6  1996  9046.  11.7  15.9  1.31   4.8  10.5 -99.9
'Wageningen'    30     6  1996  9345.  12.4  17.6  1.31   4.7   0.0 -99.9
'Wageningen'     1     7  1996 11845.  10.0  18.2  1.30   4.0   8.7 -99.9
'Wageningen'     2     7  1996 17514.   9.9  18.0  1.22   4.1   1.3 -99.9
'Wageningen'     3     7  1996 15546.   9.8  20.9  1.31   4.0   1.3 -99.9
'Wageningen'     4     7  1996 14990.  13.1  19.5  1.37   5.5   3.7 -99.9
'Wageningen'     5     7  1996 11053.  10.6  17.3  1.33   1.8   1.3 -99.9
'Wageningen'     6     7  1996 10961.   8.1  16.6  1.28   2.1   1.7 -99.9
'Wageningen'     7     7  1996 27178.   6.7  19.4  1.11   1.6   0.0 -99.9
'Wageningen'     8     7  1996 18754.   7.3  17.5  1.06   2.7   0.0 -99.9
'Wageningen'     9     7  1996 13880.   8.1  18.6  1.28   3.7   2.4 -99.9
'Wageningen'    10     7  1996 12721.  11.5  18.8  1.38   2.3   2.5 -99.9
'Wageningen'    11     7  1996 19886.  10.4  24.1  1.56   2.2   0.0 -99.9
'Wageningen'    12     7  1996 16655.  10.4  21.5  1.61   1.7   0.0 -99.9
'Wageningen'    13     7  1996 17007.  12.4  22.1  1.62   2.9   0.0 -99.9
'Wageningen'    14     7  1996  4767.  13.8  19.1  1.77   2.5   0.0 -99.9
'Wageningen'    15     7  1996 26323.   9.2  20.8  1.22   1.9   0.0 -99.9
'Wageningen'    16     7  1996 23955.   7.1  19.8  1.11   2.0   0.0 -99.9
'Wageningen'    17     7  1996 26454.   7.4  21.6  1.15   1.8   0.0 -99.9
'Wageningen'    18     7  1996 14091.   5.7  17.3  1.12   1.6   0.0 -99.9
'Wageningen'    19     7  1996 21931.   5.8  22.5  1.17   1.1   0.0 -99.9
'Wageningen'    20     7  1996 27066.   5.9  26.1  1.08   1.7   0.0 -99.9
'Wageningen'    21     7  1996 25837.  14.6  27.9  1.24   2.1   0.0 -99.9
'Wageningen'    22     7  1996 25428.  15.7  28.8  1.41   2.5   0.0 -99.9
'Wageningen'    23     7  1996 16622.  16.7  28.3  1.69   4.3   0.0 -99.9
'Wageningen'    24     7  1996 10056.  13.2  18.9  1.63   4.8   6.0 -99.9
'Wageningen'    25     7  1996 11452.  14.0  19.5  1.56   3.3   3.5 -99.9
'Wageningen'    26     7  1996 22252.  12.5  22.9  1.44   1.1   0.0 -99.9
'Wageningen'    27     7  1996 11170.  10.1  22.9  1.53   1.3   0.0 -99.9
'Wageningen'    28     7  1996 23731.   5.1  21.9  1.18   1.6   0.0 -99.9
'Wageningen'    29     7  1996 16228.  13.3  24.0  1.58   2.1   0.0 -99.9
'Wageningen'    30     7  1996 16923.  11.2  23.4  1.70   2.7   0.8 -99.9
'Wageningen'    31     7  1996  8005.  16.0  20.8  1.68   3.2   0.2 -99.9
'Wageningen'     1     8  1996 13579.  10.7  21.2  1.43   3.2   0.0 -99.9
'Wageningen'     2     8  1996 19380.   8.9  22.3  1.29   1.9   0.0 -99.9
'Wageningen'     3     8  1996 16776.   6.3  21.7  1.22   1.1   0.0 -99.9
'Wageningen'     4     8  1996 26297.   7.0  23.9  1.15   2.5   0.0 -99.9
'Wageningen'     5     8  1996 25669.  13.6  25.3  1.20   4.2   0.0 -99.9
'Wageningen'     6     8  1996  9607.  13.0  21.4  1.53   3.7   9.1 -99.9
'Wageningen'     7     8  1996  9061.  11.1  18.3  1.36   2.6   0.0 -99.9
'Wageningen'     8     8  1996 21600.  10.3  23.5  1.31   1.7   0.0 -99.9
'Wageningen'     9     8  1996 18457.  11.5  27.9  1.46   2.5   0.0 -99.9
'Wageningen'    10     8  1996  9570.  17.7  26.0  1.71   2.2   0.0 -99.9
'Wageningen'    11     8  1996 13834.  13.3  24.3  1.67   2.1   8.8 -99.9
'Wageningen'    12     8  1996  5853.  12.3  20.1  1.73   1.7   4.2 -99.9
'Wageningen'    13     8  1996  8342.  14.0  21.7  1.71   2.1   2.7 -99.9
'Wageningen'    14     8  1996 10667.  14.1  21.5  1.70   1.5   0.1 -99.9
'Wageningen'    15     8  1996 12360.  12.7  21.7  1.63   1.9   0.1 -99.9
'Wageningen'    16     8  1996  6474.  10.7  19.7  1.54   0.7   0.0 -99.9
'Wageningen'    17     8  1996 13159.   9.2  22.3  1.43   1.0   0.0 -99.9
'Wageningen'    18     8  1996 20331.   8.1  26.8  1.55   1.7   0.0 -99.9
'Wageningen'    19     8  1996 21298.  17.7  29.0  1.62   3.5   0.0 -99.9
'Wageningen'    20     8  1996 20892.  18.1  30.2  1.66   3.5   0.0 -99.9
'Wageningen'    21     8  1996  6861.  15.1  20.9  1.92   1.7   1.2 -99.9
'Wageningen'    22     8  1996 17802.  10.5  24.3  1.44   1.3   0.0 -99.9
'Wageningen'    23     8  1996 14048.  12.6  25.8  1.63   3.1   2.8 -99.9
'Wageningen'    24     8  1996 12764.  13.3  22.5  1.46   3.1   1.4 -99.9
'Wageningen'    25     8  1996 14750.  11.5  21.0  1.39   3.1   4.5 -99.9
'Wageningen'    26     8  1996 13396.  11.8  20.3  1.36   1.7   0.4 -99.9
'Wageningen'    27     8  1996 10746.   8.0  22.3  1.35   1.2   1.3 -99.9
'Wageningen'    28     8  1996  5150.  10.0  17.9  1.46   2.0  21.8 -99.9
'Wageningen'    29     8  1996  4538.  13.2  16.9  1.49   4.3  11.0 -99.9
'Wageningen'    30     8  1996 10584.  13.2  19.4  1.46   3.9   1.9 -99.9
'Wageningen'    31     8  1996 11954.   7.8  17.2  1.18   2.1   1.7 -99.9
'Wageningen'     1     9  1996  9854.   6.5  17.1  1.22   1.3   0.3 -99.9
'Wageningen'     2     9  1996 16647.   5.3  20.7  1.07   0.8   0.0 -99.9
'Wageningen'     3     9  1996 18843.   5.2  20.6  1.12   2.0   0.0 -99.9
'Wageningen'     4     9  1996 10507.   6.6  18.8  1.24   1.4   0.0 -99.9
'Wageningen'     5     9  1996 20049.   6.3  20.9  1.09   2.1   0.0 -99.9
'Wageningen'     6     9  1996 16037.   4.5  19.5  1.06   1.4   0.0 -99.9
'Wageningen'     7     9  1996 17537.   2.1  18.7  0.86   1.2   0.0 -99.9
'Wageningen'     8     9  1996 14763.   2.7  18.2  0.94   1.1   0.0 -99.9
'Wageningen'     9     9  1996 14932.   3.6  21.3  1.12   1.0   0.0 -99.9
'Wageningen'    10     9  1996  6719.   7.0  16.5  1.24   2.0   0.8 -99.9
'Wageningen'    11     9  1996  6660.   6.8  15.6  1.13   2.0   0.9 -99.9
'Wageningen'    12     9  1996 12300.   6.6  16.8  1.12   3.6   9.0 -99.9
'Wageningen'    13     9  1996 10506.   7.3  15.9  1.17   3.1  10.7 -99.9
'Wageningen'    14     9  1996  9039.   8.4  16.7  1.25   1.9   0.1 -99.9
'Wageningen'    15     9  1996  9583.   5.8  16.8  1.15   0.9   0.0 -99.9
'Wageningen'    16     9  1996 16779.   4.0  18.0  0.95   1.8   0.0 -99.9
'Wageningen'    17     9  1996 17384.   2.8  16.9  0.85   3.0   0.0 -99.9
'Wageningen'    18     9  1996 12918.   8.4  15.8  0.94   4.6   0.0 -99.9
'Wageningen'    19     9  1996 13200.   8.0  14.4  0.99   5.1   0.0 -99.9
'Wageningen'    20     9  1996 10810.   7.2  15.6  0.98   4.6   0.0 -99.9
'Wageningen'    21     9  1996  8149.   6.6  13.6  0.90   3.8   0.0 -99.9
'Wageningen'    22     9  1996  1927.   8.8   9.8  1.06   2.4   1.1 -99.9
'Wageningen'    23     9  1996  3375.   8.6  11.8  1.10   1.1   2.3 -99.9
'Wageningen'    24     9  1996  8494.   7.0  15.3  1.06   0.9   0.0 -99.9
'Wageningen'    25     9  1996 11664.   6.2  18.5  1.12   1.4   0.0 -99.9
'Wageningen'    26     9  1996 11971.   7.8  19.4  1.20   2.1   0.2 -99.9
'Wageningen'    27     9  1996  9534.  10.5  18.5  1.32   3.6  10.7 -99.9
'Wageningen'    28     9  1996  6567.   8.7  17.5  1.26   3.2   0.1 -99.9
'Wageningen'    29     9  1996  2379.  11.8  18.6  1.45   5.9   6.4 -99.9
'Wageningen'    30     9  1996  6142.   9.9  18.7  1.51   3.4   8.9 -99.9
'Wageningen'     1    10  1996  3269.   7.9  12.2  1.12   1.3   8.6 -99.9
'Wageningen'     2    10  1996  9766.   4.0  15.7  0.97   0.9   0.0 -99.9
'Wageningen'     3    10  1996 10048.   4.5  16.9  1.05   3.5   0.0 -99.9
'Wageningen'     4    10  1996 10470.   8.1  15.3  1.04   4.0   1.2 -99.9
'Wageningen'     5    10  1996  6873.   3.9  13.5  0.99   2.0   0.1 -99.9
'Wageningen'     6    10  1996 12791.   1.0  15.8  0.87   0.9   0.0 -99.9
'Wageningen'     7    10  1996 12195.   1.2  16.9  0.87   1.1   0.0 -99.9
'Wageningen'     8    10  1996  9170.   0.4  17.0  0.98   0.6   0.0 -99.9
'Wageningen'     9    10  1996  3245.   8.9  14.6  1.27   1.3   0.0 -99.9
'Wageningen'    10    10  1996  2656.   5.9  13.2  1.17   0.8   2.6 -99.9
'Wageningen'    11    10  1996  4118.   5.8  13.2  1.09   1.0   0.0 -99.9
'Wageningen'    12    10  1996  4519.   4.0  13.8  1.07   1.8   0.0 -99.9
'Wageningen'    13    10  1996 10098.   7.5  18.3  1.17   2.7   0.0 -99.9
'Wageningen'    14    10  1996  9904.  12.4  20.5  1.25   3.3   0.0 -99.9
'Wageningen'    15    10  1996  4209.   9.4  16.8  1.30   2.0   0.0 -99.9
'Wageningen'    16    10  1996  5278.   5.9  13.2  1.02   0.8   0.0 -99.9
'Wageningen'    17    10  1996  8041.   4.4  14.9  0.93   1.3   0.1 -99.9
'Wageningen'    18    10  1996  8844.   3.9  14.1  0.95   3.1   1.4 -99.9
'Wageningen'    19    10  1996  8925.   7.3  15.2  1.09   3.4   1.7 -99.9
'Wageningen'    20    10  1996  1345.   8.9  14.9  1.34   2.9  11.9 -99.9
'Wageningen'    21    10  1996  4777.   7.1  15.4  1.23   2.9   4.6 -99.9
'Wageningen'    22    10  1996  6427.   3.6  15.3  1.02   1.1   0.0 -99.9
'Wageningen'    23    10  1996  8088.   3.7  14.4  0.93   3.0   0.0 -99.9
'Wageningen'    24    10  1996  8729.   5.5  15.9  0.89   3.9   0.0 -99.9
'Wageningen'    25    10  1996  5140.   7.2  13.7  1.10   2.5   0.0 -99.9
'Wageningen'    26    10  1996  6032.   7.3  14.6  1.09   3.0   0.7 -99.9
'Wageningen'    27    10  1996  1118.   6.6  14.9  1.17   5.2   6.6 -99.9
'Wageningen'    28    10  1996  1961.  11.6  15.0  1.24   5.9   0.7 -99.9
'Wageningen'    29    10  1996  4248.   7.8  13.4  1.03   6.4   6.9 -99.9
'Wageningen'    30    10  1996  3543.   5.8  11.4  0.89   4.1   0.0 -99.9
'Wageningen'    31    10  1996  2465.   7.5  12.1  1.00   5.1   8.6 -99.9
'Wageningen'     1    11  1996  3011.   7.7  13.2  1.17   3.7   1.2 -99.9
'Wageningen'     2    11  1996   750.  11.2  14.9  1.40   6.5   2.5 -99.9
'Wageningen'     3    11  1996   690.  12.8  14.1  1.41   6.1   8.2 -99.9
'Wageningen'     4    11  1996  1005.  11.5  14.0  1.31   6.3   4.6 -99.9
'Wageningen'     5    11  1996  2944.   7.4  11.9  1.01   6.2   6.5 -99.9
'Wageningen'     6    11  1996  3478.   8.2  13.8  1.02   8.8   3.9 -99.9
'Wageningen'     7    11  1996  1058.   6.2  10.9  1.04   3.9  15.9 -99.9
'Wageningen'     8    11  1996  6244.   3.0  10.2  0.77   2.5   0.0 -99.9
'Wageningen'     9    11  1996  4981.   4.6  10.8  0.88   3.8   0.0 -99.9
'Wageningen'    10    11  1996  1054.   5.1   8.4  0.93   3.7   8.0 -99.9
'Wageningen'    11    11  1996  1356.   3.3  10.6  0.94   2.8   5.4 -99.9
'Wageningen'    12    11  1996  2658.   5.5  10.4  1.03   1.7   0.2 -99.9
'Wageningen'    13    11  1996  3605.   0.7   9.0  0.77   1.9   1.7 -99.9
'Wageningen'    14    11  1996  5362.  -3.3  10.1  0.63   0.9   0.0 -99.9
'Wageningen'    15    11  1996  5743.  -4.9   4.8  0.56   1.7   0.0 -99.9
'Wageningen'    16    11  1996  3916.  -0.7   7.7  0.68   1.1   0.0 -99.9
'Wageningen'    17    11  1996  1368.  -1.6   2.8  0.62   3.1   0.0 -99.9
'Wageningen'    18    11  1996  1079.   1.4   5.7  0.72   2.0   6.2 -99.9
'Wageningen'    19    11  1996  3116.   0.8   5.6  0.68   3.9   6.0 -99.9
'Wageningen'    20    11  1996   976.   3.2   7.3  0.80   3.8   3.2 -99.9
'Wageningen'    21    11  1996  3456.   0.9   6.5  0.69   4.5  10.2 -99.9
'Wageningen'    22    11  1996  4626.  -0.4   6.7  0.64   5.0   0.0 -99.9
'Wageningen'    23    11  1996  1666.  -0.7   2.7  0.61   2.6   5.0 -99.9
'Wageningen'    24    11  1996  1817.  -1.3   3.4  0.64   3.4   0.8 -99.9
'Wageningen'    25    11  1996   372.   1.0   5.7  0.76   4.1  11.4 -99.9
'Wageningen'    26    11  1996   620.  -0.6   6.1  0.71   2.5   0.1 -99.9
'Wageningen'    27    11  1996  2414.  -3.1   2.6  0.56   1.4   0.0 -99.9
'Wageningen'    28    11  1996  2332.  -2.0   5.2  0.62   1.2   0.0 -99.9
'Wageningen'    29    11  1996   586.  -0.3   5.6  0.71   4.3   9.2 -99.9
'Wageningen'    30    11  1996  1676.   0.2   6.1  0.71   2.4   8.5 -99.9
'Wageningen'     1    12  1996  1529.   0.3   8.2  0.72   3.4   1.4 -99.9
'Wageningen'     2    12  1996  1585.   3.9   7.7  0.79   5.1   1.4 -99.9
'Wageningen'     3    12  1996   575.   2.5   8.0  0.84   5.4  10.3 -99.9
'Wageningen'     4    12  1996  3581.   3.4   8.2  0.82   3.9   0.2 -99.9
'Wageningen'     5    12  1996  1357.   3.8   6.8  0.81   1.2   0.7 -99.9
'Wageningen'     6    12  1996  1969.   3.9   6.7  0.83   1.8   0.0 -99.9
'Wageningen'     7    12  1996  1415.   4.0   6.3  0.84   1.8   0.1 -99.9
'Wageningen'     8    12  1996  1006.   0.2   4.1  0.66   2.1   0.0 -99.9
'Wageningen'     9    12  1996   376.  -0.6   0.5  0.55   2.6   0.0 -99.9
'Wageningen'    10    12  1996   320.  -0.8   0.9  0.54   2.0   0.0 -99.9
'Wageningen'    11    12  1996   379.  -1.5  -0.7  0.54   1.6   0.0 -99.9
'Wageningen'    12    12  1996   303.  -1.4   0.0  0.55   1.2   0.0 -99.9
'Wageningen'    13    12  1996  1120.  -4.3   3.7  0.58   1.0   0.0 -99.9
'Wageningen'    14    12  1996  3138.  -5.4   3.1  0.52   2.6   0.0 -99.9
'Wageningen'    15    12  1996   761.   1.9   8.4  0.83   4.0   0.0 -99.9
'Wageningen'    16    12  1996  1081.   3.6   6.3  0.85   2.0   0.0 -99.9
'Wageningen'    17    12  1996   614.   2.2   4.1  0.71   1.7   0.0 -99.9
'Wageningen'    18    12  1996  1426.   2.4   8.3  0.87   2.0   0.2 -99.9
'Wageningen'    19    12  1996   409.   3.4   8.1  0.91   4.1  24.0 -99.9
'Wageningen'    20    12  1996  1009.  -2.7   3.4  0.50   5.3   0.0 -99.9
'Wageningen'    21    12  1996  3823.  -5.4  -1.2  0.32   4.0   0.0 -99.9
'Wageningen'    22    12  1996  2306.  -6.1   2.1  0.25   3.7   0.0 -99.9
'Wageningen'    23    12  1996  2306.  -6.1   2.1  0.25   3.7   0.0 -99.9
'Wageningen'    24    12  1996  3723.  -4.7  -0.3  0.30   5.2   0.0 -99.9
'Wageningen'    25    12  1996  4019.  -7.8  -1.6  0.33   3.5   0.0 -99.9
'Wageningen'    26    12  1996  1287.  -8.2  -0.4  0.39   2.5   0.0 -99.9
'Wageningen'    27    12  1996  4114.  -9.7  -0.5  0.37   1.8   0.0 -99.9
'Wageningen'    28    12  1996  1549.  -9.6  -3.6  0.30   3.0   0.0 -99.9
'Wageningen'    29    12  1996  3816. -12.3  -4.7  0.22   2.7   0.0 -99.9
'Wageningen'    30    12  1996   759. -11.5  -0.2  0.36   2.2   1.9 -99.9
'Wageningen'    31    12  1996  1402.  -6.7  -0.4  0.46   3.6   0.0 -99.9
