***************************************************************************
* File name: Wageni.970
* Contents: SWAP  3.0 - Meteo data of Wageningen weather station                
***************************************************************************     
* Comment area:                                                                 
*                                                                               
*                                                                               
***************************************************************************     
    Station   DD MM YYYY     RAD   Tmin   Tmax    HUM   WIND   RAIN   ETref     
*             nr nr   nr   kJ/m2      C      C    kPa    m/s     mm      mm     
 'Wageningen'  1  1 1970   2428.  -11.6   -1.0   0.23    0.0    0.2   -99.9
 'Wageningen'  2  1 1970    335.  -12.4    3.0   0.67    6.0    2.4   -99.9
 'Wageningen'  3  1 1970    879.   -1.0    0.7   0.58    2.0    0.6   -99.9
 'Wageningen'  4  1 1970   4438.   -6.8   -2.0   0.38    0.0    0.0   -99.9
 'Wageningen'  5  1 1970   1633.   -9.8    0.4   0.44    0.0    0.2   -99.9
 'Wageningen'  6  1 1970   1675.   -6.3    0.3   0.57    7.0    1.8   -99.9
 'Wageningen'  7  1 1970   2093.   -3.9   -1.2   0.52    0.0    0.0   -99.9
 'Wageningen'  8  1 1970   2386.   -4.5    0.2   0.32    9.0    1.3   -99.9
 'Wageningen'  9  1 1970    837.   -4.5    2.2   0.63    8.0    3.9   -99.9
 'Wageningen' 10  1 1970   1424.   -0.7    3.3   0.65    4.0    2.3   -99.9
 'Wageningen' 11  1 1970   1340.    1.0    8.6   0.81    4.0    0.0   -99.9
 'Wageningen' 12  1 1970   2680.    2.5    6.3   0.73    3.0    0.2   -99.9
 'Wageningen' 13  1 1970   1298.    1.6    5.5   0.83    2.0    0.0   -99.9
 'Wageningen' 14  1 1970   3056.    1.5    6.3   0.75    3.0    0.1   -99.9
 'Wageningen' 15  1 1970    544.    1.5    5.4   0.81    0.0    4.9   -99.9
 'Wageningen' 16  1 1970    670.    0.9    4.6   0.79    0.0    0.2   -99.9
 'Wageningen' 17  1 1970    544.   -1.2    1.4   0.52    1.0    0.0   -99.9
 'Wageningen' 18  1 1970   2596.   -1.2    5.6   0.70    4.0    0.0   -99.9
 'Wageningen' 19  1 1970   1256.   -0.6    1.7   0.62    0.0    0.0   -99.9
 'Wageningen' 20  1 1970   2428.   -1.3    0.7   0.53    3.0    0.0   -99.9
 'Wageningen' 21  1 1970   3601.   -5.0   -0.1   0.44    1.0    0.0   -99.9
 'Wageningen' 22  1 1970    963.   -4.9    0.9   0.47    3.0    2.4   -99.9
 'Wageningen' 23  1 1970   1968.   -3.1    3.9   0.63    6.0    3.1   -99.9
 'Wageningen' 24  1 1970   1633.   -0.8    5.3   0.79    2.0    0.7   -99.9
 'Wageningen' 25  1 1970    670.    2.2    7.8   0.96    1.0    8.1   -99.9
 'Wageningen' 26  1 1970   1089.    4.1    7.6   0.98    0.0    9.3   -99.9
 'Wageningen' 27  1 1970   1214.    4.6    7.1   0.85    3.0    0.2   -99.9
 'Wageningen' 28  1 1970   1800.    1.7    3.9   0.70    0.0    0.0   -99.9
 'Wageningen' 29  1 1970   3266.   -0.1    4.1   0.62    3.0    0.0   -99.9
 'Wageningen' 30  1 1970   2428.   -0.3    1.2   0.55    4.0    0.0   -99.9
 'Wageningen' 31  1 1970   5820.   -5.3   -2.0   0.30    1.0    0.0   -99.9
 'Wageningen'  1  2 1970   5820.   -9.0    1.3   0.30    5.0    3.5   -99.9
 'Wageningen'  2  2 1970   3182.   -9.0    8.1   0.76    6.0   10.0   -99.9
 'Wageningen'  3  2 1970   3559.    1.3    6.4   0.63   12.0    0.0   -99.9
 'Wageningen'  4  2 1970   2554.    1.1    5.7   0.77    0.0    0.3   -99.9
 'Wageningen'  5  2 1970   3349.    0.3    5.2   0.70    0.0    0.0   -99.9
 'Wageningen'  6  2 1970   5485.   -4.3    2.0   0.52    4.0    0.0   -99.9
 'Wageningen'  7  2 1970   2052.   -4.1    3.8   0.55    7.0   10.0   -99.9
 'Wageningen'  8  2 1970   4815.   -1.4    7.0   0.65    7.0    5.0   -99.9
 'Wageningen'  9  2 1970   3643.    2.8    6.6   0.71    3.0    4.1   -99.9
 'Wageningen' 10  2 1970   2638.    0.2    2.3   0.65    3.0    4.3   -99.9
 'Wageningen' 11  2 1970   6280.   -1.8    4.3   0.67    1.7    0.9   -99.9
 'Wageningen' 12  2 1970   1800.   -1.8    1.0   0.52    4.2    2.2   -99.9
 'Wageningen' 13  2 1970   5987.   -1.2    2.1   0.44    3.3    0.0   -99.9
 'Wageningen' 14  2 1970   5234.   -4.3    0.9   0.56    1.7    0.0   -99.9
 'Wageningen' 15  2 1970   8499.   -9.9   -1.8   0.36    1.9    1.5   -99.9
 'Wageningen' 16  2 1970   5610.   -8.0    0.4   0.47    3.5    3.9   -99.9
 'Wageningen' 17  2 1970   3643.  -10.7    1.9   0.50    3.2    4.4   -99.9
 'Wageningen' 18  2 1970   6280.   -7.1   -1.5   0.37    3.8    0.3   -99.9
 'Wageningen' 19  2 1970   2638.   -9.7    5.3   0.64    3.6    9.4   -99.9
 'Wageningen' 20  2 1970   3475.   -2.1    5.3   0.62    7.4    1.0   -99.9
 'Wageningen' 21  2 1970   2428.    1.8    8.3   0.75    3.9   19.1   -99.9
 'Wageningen' 22  2 1970   2428.    2.1    9.7   1.04    5.4   10.8   -99.9
 'Wageningen' 23  2 1970   4940.    3.1    7.7   0.73    4.7    0.2   -99.9
 'Wageningen' 24  2 1970   5359.    1.8    8.3   0.73    2.5    1.4   -99.9
 'Wageningen' 25  2 1970   4480.    0.4    5.8   0.65    1.9    4.1   -99.9
 'Wageningen' 26  2 1970   5108.   -0.9    5.2   0.63    1.5    0.1   -99.9
 'Wageningen' 27  2 1970   2470.    0.1    0.2   0.45    3.4    0.0   -99.9
 'Wageningen' 28  2 1970   7871.   -2.9    2.4   0.41    3.2    0.0   -99.9
 'Wageningen'  1  3 1970   3894.   -5.4    6.3   0.57    3.7    9.9   -99.9
 'Wageningen'  2  3 1970   5527.    0.2    4.1   0.60    4.4    0.8   -99.9
 'Wageningen'  3  3 1970   7955.   -1.8    4.0   0.65    1.7    1.5   -99.9
 'Wageningen'  4  3 1970   8499.   -1.8    3.6   0.45    3.0    0.0   -99.9
 'Wageningen'  5  3 1970   8709.   -5.8    3.5   0.45    2.9    0.1   -99.9
 'Wageningen'  6  3 1970   9127.   -4.1    5.0   0.60    4.0    1.4   -99.9
 'Wageningen'  7  3 1970  10509.   -1.9    3.9   0.63    2.8    0.5   -99.9
 'Wageningen'  8  3 1970   2805.   -2.2   -0.2   0.56    2.4    1.9   -99.9
 'Wageningen'  9  3 1970  10969.   -4.7    3.1   0.62    1.8    0.0   -99.9
 'Wageningen' 10  3 1970  10132.   -6.6    3.9   0.58    1.1    0.1   -99.9
 'Wageningen' 11  3 1970  11891.   -4.4    4.2   0.55    3.7    0.0   -99.9
 'Wageningen' 12  3 1970   7159.   -7.6    6.4   0.62    3.7    0.1   -99.9
 'Wageningen' 13  3 1970  11262.    1.0    7.2   0.63    2.4    0.0   -99.9
 'Wageningen' 14  3 1970  12519.   -0.4    4.1   0.50    3.8    0.0   -99.9
 'Wageningen' 15  3 1970   4899.   -4.4    4.5   0.64    2.0    0.1   -99.9
 'Wageningen' 16  3 1970   3684.   -2.7    7.5   0.73    2.9    0.1   -99.9
 'Wageningen' 17  3 1970   2219.    2.9    8.2   0.94    5.2    5.3   -99.9
 'Wageningen' 18  3 1970   6908.    4.8    7.7   0.71    5.9    2.2   -99.9
 'Wageningen' 19  3 1970   7411.    2.7    8.0   0.60    5.1    0.6   -99.9
 'Wageningen' 20  3 1970   2093.    1.1    9.1   1.02    4.2    1.0   -99.9
 'Wageningen' 21  3 1970   3684.    3.8   11.0   1.03    2.9    0.9   -99.9
 'Wageningen' 22  3 1970   8918.    5.7   11.1   0.73    3.4    0.1   -99.9
 'Wageningen' 23  3 1970   9378.   -4.5   12.1   0.76    1.9   12.3   -99.9
 'Wageningen' 24  3 1970   4815.    0.4    6.9   0.87    2.5    0.3   -99.9
 'Wageningen' 25  3 1970  11262.    1.3    8.3   0.53    2.1    0.0   -99.9
 'Wageningen' 26  3 1970  12895.   -5.3    6.5   0.58    3.1    0.6   -99.9
 'Wageningen' 27  3 1970  12519.   -2.1    5.1   0.45    5.0    0.6   -99.9
 'Wageningen' 28  3 1970  11262.   -0.6    5.9   0.55    4.8    2.8   -99.9
 'Wageningen' 29  3 1970   9630.    0.1    6.8   0.62    3.8    0.6   -99.9
 'Wageningen' 30  3 1970   3349.    1.9    8.5   0.87    6.3   17.1   -99.9
 'Wageningen' 31  3 1970   7285.    3.5    8.9   0.80    4.3    2.5   -99.9
 'Wageningen'  1  4 1970   4271.    2.5    4.0   0.73    4.2    5.7   -99.9
 'Wageningen'  2  4 1970  11472.   -0.6    5.1   0.65    3.6    0.7   -99.9
 'Wageningen'  3  4 1970  14151.   -2.1    7.1   0.44    3.5    0.8   -99.9
 'Wageningen'  4  4 1970  10718.   -1.0    6.4   0.65    2.6    1.3   -99.9
 'Wageningen'  5  4 1970   8792.   -3.8    6.0   0.57    3.5    3.6   -99.9
 'Wageningen'  6  4 1970   2596.    0.2    5.3   0.87    4.2   14.7   -99.9
 'Wageningen'  7  4 1970  14738.   -2.0    5.1   0.52    2.1    4.2   -99.9
 'Wageningen'  8  4 1970  10006.   -1.1    5.7   0.71    2.4    0.9   -99.9
 'Wageningen'  9  4 1970  13858.   -5.1    8.1   0.62    0.9    4.4   -99.9
 'Wageningen' 10  4 1970   9797.   -1.2    7.5   0.56    1.9    1.8   -99.9
 'Wageningen' 11  4 1970   7369.    1.4    9.0   0.76    1.3    2.0   -99.9
 'Wageningen' 12  4 1970  13691.    3.7   12.0   0.72    3.2    5.8   -99.9
 'Wageningen' 13  4 1970  11807.    4.9   10.6   0.75    2.2    0.1   -99.9
 'Wageningen' 14  4 1970   5778.    1.8    7.3   0.67    1.8    0.0   -99.9
 'Wageningen' 15  4 1970   8164.    0.0   11.6   0.90    3.2    2.1   -99.9
 'Wageningen' 16  4 1970   7159.    4.5   15.0   1.15    5.0    0.1   -99.9
 'Wageningen' 17  4 1970  11932.    9.8   16.0   1.16    3.0    3.5   -99.9
 'Wageningen' 18  4 1970   8834.   11.1   13.7   0.92    4.5    0.0   -99.9
 'Wageningen' 19  4 1970  10593.    6.5   13.4   0.84    2.6    0.0   -99.9
 'Wageningen' 20  4 1970  15784.    0.1   11.3   0.55    2.7    0.5   -99.9
 'Wageningen' 21  4 1970   3643.    3.5   11.0   1.04    5.7    2.6   -99.9
 'Wageningen' 22  4 1970   4689.    7.0   13.1   1.06    6.4    0.2   -99.9
 'Wageningen' 23  4 1970   3559.    9.9   12.4   1.22    5.8    3.3   -99.9
 'Wageningen' 24  4 1970  16873.    7.8   12.8   0.72    3.2    8.1   -99.9
 'Wageningen' 25  4 1970   7034.    9.4   13.0   1.10    4.8    1.7   -99.9
 'Wageningen' 26  4 1970   8081.    5.6    9.8   0.95    3.1    0.7   -99.9
 'Wageningen' 27  4 1970  14277.    3.7    9.6   0.83    3.1    1.2   -99.9
 'Wageningen' 28  4 1970  20641.   -1.2    9.9   0.57    2.9   11.4   -99.9
 'Wageningen' 29  4 1970  14612.    2.8    7.9   0.73    6.7    1.5   -99.9
 'Wageningen' 30  4 1970  14989.    2.7    8.4   0.76    4.4    0.9   -99.9
 'Wageningen'  1  5 1970  14277.    0.8   11.3   0.65    1.5    1.4   -99.9
 'Wageningen'  2  5 1970   3517.    4.7   12.1   1.26    1.1    3.2   -99.9
 'Wageningen'  3  5 1970  10341.    8.4   16.1   1.26    0.8    0.2   -99.9
 'Wageningen'  4  5 1970  19343.    3.5   18.1   1.18    2.0    0.0   -99.9
 'Wageningen'  5  5 1970  23404.    9.7   19.9   0.95    4.0    0.0   -99.9
 'Wageningen'  6  5 1970  21269.   10.1   21.9   1.34    3.4    0.0   -99.9
 'Wageningen'  7  5 1970  20097.   14.5   21.8   1.23    2.8    0.0   -99.9
 'Wageningen'  8  5 1970  18799.    5.4   22.0   1.32    1.6    0.2   -99.9
 'Wageningen'  9  5 1970  22023.   10.9   20.9   1.19    1.5    0.0   -99.9
 'Wageningen' 10  5 1970  14319.    8.9   22.3   1.27    1.6    0.0   -99.9
 'Wageningen' 11  5 1970  20180.   14.0   21.8   1.29    2.5    0.0   -99.9
 'Wageningen' 12  5 1970  20976.   10.7   20.4   1.27    2.5    0.2   -99.9
 'Wageningen' 13  5 1970  15198.    9.5   18.2   1.06    2.3    0.0   -99.9
 'Wageningen' 14  5 1970  21604.    7.7   20.7   0.99    1.2    0.0   -99.9
 'Wageningen' 15  5 1970  11849.    9.3   19.2   1.26    1.8    3.3   -99.9
 'Wageningen' 16  5 1970   4647.   12.0   15.2   1.38    0.5    0.4   -99.9
 'Wageningen' 17  5 1970  14947.    7.2   18.6   1.03    1.9    0.0   -99.9
 'Wageningen' 18  5 1970  26544.    3.8   19.8   1.13    1.4    0.0   -99.9
 'Wageningen' 19  5 1970   8415.    5.5   17.1   1.25    1.4    2.8   -99.9
 'Wageningen' 20  5 1970  16957.    4.0   15.7   0.95    1.6    0.1   -99.9
 'Wageningen' 21  5 1970   8960.    9.4   13.7   0.91    3.9    3.8   -99.9
 'Wageningen' 22  5 1970  16412.    5.9   12.7   0.65    4.2    1.1   -99.9
 'Wageningen' 23  5 1970  17752.    2.6   15.9   0.98    1.4    0.0   -99.9
 'Wageningen' 24  5 1970  21018.    6.0   20.0   1.06    1.0    0.0   -99.9
 'Wageningen' 25  5 1970  19887.    8.0   21.1   1.35    1.8    0.0   -99.9
 'Wageningen' 26  5 1970  18338.    6.1   17.0   0.88    2.7    0.8   -99.9
 'Wageningen' 27  5 1970   6992.    6.2   11.8   0.96    1.7    0.0   -99.9
 'Wageningen' 28  5 1970  23111.    8.8   18.8   1.03    0.7    0.0   -99.9
 'Wageningen' 29  5 1970  10676.    9.9   20.2   1.03    1.2    2.4   -99.9
 'Wageningen' 30  5 1970  14821.   10.0   17.7   0.91    2.1    0.8   -99.9
 'Wageningen' 31  5 1970  17459.   11.2   17.1   0.98    3.0    0.3   -99.9
 'Wageningen'  1  6 1970  18548.    9.7   18.2   0.98    2.8    0.0   -99.9
 'Wageningen'  2  6 1970  28219.    1.2   17.1   0.68    1.5    0.0   -99.9
 'Wageningen'  3  6 1970  26796.    2.8   20.2   0.83    1.7    0.0   -99.9
 'Wageningen'  4  6 1970  26000.    9.3   20.1   0.70    3.1    0.0   -99.9
 'Wageningen'  5  6 1970  21436.    9.9   22.5   1.22    2.1    0.1   -99.9
 'Wageningen'  6  6 1970  23823.   11.6   25.8   1.27    2.7    0.0   -99.9
 'Wageningen'  7  6 1970  21101.   16.6   26.9   1.32    3.3    0.0   -99.9
 'Wageningen'  8  6 1970  25288.   17.7   28.2   1.26    2.8    0.0   -99.9
 'Wageningen'  9  6 1970  23907.   17.6   28.0   1.58    2.4    0.0   -99.9
 'Wageningen' 10  6 1970  24074.   14.9   27.8   1.82    1.2    8.7   -99.9
 'Wageningen' 11  6 1970  26963.   11.5   26.3   1.46    1.6    0.0   -99.9
 'Wageningen' 12  6 1970  23237.   12.3   21.7   1.03    2.1    0.0   -99.9
 'Wageningen' 13  6 1970  28763.    5.3   18.9   0.92    1.9    0.0   -99.9
 'Wageningen' 14  6 1970  22902.    7.9   18.0   0.90    1.4    0.0   -99.9
 'Wageningen' 15  6 1970  17250.    5.3   18.3   0.98    0.7    0.0   -99.9
 'Wageningen' 16  6 1970  22944.    5.0   23.0   1.27    1.2    0.0   -99.9
 'Wageningen' 17  6 1970  16705.   14.5   26.7   1.56    2.5    0.0   -99.9
 'Wageningen' 18  6 1970  28177.   15.6   25.9   0.91    3.6    0.0   -99.9
 'Wageningen' 19  6 1970  22734.   14.3   26.1   1.02    2.2    0.0   -99.9
 'Wageningen' 20  6 1970  23781.   10.9   27.8   1.19    1.4    0.0   -99.9
 'Wageningen' 21  6 1970  20767.    7.6   26.7   1.27    0.8    0.0   -99.9
 'Wageningen' 22  6 1970  19510.   12.3   27.6   1.62    1.0    0.0   -99.9
 'Wageningen' 23  6 1970  18631.   13.6   24.1   1.54    2.2    0.0   -99.9
 'Wageningen' 24  6 1970   8834.   10.2   21.3   1.82    2.8    1.9   -99.9
 'Wageningen' 25  6 1970  20432.   16.0   21.7   1.22    3.5    0.0   -99.9
 'Wageningen' 26  6 1970  25874.    5.8   25.2   1.18    0.8    0.0   -99.9
 'Wageningen' 27  6 1970  17920.   12.6   29.7   1.77    1.5    5.0   -99.9
 'Wageningen' 28  6 1970   9630.   15.5   19.7   1.56    1.5    0.8   -99.9
 'Wageningen' 29  6 1970   6992.   12.9   17.2   1.56    2.8    5.6   -99.9
 'Wageningen' 30  6 1970   8960.   10.1   15.7   1.35    3.2    8.2   -99.9
 'Wageningen'  1  7 1970   6029.   11.4   16.1   1.22    3.4   10.6   -99.9
 'Wageningen'  2  7 1970  11221.    9.4   15.1   1.06    4.2   18.7   -99.9
 'Wageningen'  3  7 1970  11053.    9.7   16.0   1.11    4.1    2.5   -99.9
 'Wageningen'  4  7 1970  10593.   10.7   18.4   1.13    2.8    0.3   -99.9
 'Wageningen'  5  7 1970   8918.   12.9   20.6   1.61    2.0    2.7   -99.9
 'Wageningen'  6  7 1970  18841.   15.5   24.1   1.65    1.5    0.0   -99.9
 'Wageningen'  7  7 1970  25205.   16.1   28.6   1.82    1.9    0.0   -99.9
 'Wageningen'  8  7 1970  23069.   19.0   27.8   1.98    2.6    1.3   -99.9
 'Wageningen'  9  7 1970  15701.   16.0   23.6   1.86    3.3    1.9   -99.9
 'Wageningen' 10  7 1970  19762.   10.9   20.6   0.98    1.5    0.0   -99.9
 'Wageningen' 11  7 1970  10383.   12.3   19.6   1.39    1.4    0.0   -99.9
 'Wageningen' 12  7 1970  23027.   10.0   21.9   1.40    2.2    0.0   -99.9
 'Wageningen' 13  7 1970  25288.   13.0   24.0   1.58    2.8    3.0   -99.9
 'Wageningen' 14  7 1970   3308.   13.8   15.0   1.47    2.6   32.2   -99.9
 'Wageningen' 15  7 1970  11681.    9.8   16.5   1.03    4.8   16.3   -99.9
 'Wageningen' 16  7 1970  11472.   11.3   15.2   1.10    3.8    0.0   -99.9
 'Wageningen' 17  7 1970  17626.   10.7   17.3   1.04    2.0    0.0   -99.9
 'Wageningen' 18  7 1970  13314.    7.8   21.6   1.62    1.7    0.0   -99.9
 'Wageningen' 19  7 1970   5024.   13.0   16.2   1.54    2.5    6.3   -99.9
 'Wageningen' 20  7 1970   5066.   13.5   15.2   1.22    2.3    7.7   -99.9
 'Wageningen' 21  7 1970  11304.    9.5   16.6   1.20    2.6    0.8   -99.9
 'Wageningen' 22  7 1970  17417.    9.9   18.6   1.06    2.0    0.0   -99.9
 'Wageningen' 23  7 1970  20222.    7.7   22.0   1.25    1.2    0.0   -99.9
 'Wageningen' 24  7 1970  14319.   13.3   22.8   1.62    2.2    4.6   -99.9
 'Wageningen' 25  7 1970   8290.   13.1   17.0   1.13    4.8    6.2   -99.9
 'Wageningen' 26  7 1970  10551.   12.2   17.9   1.18    4.0    2.2   -99.9
 'Wageningen' 27  7 1970  10928.   13.7   19.8   1.62    3.1    0.0   -99.9
 'Wageningen' 28  7 1970  14738.   15.3   23.5   1.87    2.8    1.2   -99.9
 'Wageningen' 29  7 1970  12812.   12.8   21.0   1.56    1.3    4.1   -99.9
 'Wageningen' 30  7 1970  22902.    9.5   23.6   1.42    0.8    0.0   -99.9
 'Wageningen' 31  7 1970  21269.    9.9   26.2   1.45    0.7    0.0   -99.9
 'Wageningen'  1  8 1970  17082.   12.4   25.5   1.75    1.1    0.0   -99.9
 'Wageningen'  2  8 1970  21185.   13.7   26.9   2.01    1.6    0.0   -99.9
 'Wageningen'  3  8 1970  20934.   15.8   26.5   1.81    2.1    0.0   -99.9
 'Wageningen'  4  8 1970  20725.   16.2   25.7   1.89    2.1    0.0   -99.9
 'Wageningen'  5  8 1970  21855.   13.3   27.2   1.45    1.8    0.0   -99.9
 'Wageningen'  6  8 1970  11932.   15.8   25.3   2.01    1.6    0.0   -99.9
 'Wageningen'  7  8 1970   9672.   12.6   24.6   2.05    1.1    3.0   -99.9
 'Wageningen'  8  8 1970   8206.   16.3   19.1   1.73    1.4    9.0   -99.9
 'Wageningen'  9  8 1970  16747.   12.7   22.0   1.67    1.3    0.0   -99.9
 'Wageningen' 10  8 1970   4229.   12.3   17.8   1.73    2.7    8.9   -99.9
 'Wageningen' 11  8 1970  15031.   14.2   19.8   1.38    1.5    0.0   -99.9
 'Wageningen' 12  8 1970  22902.    6.6   21.0   1.22    1.2    0.0   -99.9
 'Wageningen' 13  8 1970  21688.   12.2   25.5   1.27    2.1    2.9   -99.9
 'Wageningen' 14  8 1970  13063.   13.9   21.3   1.26    2.2    0.1   -99.9
 'Wageningen' 15  8 1970  18087.    6.3   21.1   1.07    0.7    0.1   -99.9
 'Wageningen' 16  8 1970   6155.   11.3   17.8   1.71    3.1    2.0   -99.9
 'Wageningen' 17  8 1970   9211.   10.5   16.1   1.13    3.6    0.0   -99.9
 'Wageningen' 18  8 1970  18338.   10.8   19.5   1.03    1.8    0.0   -99.9
 'Wageningen' 19  8 1970  10048.   12.0   22.6   1.74    2.1    0.2   -99.9
 'Wageningen' 20  8 1970   9211.   15.5   20.0   1.20    3.3    0.1   -99.9
 'Wageningen' 21  8 1970  13607.   11.7   19.5   1.20    2.0    0.0   -99.9
 'Wageningen' 22  8 1970  12267.   11.1   19.5   1.16    0.6    2.4   -99.9
 'Wageningen' 23  8 1970   5862.   12.4   18.7   1.72    0.9    5.8   -99.9
 'Wageningen' 24  8 1970  15701.   12.4   24.3   1.07    1.5    0.0   -99.9
 'Wageningen' 25  8 1970  19008.    8.6   21.2   1.46    1.2    0.0   -99.9
 'Wageningen' 26  8 1970  19385.    7.6   22.5   1.15    0.9    0.0   -99.9
 'Wageningen' 27  8 1970  18966.    5.9   24.2   1.22    0.8    0.1   -99.9
 'Wageningen' 28  8 1970  19301.    8.4   22.5   1.04    1.0    0.0   -99.9
 'Wageningen' 29  8 1970  16915.    6.3   26.1   1.18    0.9    0.0   -99.9
 'Wageningen' 30  8 1970  17836.    9.5   24.9   0.87    1.0    0.0   -99.9
 'Wageningen' 31  8 1970  13733.    9.3   18.9   1.46    1.7    0.0   -99.9
 'Wageningen'  1  9 1970  16035.   14.5   18.8   0.90    3.4    0.0   -99.9
 'Wageningen'  2  9 1970  14738.    7.9   19.2   1.04    1.9    0.3   -99.9
 'Wageningen'  3  9 1970  11262.   12.0   20.6   1.75    2.9    2.2   -99.9
 'Wageningen'  4  9 1970   7411.   10.1   17.6   1.19    2.8    0.5   -99.9
 'Wageningen'  5  9 1970  11765.   11.7   19.4   1.26    3.4    0.0   -99.9
 'Wageningen'  6  9 1970  10593.   10.0   18.0   1.16    2.6    0.0   -99.9
 'Wageningen'  7  9 1970  16161.    6.2   21.2   1.04    2.2    0.0   -99.9
 'Wageningen'  8  9 1970   9002.   12.6   21.8   1.73    4.2   10.1   -99.9
 'Wageningen'  9  9 1970   4689.   14.5   19.0   1.57    4.6    3.4   -99.9
 'Wageningen' 10  9 1970   4396.   12.8   16.1   1.22    4.0    0.0   -99.9
 'Wageningen' 11  9 1970   7201.   12.0   16.1   1.23    3.6    1.8   -99.9
 'Wageningen' 12  9 1970   7620.   10.4   17.2   1.42    3.6   13.8   -99.9
 'Wageningen' 13  9 1970  11932.   11.2   15.8   0.85    4.8   17.1   -99.9
 'Wageningen' 14  9 1970   4522.   11.8   16.4   1.37    3.4    3.6   -99.9
 'Wageningen' 15  9 1970   8792.   12.7   20.4   1.71    3.3   21.4   -99.9
 'Wageningen' 16  9 1970   8332.   11.5   16.4   1.03    4.6    2.7   -99.9
 'Wageningen' 17  9 1970   8415.    8.8   17.5   1.32    2.5    0.0   -99.9
 'Wageningen' 18  9 1970  14947.    8.9   21.4   1.29    1.0    0.0   -99.9
 'Wageningen' 19  9 1970  11765.    5.7   24.1   1.74    0.5    0.0   -99.9
 'Wageningen' 20  9 1970  10341.   10.5   22.5   1.66    0.6    0.1   -99.9
 'Wageningen' 21  9 1970   9169.   10.3   19.9   1.65    1.2    0.0   -99.9
 'Wageningen' 22  9 1970  15784.    5.7   17.6   1.03    1.0    0.1   -99.9
 'Wageningen' 23  9 1970  11221.    2.1   17.1   1.04    0.6    0.1   -99.9
 'Wageningen' 24  9 1970  13775.    0.8   17.6   1.00    0.3    0.0   -99.9
 'Wageningen' 25  9 1970  11137.    7.6   21.0   1.32    0.5    0.0   -99.9
 'Wageningen' 26  9 1970   9337.    9.3   21.6   1.46    1.7    0.0   -99.9
 'Wageningen' 27  9 1970  10760.   12.1   21.8   1.50    2.4    0.0   -99.9
 'Wageningen' 28  9 1970  11974.   12.2   22.5   1.31    2.8    0.0   -99.9
 'Wageningen' 29  9 1970  12309.    8.6   21.2   1.18    2.3    0.3   -99.9
 'Wageningen' 30  9 1970   4019.   10.5   16.1   1.31    3.0   10.3   -99.9
 'Wageningen'  1 10 1970   9504.    8.6   15.5   1.08    3.2    1.6   -99.9
 'Wageningen'  2 10 1970   7243.   11.5   15.3   0.87    6.0   12.0   -99.9
 'Wageningen'  3 10 1970   6699.    7.1   13.4   1.13    5.7    5.8   -99.9
 'Wageningen'  4 10 1970   2763.    8.3   15.0   1.22    2.9    3.6   -99.9
 'Wageningen'  5 10 1970   2847.    9.6   14.9   1.34    4.6    0.1   -99.9
 'Wageningen'  6 10 1970   3726.   13.0   16.1   1.40    3.2    2.7   -99.9
 'Wageningen'  7 10 1970   3894.   10.0   13.5   1.22    2.0    0.3   -99.9
 'Wageningen'  8 10 1970   6824.    7.0   15.3   1.18    1.1    0.1   -99.9
 'Wageningen'  9 10 1970   8164.    0.9   15.2   1.13    1.3    0.1   -99.9
 'Wageningen' 10 10 1970   7201.    3.7   16.9   1.47    1.2    0.1   -99.9
 'Wageningen' 11 10 1970   9797.    7.1   23.3   1.49    2.4    0.0   -99.9
 'Wageningen' 12 10 1970   6657.   10.9   18.3   1.57    2.2    0.0   -99.9
 'Wageningen' 13 10 1970   4019.    9.4   15.1   1.47    1.0    0.0   -99.9
 'Wageningen' 14 10 1970   2428.   10.6   12.8   1.13    1.6    0.0   -99.9
 'Wageningen' 15 10 1970   9630.    5.0   13.0   0.75    1.8    0.0   -99.9
 'Wageningen' 16 10 1970   8834.    2.6   13.0   0.72    2.1    0.0   -99.9
 'Wageningen' 17 10 1970   8918.    0.7   14.9   0.95    1.1    0.1   -99.9
 'Wageningen' 18 10 1970   5443.    0.5   15.1   1.30    2.2    1.1   -99.9
 'Wageningen' 19 10 1970   3768.    5.3   12.6   0.85    5.4   12.4   -99.9
 'Wageningen' 20 10 1970   3349.    4.0    8.3   0.87    3.1   13.6   -99.9
 'Wageningen' 21 10 1970   6573.    5.5   12.1   0.95    3.4    0.2   -99.9
 'Wageningen' 22 10 1970   6364.    3.2   12.3   0.94    2.7    0.4   -99.9
 'Wageningen' 23 10 1970   5485.    1.6   11.5   0.77    0.9    0.3   -99.9
 'Wageningen' 24 10 1970   1424.    4.8   11.7   1.19    2.7    1.6   -99.9
 'Wageningen' 25 10 1970   2052.    9.2   12.3   1.15    4.9    2.1   -99.9
 'Wageningen' 26 10 1970   2093.   10.6   11.7   1.10    4.0    5.3   -99.9
 'Wageningen' 27 10 1970   5527.    3.9   12.6   0.79    2.4    7.4   -99.9
 'Wageningen' 28 10 1970   1089.    6.7   13.3   1.38    4.2   10.9   -99.9
 'Wageningen' 29 10 1970   2638.    7.9   14.3   1.27    2.2    0.4   -99.9
 'Wageningen' 30 10 1970   1214.    8.3   14.3   1.35    5.6    3.4   -99.9
 'Wageningen' 31 10 1970   1256.   10.9   13.3   1.35    6.0    1.8   -99.9
 'Wageningen'  1 11 1970   3475.   11.3   14.7   1.03    6.1   12.2   -99.9
 'Wageningen'  2 11 1970    544.    9.5   14.6   1.45    4.4   17.2   -99.9
 'Wageningen'  3 11 1970   3224.   10.8   13.9   1.00    7.1    0.6   -99.9
 'Wageningen'  4 11 1970   2931.    8.3   12.4   1.13    3.6    4.0   -99.9
 'Wageningen'  5 11 1970   5903.    8.1   11.4   0.83    5.8    3.7   -99.9
 'Wageningen'  6 11 1970   5527.    3.6   11.2   0.81    1.9    0.2   -99.9
 'Wageningen'  7 11 1970   1758.    3.0    7.6   0.87    1.8    0.0   -99.9
 'Wageningen'  8 11 1970   2135.    1.5    9.6   0.71    3.1    0.4   -99.9
 'Wageningen'  9 11 1970   3308.    2.7   11.2   0.87    6.2    2.7   -99.9
 'Wageningen' 10 11 1970   3475.    3.4   11.1   0.94    2.4    1.6   -99.9
 'Wageningen' 11 11 1970   1424.    4.2   13.2   1.20    5.4    0.6   -99.9
 'Wageningen' 12 11 1970   1758.   11.1   12.7   1.02    4.8    3.2   -99.9
 'Wageningen' 13 11 1970   4857.    4.9    8.7   0.67    4.0    0.0   -99.9
 'Wageningen' 14 11 1970   3308.    1.1    9.2   0.83    4.5    0.3   -99.9
 'Wageningen' 15 11 1970   1758.    3.3    7.2   0.77    2.3    1.0   -99.9
 'Wageningen' 16 11 1970   3852.    1.0    6.4   0.57    3.4    3.5   -99.9
 'Wageningen' 17 11 1970   2261.    2.5   13.6   0.91    2.9   10.7   -99.9
 'Wageningen' 18 11 1970   2261.    5.0   14.8   0.95    5.6    2.8   -99.9
 'Wageningen' 19 11 1970   2721.    9.5   13.9   0.83    6.4    2.4   -99.9
 'Wageningen' 20 11 1970   3601.    2.1   10.0   0.83    4.4    2.4   -99.9
 'Wageningen' 21 11 1970   4103.    2.7    9.9   0.88    3.7    0.0   -99.9
 'Wageningen' 22 11 1970   1926.    2.4    5.6   0.85    0.8    0.2   -99.9
 'Wageningen' 23 11 1970   2345.    1.0    7.7   0.76    3.4    0.2   -99.9
 'Wageningen' 24 11 1970   3977.    2.5   10.9   0.72    3.2    0.0   -99.9
 'Wageningen' 25 11 1970   3810.    2.6   10.8   0.81    2.6    0.0   -99.9
 'Wageningen' 26 11 1970   3601.    2.9   12.4   1.10    0.7    0.2   -99.9
 'Wageningen' 27 11 1970   2261.    1.0    5.8   0.87    1.6    0.2   -99.9
 'Wageningen' 28 11 1970   2512.    1.9    7.3   0.80    2.6    0.7   -99.9
 'Wageningen' 29 11 1970   1047.    2.6   13.7   1.13    3.3    1.3   -99.9
 'Wageningen' 30 11 1970   2261.    6.5   10.9   0.99    4.7    5.1   -99.9
 'Wageningen'  1 12 1970    544.    7.1    7.8   0.96    3.5    3.3   -99.9
 'Wageningen'  2 12 1970   1675.    3.9   10.8   0.91    3.9   12.6   -99.9
 'Wageningen'  3 12 1970   2010.    4.1   10.6   0.72    4.5    0.3   -99.9
 'Wageningen'  4 12 1970    419.    2.1   10.7   1.08    3.3   14.0   -99.9
 'Wageningen'  5 12 1970   2261.    4.8    9.5   0.90    3.1    0.8   -99.9
 'Wageningen'  6 12 1970   1005.    4.2    8.6   1.02    4.7    6.1   -99.9
 'Wageningen'  7 12 1970   2973.    2.5    8.4   0.84    1.8    1.8   -99.9
 'Wageningen'  8 12 1970   3433.   -1.5    7.7   0.77    0.4    0.0   -99.9
 'Wageningen'  9 12 1970    502.   -1.5    6.6   0.92    0.3    0.0   -99.9
 'Wageningen' 10 12 1970    963.    3.8    8.4   0.96    0.7    0.2   -99.9
 'Wageningen' 11 12 1970    544.    5.8    7.4   0.71    2.9    0.0   -99.9
 'Wageningen' 12 12 1970   2554.   -0.9    4.9   0.71    2.5    0.0   -99.9
 'Wageningen' 13 12 1970   1256.   -0.5    7.4   0.91    2.1    0.1   -99.9
 'Wageningen' 14 12 1970   1717.    3.6    7.7   0.77    2.2    0.3   -99.9
 'Wageningen' 15 12 1970   1675.   -0.3    6.9   0.70    0.9    0.0   -99.9
 'Wageningen' 16 12 1970   1382.    2.9    5.4   0.58    0.8    0.0   -99.9
 'Wageningen' 17 12 1970   1382.   -1.1    4.0   0.58    2.6    0.8   -99.9
 'Wageningen' 18 12 1970    628.   -0.3    6.8   0.84    2.4    1.2   -99.9
 'Wageningen' 19 12 1970    419.    3.3    7.9   1.00    1.9    1.3   -99.9
 'Wageningen' 20 12 1970    544.    5.1    7.0   0.88    2.4    0.7   -99.9
 'Wageningen' 21 12 1970   2470.    1.0    4.6   0.58    2.5    0.7   -99.9
 'Wageningen' 22 12 1970   2638.   -1.0    3.0   0.49    2.0    0.0   -99.9
 'Wageningen' 23 12 1970   3014.   -3.2    0.3   0.44    1.7    0.0   -99.9
 'Wageningen' 24 12 1970   3140.   -6.9   -0.6   0.47    2.3    0.0   -99.9
 'Wageningen' 25 12 1970   3433.   -6.9   -0.1   0.40    2.3    0.2   -99.9
 'Wageningen' 26 12 1970   1507.   -5.2   -3.1   0.37    2.7    0.0   -99.9
 'Wageningen' 27 12 1970   2554.   -7.8   -3.3   0.36    3.0    0.0   -99.9
 'Wageningen' 28 12 1970    377.   -6.9   -1.3   0.47    3.9    3.2   -99.9
 'Wageningen' 29 12 1970   1549.   -3.5   -0.3   0.40    1.4    0.1   -99.9
 'Wageningen' 30 12 1970   2052.   -9.3   -0.2   0.45    2.7    0.7   -99.9
 'Wageningen' 31 12 1970   3601.  -12.9   -1.0   0.42    0.6    0.0   -99.9
