***************************************************************************
* File name: Wageni.994
* Contents: SWAP  3.0 - Meteo data of Wageningen weather station                
***************************************************************************     
* Comment area:                                                                 
*                                                                               
*                                                                               
***************************************************************************     
    Station     DD    MM  YYYY   RAD   Tmin  Tmax   HUM  WIND  RAIN ETref     
*               nr    nr    nr kJ/m2      C     C   kPa   m/s    mm    mm
'Wageningen'     1     1  1994  2840.   0.7   5.0  0.67   2.8   0.0 -99.9
'Wageningen'     2     1  1994   655.   0.7   7.8  0.79   5.5  13.7 -99.9
'Wageningen'     3     1  1994  1122.   3.8   8.3  0.87   4.2   7.5 -99.9
'Wageningen'     4     1  1994  2916.   5.1   8.5  0.82   5.9   1.1 -99.9
'Wageningen'     5     1  1994   630.   3.5   8.6  0.84   5.0   5.0 -99.9
'Wageningen'     6     1  1994  1780.   4.3   8.5  0.89   3.6   3.8 -99.9
'Wageningen'     7     1  1994  2270.   2.2   6.4  0.75   0.1   0.0 -99.9
'Wageningen'     8     1  1994  1636.   1.3   4.9  0.69   0.1   0.0 -99.9
'Wageningen'     9     1  1994  3833.   0.2   4.8  0.64   0.1   0.0 -99.9
'Wageningen'    10     1  1994  2605.   2.3   6.6  0.73   0.1   0.0 -99.9
'Wageningen'    11     1  1994  1084.   2.9   6.2  0.81   0.1   1.3 -99.9
'Wageningen'    12     1  1994   756.   5.4  12.6  1.06   4.2   4.2 -99.9
'Wageningen'    13     1  1994  3035.   7.7  12.1  0.97   7.5   1.4 -99.9
'Wageningen'    14     1  1994  2292.   4.8   8.6  0.86   6.3   2.5 -99.9
'Wageningen'    15     1  1994  2092.   3.5   6.2  0.81   2.9   0.0 -99.9
'Wageningen'    16     1  1994  3687.  -4.0   5.9  0.65   1.3   0.0 -99.9
'Wageningen'    17     1  1994  5248.  -4.6   3.8  0.52   1.2   0.0 -99.9
'Wageningen'    18     1  1994  2683.  -1.4   3.3  0.62   5.0   0.0 -99.9
'Wageningen'    19     1  1994   533.   0.9   2.9  0.66   3.6   8.5 -99.9
'Wageningen'    20     1  1994  5269.  -1.7   5.9  0.66   2.5   0.0 -99.9
'Wageningen'    21     1  1994  1129.   3.8   5.6  0.78   4.0   0.0 -99.9
'Wageningen'    22     1  1994   924.   5.5   8.6  0.95   3.4   2.8 -99.9
'Wageningen'    23     1  1994  1001.   2.7  10.2  0.89   5.8  21.7 -99.9
'Wageningen'    24     1  1994  2866.   1.2   6.2  0.71   2.5   0.0 -99.9
'Wageningen'    25     1  1994  1014.   3.8  10.8  1.00   6.4   8.4 -99.9
'Wageningen'    26     1  1994  3325.   3.1   7.2  0.74   6.2   5.9 -99.9
'Wageningen'    27     1  1994  1211.   4.5  10.5  0.97   9.4  10.8 -99.9
'Wageningen'    28     1  1994  3088.   0.0   5.8  0.58   7.1   2.1 -99.9
'Wageningen'    29     1  1994  1736.   0.0   7.9  0.70   4.3   1.6 -99.9
'Wageningen'    30     1  1994  3605.   4.1   9.5  0.84   6.3   1.9 -99.9
'Wageningen'    31     1  1994  3786.   2.5   7.5  0.76   3.4   0.0 -99.9
'Wageningen'     1     2  1994  2171.   4.0   6.7  0.72   5.3   1.9 -99.9
'Wageningen'     2     2  1994  4882.  -2.2   6.3  0.65   2.7   0.0 -99.9
'Wageningen'     3     2  1994  3529.  -2.8   4.7  0.65   4.2   3.6 -99.9
'Wageningen'     4     2  1994  1976.   4.3   7.4  0.88   3.5   0.1 -99.9
'Wageningen'     5     2  1994  2791.   2.5   6.9  0.74   2.0   0.1 -99.9
'Wageningen'     6     2  1994  1729.   2.2   6.2  0.76   1.5   0.1 -99.9
'Wageningen'     7     2  1994  3303.   1.1   6.7  0.74   2.3   0.0 -99.9
'Wageningen'     8     2  1994  7139.   1.6   8.6  0.78   1.9   1.9 -99.9
'Wageningen'     9     2  1994  2618.   1.0   7.4  0.75   3.8   0.3 -99.9
'Wageningen'    10     2  1994  3584.   1.8   6.6  0.74   3.8   1.2 -99.9
'Wageningen'    11     2  1994  2428.  -1.1   4.6  0.64   2.1   0.0 -99.9
'Wageningen'    12     2  1994  4523.  -0.5   2.4  0.54   3.5   0.0 -99.9
'Wageningen'    13     2  1994  5327.  -7.3   0.2  0.36   5.9   0.0 -99.9
'Wageningen'    14     2  1994  8392.  -7.7  -0.7  0.22   8.0   0.0 -99.9
'Wageningen'    15     2  1994  5956.  -4.6   2.6  0.25   5.8   0.0 -99.9
'Wageningen'    16     2  1994  9202.  -6.3   4.7  0.34   2.9   0.0 -99.9
'Wageningen'    17     2  1994  8336. -10.0   4.1  0.30   1.9   0.0 -99.9
'Wageningen'    18     2  1994  9534.  -9.4   4.4  0.31   2.7   0.0 -99.9
'Wageningen'    19     2  1994  9797.  -6.8   3.0  0.29   2.7   0.0 -99.9
'Wageningen'    20     2  1994  8793. -11.0  -0.4  0.33   2.2   0.0 -99.9
'Wageningen'    21     2  1994  5611. -11.8  -2.1  0.38   1.5   0.5 -99.9
'Wageningen'    22     2  1994  3301. -12.7  -0.3  0.44   1.9   1.1 -99.9
'Wageningen'    23     2  1994  6737.  -2.3   1.8  0.48   3.6   0.5 -99.9
'Wageningen'    24     2  1994  2716.  -0.8   1.1  0.59   1.5   3.5 -99.9
'Wageningen'    25     2  1994  4106.  -0.8   2.1  0.57   1.8   0.0 -99.9
'Wageningen'    26     2  1994  7065.   1.3  11.0  0.86   3.4   0.0 -99.9
'Wageningen'    27     2  1994  5165.   5.0  12.3  0.95   1.7   2.4 -99.9
'Wageningen'    28     2  1994  6313.   5.2  14.4  1.00   1.8  13.6 -99.9
'Wageningen'     1     3  1994  2490.   5.1   8.5  0.94   3.6   1.3 -99.9
'Wageningen'     2     3  1994  1710.   3.7   7.4  0.79   4.6   5.9 -99.9
'Wageningen'     3     3  1994  6110.   2.9   9.6  0.78   5.1   6.1 -99.9
'Wageningen'     4     3  1994 11050.   1.9  10.0  0.70   4.1   0.0 -99.9
'Wageningen'     5     3  1994  9630.   1.8  12.7  0.78   5.1   1.1 -99.9
'Wageningen'     6     3  1994  7980.   3.1   9.6  0.81   5.1   0.0 -99.9
'Wageningen'     7     3  1994  2080.   7.1  10.8  1.06   6.2   0.7 -99.9
'Wageningen'     8     3  1994  2430.   8.9  12.7  1.17   7.2   0.2 -99.9
'Wageningen'     9     3  1994  1530.   6.9  10.0  1.09   5.7   0.3 -99.9
'Wageningen'    10     3  1994 14010.   0.8  10.5  0.77   3.6   0.1 -99.9
'Wageningen'    11     3  1994 12560.  -1.1  10.7  0.66   3.1   0.0 -99.9
'Wageningen'    12     3  1994  9860.   3.9   9.7  0.73   5.1   0.1 -99.9
'Wageningen'    13     3  1994  3060.   5.9  10.7  0.81   9.3   4.0 -99.9
'Wageningen'    14     3  1994  5550.   5.6  11.8  0.95   7.7   0.1 -99.9
'Wageningen'    15     3  1994  1500.   4.7   9.8  0.95   2.6  20.6 -99.9
'Wageningen'    16     3  1994  9730.   3.2   8.7  0.69   6.7   0.7 -99.9
'Wageningen'    17     3  1994  6260.   2.9   6.1  0.63   7.2   1.2 -99.9
'Wageningen'    18     3  1994  5230.   3.1   8.6  0.82   5.1  15.4 -99.9
'Wageningen'    19     3  1994 10650.   1.7   8.8  0.71   6.2  10.2 -99.9
'Wageningen'    20     3  1994 13610.   1.8   7.8  0.64   4.6   0.0 -99.9
'Wageningen'    21     3  1994 12240.  -1.6   8.9  0.59   2.6   0.0 -99.9
'Wageningen'    22     3  1994  4600.  -2.3   8.4  0.75   4.6   1.7 -99.9
'Wageningen'    23     3  1994  1510.   8.5  13.2  1.20  10.3   0.1 -99.9
'Wageningen'    24     3  1994 12420.   7.9  12.0  0.85   7.2   4.6 -99.9
'Wageningen'    25     3  1994  2090.   5.0  10.9  1.06   7.2  12.2 -99.9
'Wageningen'    26     3  1994  9640.   0.8   8.8  0.70   5.1   1.8 -99.9
'Wageningen'    27     3  1994 16490.  -1.5   8.7  0.59   3.1   0.0 -99.9
'Wageningen'    28     3  1994  5320.   4.5  12.4  0.93   5.7   0.1 -99.9
'Wageningen'    29     3  1994  9030.   8.8  14.3  1.09   6.2   0.0 -99.9
'Wageningen'    30     3  1994 14140.   7.7  18.7  1.15   5.1   0.0 -99.9
'Wageningen'    31     3  1994 12680.   7.7  16.1  0.92   8.2   2.6 -99.9
'Wageningen'     1     4  1994  8546.   4.8  11.9  0.95   8.2  12.8 -99.9
'Wageningen'     2     4  1994  8590.   0.1   8.8  0.71   3.7   7.6 -99.9
'Wageningen'     3     4  1994 12281.   0.4   9.3  0.71   3.7   0.5 -99.9
'Wageningen'     4     4  1994  7005.   0.6  11.1  0.81   5.6  19.7 -99.9
'Wageningen'     5     4  1994  7718.   1.6   6.9  0.71   4.2   4.0 -99.9
'Wageningen'     6     4  1994 14377.   0.0  10.1  0.73   1.8   0.1 -99.9
'Wageningen'     7     4  1994 11898.   0.5   9.8  0.73   2.1   0.3 -99.9
'Wageningen'     8     4  1994  6041.   5.1   8.8  0.86   3.7   1.8 -99.9
'Wageningen'     9     4  1994  7953.   0.0   8.2  0.74   3.2  11.6 -99.9
'Wageningen'    10     4  1994 16154.  -0.5   9.6  0.70   2.0   0.0 -99.9
'Wageningen'    11     4  1994 16541.   4.7  14.1  0.86   3.6   0.0 -99.9
'Wageningen'    12     4  1994  8729.   5.0  11.8  0.92   3.1   0.0 -99.9
'Wageningen'    13     4  1994 14560.   4.0  11.6  0.81   5.4   0.0 -99.9
'Wageningen'    14     4  1994 18788.   3.0   9.6  0.74   3.5   0.9 -99.9
'Wageningen'    15     4  1994  7064.   4.7   8.8  0.80   2.5   1.1 -99.9
'Wageningen'    16     4  1994 20796.   3.9  14.2  0.79   3.8   0.0 -99.9
'Wageningen'    17     4  1994 12647.   2.1  10.6  0.74   3.6   0.0 -99.9
'Wageningen'    18     4  1994 21195.  -0.3  11.2  0.65   2.5   0.0 -99.9
'Wageningen'    19     4  1994 12507.  -2.5   8.9  0.64   1.1   0.0 -99.9
'Wageningen'    20     4  1994 13426.  -1.7  14.9  0.72   1.4   0.0 -99.9
'Wageningen'    21     4  1994  9238.   0.2  13.7  0.82   2.0   0.0 -99.9
'Wageningen'    22     4  1994 18465.   0.7  18.3  0.85   2.0   0.0 -99.9
'Wageningen'    23     4  1994 18358.  10.5  22.7  1.15   3.3   6.4 -99.9
'Wageningen'    24     4  1994 13039.   8.9  20.7  1.28   2.1   1.4 -99.9
'Wageningen'    25     4  1994 10544.   5.1  14.5  1.04   2.2   0.0 -99.9
'Wageningen'    26     4  1994  5382.   5.8  13.4  1.18   2.8   0.4 -99.9
'Wageningen'    27     4  1994  5962.  10.7  15.4  1.46   2.7   1.3 -99.9
'Wageningen'    28     4  1994  8610.  10.0  17.3  1.41   2.6   0.0 -99.9
'Wageningen'    29     4  1994 23074.   6.5  21.5  1.26   1.3   0.0 -99.9
'Wageningen'    30     4  1994 19545.   5.7  20.1  1.26   2.4   0.0 -99.9
'Wageningen'     1     5  1994 20315.   4.9  10.9  0.74   2.4   0.0 -99.9
'Wageningen'     2     5  1994 24277.   0.4  15.0  0.68   2.8   0.0 -99.9
'Wageningen'     3     5  1994 23698.   6.5  21.1  0.89   4.1   0.0 -99.9
'Wageningen'     4     5  1994 11988.   7.9  15.2  1.09   3.1   2.2 -99.9
'Wageningen'     5     5  1994 14811.   7.5  14.5  0.98   3.1   0.6 -99.9
'Wageningen'     6     5  1994  5553.   8.7  13.9  1.31   2.3  10.8 -99.9
'Wageningen'     7     5  1994 13312.  12.5  20.8  1.51   2.9   0.2 -99.9
'Wageningen'     8     5  1994  4650.   8.9  14.9  1.25   2.4   4.7 -99.9
'Wageningen'     9     5  1994 12756.   8.0  13.4  1.05   1.6   0.0 -99.9
'Wageningen'    10     5  1994 11633.   5.6  14.8  1.07   1.2   0.0 -99.9
'Wageningen'    11     5  1994 21376.   4.1  21.2  1.07   3.8   0.0 -99.9
'Wageningen'    12     5  1994 25539.  13.6  23.5  1.00   4.3   0.0 -99.9
'Wageningen'    13     5  1994 24727.  10.9  21.9  1.08   4.5   0.0 -99.9
'Wageningen'    14     5  1994 20134.  11.3  24.4  1.36   3.3   3.0 -99.9
'Wageningen'    15     5  1994 17710.   8.7  18.6  1.29   4.0  11.2 -99.9
'Wageningen'    16     5  1994 13978.   6.2  18.8  1.31   1.7   1.4 -99.9
'Wageningen'    17     5  1994  9521.   9.6  17.1  1.27   2.8   6.9 -99.9
'Wageningen'    18     5  1994 17817.   8.8  17.7  1.26   1.8   0.0 -99.9
'Wageningen'    19     5  1994 15345.   8.7  16.5  1.16   1.6   0.0 -99.9
'Wageningen'    20     5  1994 14308.   6.6  18.1  1.28   2.0   2.7 -99.9
'Wageningen'    21     5  1994 13787.  11.9  18.7  1.43   3.0  12.1 -99.9
'Wageningen'    22     5  1994  9205.   9.6  17.4  1.30   3.2   4.2 -99.9
'Wageningen'    23     5  1994 14203.   7.6  16.7  1.25   2.1   0.0 -99.9
'Wageningen'    24     5  1994 14987.   5.6  18.6  1.20   1.3   0.4 -99.9
'Wageningen'    25     5  1994  4316.   6.1  13.8  1.30   2.0   7.4 -99.9
'Wageningen'    26     5  1994  8736.   5.6  14.9  1.10   1.4   1.2 -99.9
'Wageningen'    27     5  1994 16016.   8.1  13.3  0.98   2.1   0.1 -99.9
'Wageningen'    28     5  1994 14182.   8.9  14.5  1.07   1.5   0.0 -99.9
'Wageningen'    29     5  1994 15511.   2.9  12.8  0.82   1.6   0.0 -99.9
'Wageningen'    30     5  1994 15619.   1.7  14.2  0.80   1.1   0.0 -99.9
'Wageningen'    31     5  1994 27349.   3.3  18.9  0.92   2.5   0.0 -99.9
'Wageningen'     1     6  1994 27628.   5.3  24.8  1.02   2.4   0.0 -99.9
'Wageningen'     2     6  1994  4709.  11.9  19.6  1.61   3.1  12.5 -99.9
'Wageningen'     3     6  1994 13932.  10.6  19.0  1.34   4.5   5.7 -99.9
'Wageningen'     4     6  1994 10770.   9.6  14.1  1.20   4.7  14.1 -99.9
'Wageningen'     5     6  1994 24487.   7.8  14.7  1.02   4.3   1.2 -99.9
'Wageningen'     6     6  1994  9274.   8.5  14.5  1.33   3.4   1.9 -99.9
'Wageningen'     7     6  1994  4831.  11.6  14.8  1.46   3.6   0.0 -99.9
'Wageningen'     8     6  1994  8740.   7.7  17.8  1.26   2.1   8.6 -99.9
'Wageningen'     9     6  1994 16030.   5.7  15.3  1.08   3.5   2.9 -99.9
'Wageningen'    10     6  1994 19564.   8.5  14.7  1.10   3.3   5.3 -99.9
'Wageningen'    11     6  1994 19232.   7.7  16.3  1.09   2.0   2.1 -99.9
'Wageningen'    12     6  1994 20349.   7.0  19.3  1.22   1.5   0.0 -99.9
'Wageningen'    13     6  1994 19696.   5.8  18.9  1.20   1.4   0.0 -99.9
'Wageningen'    14     6  1994 27346.   5.7  22.3  1.27   1.8   0.0 -99.9
'Wageningen'    15     6  1994 22427.   5.7  18.9  1.13   3.1   0.0 -99.9
'Wageningen'    16     6  1994  6353.  11.2  14.9  1.28   2.9   2.3 -99.9
'Wageningen'    17     6  1994 11994.  10.4  16.7  1.30   1.5   0.2 -99.9
'Wageningen'    18     6  1994 17218.  12.8  21.1  1.31   4.4   0.0 -99.9
'Wageningen'    19     6  1994 16866.  12.7  19.8  1.48   3.4   0.0 -99.9
'Wageningen'    20     6  1994  7056.  11.9  17.8  1.59   1.5   0.2 -99.9
'Wageningen'    21     6  1994 14662.  13.7  20.1  1.49   5.4   0.2 -99.9
'Wageningen'    22     6  1994 14254.   9.7  20.3  1.53   4.8   0.9 -99.9
'Wageningen'    23     6  1994 28260.   9.7  20.0  1.04   1.9   0.0 -99.9
'Wageningen'    24     6  1994 26521.   9.6  26.2  1.20   4.1   0.0 -99.9
'Wageningen'    25     6  1994 17947.  13.1  27.2  1.88   3.2   0.4 -99.9
'Wageningen'    26     6  1994 21512.  12.4  24.2  1.72   2.0   0.0 -99.9
'Wageningen'    27     6  1994 24060.  13.5  25.5  1.50   1.9   0.0 -99.9
'Wageningen'    28     6  1994 23880.  13.1  30.4  1.84   1.4   0.0 -99.9
'Wageningen'    29     6  1994 10960.  11.1  25.8  1.74   2.9   0.0 -99.9
'Wageningen'    30     6  1994 19611.   9.0  22.9  1.29   1.7   0.0 -99.9
'Wageningen'     1     7  1994 29245.  12.8  26.2  1.43   3.2   4.3 -99.9
'Wageningen'     2     7  1994 25157.  15.0  29.8  1.82   2.4   0.0 -99.9
'Wageningen'     3     7  1994 24779.  15.8  29.6  2.25   1.5   0.0 -99.9
'Wageningen'     4     7  1994 15569.  16.9  27.3  2.14   1.7   0.0 -99.9
'Wageningen'     5     7  1994 16159.  10.4  21.7  1.53   3.1   0.0 -99.9
'Wageningen'     6     7  1994 18195.   9.1  21.2  1.35   1.2   0.0 -99.9
'Wageningen'     7     7  1994 11815.  10.7  18.6  1.41   2.2   0.7 -99.9
'Wageningen'     8     7  1994 18144.  10.4  22.2  1.49   1.7   1.6 -99.9
'Wageningen'     9     7  1994 15555.  12.6  22.8  1.63   1.1   0.0 -99.9
'Wageningen'    10     7  1994 24564.   9.6  26.1  1.59   1.2   0.0 -99.9
'Wageningen'    11     7  1994 26717.  11.8  29.5  1.62   2.1   0.0 -99.9
'Wageningen'    12     7  1994 27180.  19.7  31.6  1.73   3.2   0.0 -99.9
'Wageningen'    13     7  1994 24235.  19.0  32.6  2.09   2.3  10.9 -99.9
'Wageningen'    14     7  1994 17023.  15.2  25.3  2.01   1.7  15.5 -99.9
'Wageningen'    15     7  1994 23884.  12.3  25.8  1.61   1.2   0.0 -99.9
'Wageningen'    16     7  1994 20157.  15.0  24.3  1.80   1.6   0.0 -99.9
'Wageningen'    17     7  1994 21890.  14.6  24.4  1.56   2.7   0.0 -99.9
'Wageningen'    18     7  1994 27489.  13.2  24.6  1.44   2.4   0.0 -99.9
'Wageningen'    19     7  1994 25313.  12.8  25.6  1.45   2.4   0.0 -99.9
'Wageningen'    20     7  1994 24581.  13.4  25.9  1.40   2.1   0.0 -99.9
'Wageningen'    21     7  1994 25695.  12.9  29.2  1.64   1.3   0.0 -99.9
'Wageningen'    22     7  1994 20398.  14.8  29.1  1.90   1.5   0.0 -99.9
'Wageningen'    23     7  1994 22669.  16.2  30.6  1.86   2.2   0.0 -99.9
'Wageningen'    24     7  1994 25053.  16.8  33.4  1.75   2.0   0.0 -99.9
'Wageningen'    25     7  1994 20494.  18.2  28.8  2.12   2.3   0.0 -99.9
'Wageningen'    26     7  1994 23382.  16.7  29.5  1.96   1.4   0.0 -99.9
'Wageningen'    27     7  1994 20867.  18.3  31.8  2.05   1.4   0.0 -99.9
'Wageningen'    28     7  1994 18339.  17.0  28.3  2.19   3.5   0.0 -99.9
'Wageningen'    29     7  1994 17201.  17.3  25.8  1.79   2.0   0.0 -99.9
'Wageningen'    30     7  1994 19602.  16.3  31.2  1.93   2.3   0.0 -99.9
'Wageningen'    31     7  1994 22251.  17.1  31.6  2.07   2.2   2.5 -99.9
'Wageningen'     1     8  1994 10014.  14.0  23.3  2.07   1.7   1.7 -99.9
'Wageningen'     2     8  1994 22105.  14.2  25.5  1.63   1.7   0.0 -99.9
'Wageningen'     3     8  1994 24127.  13.6  30.7  1.68   1.3   0.0 -99.9
'Wageningen'     4     8  1994 23117.  16.0  34.6  1.94   2.2   0.0 -99.9
'Wageningen'     5     8  1994 14882.  16.3  27.2  2.19   1.5   0.1 -99.9
'Wageningen'     6     8  1994 20266.  14.8  26.8  1.65   1.7   0.0 -99.9
'Wageningen'     7     8  1994 17530.  14.3  24.4  1.50   2.2   0.0 -99.9
'Wageningen'     8     8  1994 22807.  12.0  23.4  1.46   1.9   0.0 -99.9
'Wageningen'     9     8  1994 22772.  10.3  24.3  1.31   2.6   0.0 -99.9
'Wageningen'    10     8  1994 16608.  15.2  26.2  1.79   2.8   0.0 -99.9
'Wageningen'    11     8  1994 21043.  16.1  23.7  1.71   3.2   4.3 -99.9
'Wageningen'    12     8  1994  5665.  13.9  18.2  1.65   4.9   2.7 -99.9
'Wageningen'    13     8  1994 18399.   9.0  18.6  1.15   2.9   0.0 -99.9
'Wageningen'    14     8  1994 14956.   8.6  18.7  1.08   2.8   0.0 -99.9
'Wageningen'    15     8  1994 14851.   6.8  19.6  1.12   1.4   0.0 -99.9
'Wageningen'    16     8  1994 21658.   6.9  23.8  1.15   1.8   0.0 -99.9
'Wageningen'    17     8  1994  9318.   9.9  19.7  1.40   4.0   8.6 -99.9
'Wageningen'    18     8  1994 16558.  12.3  19.5  1.40   4.9   8.3 -99.9
'Wageningen'    19     8  1994  9411.  13.2  19.3  1.68   3.0   0.1 -99.9
'Wageningen'    20     8  1994 11676.  10.5  20.4  1.51   2.0   0.0 -99.9
'Wageningen'    21     8  1994 19745.   9.8  22.6  1.38   1.1   0.0 -99.9
'Wageningen'    22     8  1994 14625.  11.1  24.8  1.56   2.9   0.0 -99.9
'Wageningen'    23     8  1994  5158.  15.2  22.0  1.99   1.8   0.1 -99.9
'Wageningen'    24     8  1994 16702.  13.9  21.4  1.61   2.5   8.1 -99.9
'Wageningen'    25     8  1994 15329.  13.0  21.6  1.50   1.4   0.1 -99.9
'Wageningen'    26     8  1994 11809.  13.1  20.3  1.68   2.6   1.7 -99.9
'Wageningen'    27     8  1994  6045.  13.9  19.7  1.72   3.1   5.1 -99.9
'Wageningen'    28     8  1994 19640.  12.4  19.5  1.26   4.7   0.1 -99.9
'Wageningen'    29     8  1994 13988.   9.8  19.6  1.31   3.8   0.0 -99.9
'Wageningen'    30     8  1994 12458.  10.1  20.1  1.40   1.7   0.3 -99.9
'Wageningen'    31     8  1994 15979.   8.5  22.8  1.35   2.6   0.5 -99.9
'Wageningen'     1     9  1994  6829.  14.4  20.2  1.69   3.5   1.6 -99.9
'Wageningen'     2     9  1994  9228.  13.3  19.0  1.48   3.6   3.9 -99.9
'Wageningen'     3     9  1994  4550.  10.7  18.0  1.59   3.6  18.0 -99.9
'Wageningen'     4     9  1994  4538.  11.5  19.1  1.71   3.1   3.3 -99.9
'Wageningen'     5     9  1994 11351.  10.2  18.6  1.37   3.2   0.9 -99.9
'Wageningen'     6     9  1994 10100.  10.1  18.1  1.26   1.6   0.5 -99.9
'Wageningen'     7     9  1994  3887.  10.1  15.9  1.39   1.9   7.7 -99.9
'Wageningen'     8     9  1994 10556.  11.1  19.4  1.46   2.8   8.2 -99.9
'Wageningen'     9     9  1994  9485.  10.2  16.8  1.27   5.1   6.1 -99.9
'Wageningen'    10     9  1994 13028.   9.9  17.6  1.21   5.7   7.4 -99.9
'Wageningen'    11     9  1994  8184.   9.4  15.9  1.33   3.4   2.6 -99.9
'Wageningen'    12     9  1994  9762.  12.6  20.7  1.51   4.1  22.8 -99.9
'Wageningen'    13     9  1994 12587.   7.0  18.5  1.29   3.0   0.0 -99.9
'Wageningen'    14     9  1994  2474.   7.7  15.8  1.41   2.3  15.2 -99.9
'Wageningen'    15     9  1994  3193.  10.8  14.0  1.36   5.6  11.7 -99.9
'Wageningen'    16     9  1994  6926.   9.3  14.4  1.24   5.3  10.3 -99.9
'Wageningen'    17     9  1994  4674.   9.1  13.4  1.26   4.3   7.8 -99.9
'Wageningen'    18     9  1994 10587.   9.6  16.9  1.32   1.7   3.4 -99.9
'Wageningen'    19     9  1994  7869.  10.2  16.3  1.31   1.5  14.6 -99.9
'Wageningen'    20     9  1994  4039.  10.5  13.2  1.24   3.2   3.7 -99.9
'Wageningen'    21     9  1994 13615.   9.9  18.1  1.28   3.1   0.0 -99.9
'Wageningen'    22     9  1994 14509.   8.2  18.5  1.21   2.3   0.0 -99.9
'Wageningen'    23     9  1994 13789.   8.5  20.3  1.26   3.0   0.0 -99.9
'Wageningen'    24     9  1994  9006.  10.9  20.8  1.46   1.9   0.5 -99.9
'Wageningen'    25     9  1994 11667.   7.8  22.0  1.52   1.0   2.3 -99.9
'Wageningen'    26     9  1994  5075.   9.1  17.5  1.48   0.8   0.0 -99.9
'Wageningen'    27     9  1994  8056.   8.5  17.0  1.38   2.9   0.1 -99.9
'Wageningen'    28     9  1994  9706.   9.5  17.3  1.30   2.1   0.0 -99.9
'Wageningen'    29     9  1994  3925.  11.5  15.9  1.36   2.3   0.0 -99.9
'Wageningen'    30     9  1994  7956.  11.2  17.3  1.34   1.5   0.0 -99.9
'Wageningen'     1    10  1994  4196.  11.5  16.0  1.41   1.6   1.9 -99.9
'Wageningen'     2    10  1994  4658.  11.1  15.7  1.42   2.2   1.3 -99.9
'Wageningen'     3    10  1994  3407.   3.2  14.6  1.19   2.7  21.7 -99.9
'Wageningen'     4    10  1994  9196.   3.2   9.2  0.82   2.5   3.3 -99.9
'Wageningen'     5    10  1994 10414.   4.5  11.9  0.91   1.8   2.5 -99.9
'Wageningen'     6    10  1994  4194.   6.4  11.2  1.04   1.7   0.0 -99.9
'Wageningen'     7    10  1994  8722.   2.4  12.5  0.89   1.9   0.0 -99.9
'Wageningen'     8    10  1994  8303.   0.9  13.1  0.90   1.3   1.2 -99.9
'Wageningen'     9    10  1994 10394.   4.2  15.3  0.98   0.9   0.0 -99.9
'Wageningen'    10    10  1994  8489.   2.4  15.4  1.06   1.8   0.0 -99.9
'Wageningen'    11    10  1994 10267.   2.1  16.9  1.06   1.6   0.0 -99.9
'Wageningen'    12    10  1994 10523.   0.6  16.9  1.01   1.4   0.0 -99.9
'Wageningen'    13    10  1994 10510.   5.0  15.8  1.14   1.9   0.0 -99.9
'Wageningen'    14    10  1994 10881.   2.5  19.8  1.09   1.5   0.0 -99.9
'Wageningen'    15    10  1994  9234.   2.4  18.7  1.07   0.8   0.0 -99.9
'Wageningen'    16    10  1994  7289.   5.6  13.1  0.95   2.2   0.0 -99.9
'Wageningen'    17    10  1994 10515.   0.0  10.1  0.65   2.2   0.0 -99.9
'Wageningen'    18    10  1994 10791.  -0.1   9.8  0.58   3.7   0.0 -99.9
'Wageningen'    19    10  1994  8576.   2.3  12.4  0.70   4.5   0.0 -99.9
'Wageningen'    20    10  1994  8470.   3.2  11.7  0.73   4.4   0.0 -99.9
'Wageningen'    21    10  1994  7057.   5.4  13.9  0.96   2.8   0.0 -99.9
'Wageningen'    22    10  1994  2646.   8.4  15.0  1.34   4.4   1.8 -99.9
'Wageningen'    23    10  1994  6787.   9.6  16.2  1.27   4.2   1.2 -99.9
'Wageningen'    24    10  1994  4985.   7.8  13.5  1.15   3.0   0.2 -99.9
'Wageningen'    25    10  1994  4427.   7.7  12.8  1.12   4.2   2.2 -99.9
'Wageningen'    26    10  1994  2880.   6.0  11.3  1.02   4.1   4.7 -99.9
'Wageningen'    27    10  1994  2671.   5.0   9.6  0.95   4.1   0.0 -99.9
'Wageningen'    28    10  1994  5907.   4.6  11.9  0.94   3.2   3.3 -99.9
'Wageningen'    29    10  1994  2022.   4.5  11.0  1.03   4.2   6.2 -99.9
'Wageningen'    30    10  1994  1285.  10.2  15.3  1.56   5.9  32.7 -99.9
'Wageningen'    31    10  1994  1614.  11.4  15.0  1.42   6.6   9.1 -99.9
'Wageningen'     1    11  1994  6568.   5.0  13.3  0.98   4.7   1.4 -99.9
'Wageningen'     2    11  1994  6707.   3.4  11.8  0.90   2.5   0.0 -99.9
'Wageningen'     3    11  1994  6608.   6.0  15.5  1.00   4.4   0.0 -99.9
'Wageningen'     4    11  1994  6038.   9.9  17.3  1.12   3.9   0.0 -99.9
'Wageningen'     5    11  1994  4819.   9.2  17.1  1.18   2.5   0.0 -99.9
'Wageningen'     6    11  1994  4343.  10.5  15.4  1.27   1.5   0.0 -99.9
'Wageningen'     7    11  1994  1907.  10.5  12.4  1.25   2.0   2.4 -99.9
'Wageningen'     8    11  1994  2139.   8.5  12.0  1.19   2.0   0.0 -99.9
'Wageningen'     9    11  1994  3146.   7.1  12.2  1.11   3.6   0.2 -99.9
'Wageningen'    10    11  1994  1397.   9.0  12.5  1.21   1.5   3.2 -99.9
'Wageningen'    11    11  1994  1333.   9.2  12.0  1.22   1.4   1.9 -99.9
'Wageningen'    12    11  1994  1881.   7.8  11.2  1.11   2.8   0.3 -99.9
'Wageningen'    13    11  1994  1861.   8.2  12.9  1.18   3.7   1.6 -99.9
'Wageningen'    14    11  1994   533.  12.6  14.8  1.43   7.1   8.5 -99.9
'Wageningen'    15    11  1994  3331.   9.2  13.6  1.15   6.4   1.9 -99.9
'Wageningen'    16    11  1994  5092.   5.2  11.9  0.95   4.1   0.0 -99.9
'Wageningen'    17    11  1994  3560.   5.0  10.9  0.95   4.7   1.7 -99.9
'Wageningen'    18    11  1994  2016.   5.5  11.4  1.08   3.3   1.5 -99.9
'Wageningen'    19    11  1994   624.   5.8  14.0  1.27   3.7   1.6 -99.9
'Wageningen'    20    11  1994  1456.   8.0  15.0  1.38   5.3   1.6 -99.9
'Wageningen'    21    11  1994  2208.   5.6  11.4  1.08   0.8   0.0 -99.9
'Wageningen'    22    11  1994  3326.   6.3  11.7  1.05   2.1   0.0 -99.9
'Wageningen'    23    11  1994  1513.   8.0  11.9  1.24   2.4   0.0 -99.9
'Wageningen'    24    11  1994   878.   4.2  11.7  1.10   2.7   0.1 -99.9
'Wageningen'    25    11  1994  4183.   2.9  10.6  0.95   1.5   0.0 -99.9
'Wageningen'    26    11  1994   830.   8.7  11.9  1.26   2.3   2.0 -99.9
'Wageningen'    27    11  1994  1653.   8.7  10.5  1.14   1.0   0.5 -99.9
'Wageningen'    28    11  1994  1943.   2.5  12.0  1.09   0.7   0.0 -99.9
'Wageningen'    29    11  1994  3054.   1.4   9.6  0.87   1.8   0.0 -99.9
'Wageningen'    30    11  1994   890.   4.5   6.3  0.82   3.3   0.0 -99.9
'Wageningen'     1    12  1994  3680.   1.4   7.3  0.72   2.6   0.0 -99.9
'Wageningen'     2    12  1994  3882.   0.5   5.4  0.66   2.5   0.0 -99.9
'Wageningen'     3    12  1994  3557.   3.1  11.7  0.96   3.7   3.3 -99.9
'Wageningen'     4    12  1994  1274.   6.4  12.0  1.04   4.6   1.0 -99.9
'Wageningen'     5    12  1994  2238.   5.8  10.9  0.95   4.7   0.7 -99.9
'Wageningen'     6    12  1994  3728.   3.9  10.3  0.79   4.7   0.2 -99.9
'Wageningen'     7    12  1994  1347.   3.7   9.7  0.81   4.8   4.2 -99.9
'Wageningen'     8    12  1994   611.   5.5  10.3  0.98   6.6  24.6 -99.9
'Wageningen'     9    12  1994  3363.  -1.9   9.8  0.81   2.1   8.0 -99.9
'Wageningen'    10    12  1994   946.  -2.1  13.8  0.89   4.7   2.3 -99.9
'Wageningen'    11    12  1994  2580.  11.7  14.1  1.22   8.4   0.0 -99.9
'Wageningen'    12    12  1994  1221.  11.3  13.2  1.20   7.4   0.0 -99.9
'Wageningen'    13    12  1994  1984.   5.5  12.6  1.06   4.2   7.6 -99.9
'Wageningen'    14    12  1994  3169.  -2.2   7.5  0.67   1.5   0.2 -99.9
'Wageningen'    15    12  1994  1457.  -3.7   0.9  0.57   1.8   0.0 -99.9
'Wageningen'    16    12  1994  1795.   0.2   6.7  0.67   2.9   0.1 -99.9
'Wageningen'    17    12  1994   800.   0.1   5.6  0.71   3.5   0.0 -99.9
'Wageningen'    18    12  1994  2061.   3.7   6.8  0.76   4.8   1.7 -99.9
'Wageningen'    19    12  1994  2753.   2.4   7.0  0.78   3.5   0.5 -99.9
'Wageningen'    20    12  1994  3306.  -0.3   5.6  0.67   2.2   1.1 -99.9
'Wageningen'    21    12  1994  2740.  -1.5   5.2  0.63   1.3   0.0 -99.9
'Wageningen'    22    12  1994  1044.  -4.7   1.0  0.54   1.5   0.0 -99.9
'Wageningen'    23    12  1994  1424.  -2.6   0.6  0.51   2.1   0.0 -99.9
'Wageningen'    24    12  1994  3936.  -7.6   0.1  0.39   0.9   0.0 -99.9
'Wageningen'    25    12  1994   946.  -6.9  -0.7  0.45   3.7   0.5 -99.9
'Wageningen'    26    12  1994   620.  -0.8   4.8  0.63   5.2   5.5 -99.9
'Wageningen'    27    12  1994   551.   4.7  11.5  1.10   6.7  37.5 -99.9
'Wageningen'    28    12  1994   562.  11.1  13.8  1.26   7.1  10.4 -99.9
'Wageningen'    29    12  1994   701.   6.7  13.2  1.08   7.3  28.1 -99.9
'Wageningen'    30    12  1994  2071.   5.3   8.0  0.77   8.0   4.3 -99.9
'Wageningen'    31    12  1994  2365.   0.9   6.9  0.74   5.3   1.9 -99.9
