***************************************************************************
* File name: Wageni.981
* Contents: SWAP  3.0 - Meteo data of Wageningen weather station                
***************************************************************************     
* Comment area:                                                                 
*                                                                               
*                                                                               
***************************************************************************     
    Station   DD MM YYYY     RAD   Tmin   Tmax    HUM   WIND   RAIN   ETref     
*             nr nr   nr   kJ/m2      C      C    kPa    m/s     mm      mm     
 'Wageningen'  1  1 1981   2120.    0.7    7.3   0.61    6.6    4.2   -99.9
 'Wageningen'  2  1 1981    240.    3.2    7.7   0.88    5.9   21.1   -99.9
 'Wageningen'  3  1 1981   1370.    3.0   10.2   0.85    7.8    7.4   -99.9
 'Wageningen'  4  1 1981   2140.    0.2    6.0   0.64    4.9    0.9   -99.9
 'Wageningen'  5  1 1981   2880.   -0.3    4.2   0.56    2.8    0.4   -99.9
 'Wageningen'  6  1 1981   2230.   -6.4    0.7   0.54    1.8    4.7   -99.9
 'Wageningen'  7  1 1981   4000.   -8.3    1.6   0.45    1.0    0.0   -99.9
 'Wageningen'  8  1 1981   1270.   -6.9    2.0   0.57    2.5    0.3   -99.9
 'Wageningen'  9  1 1981    660.    1.7    6.9   0.83    3.0    6.7   -99.9
 'Wageningen' 10  1 1981   2790.   -0.1    4.4   0.63    2.4    2.3   -99.9
 'Wageningen' 11  1 1981   4710.   -3.4    3.4   0.51    1.3    0.0   -99.9
 'Wageningen' 12  1 1981    560.   -3.5    1.0   0.55    3.6    1.5   -99.9
 'Wageningen' 13  1 1981   5330.   -3.1    0.7   0.51    3.0    0.0   -99.9
 'Wageningen' 14  1 1981    490.   -2.0    6.6   0.69    6.1   18.4   -99.9
 'Wageningen' 15  1 1981   2080.   -1.3    3.9   0.60    4.3    5.5   -99.9
 'Wageningen' 16  1 1981   3210.   -4.3    2.9   0.55    3.3    3.7   -99.9
 'Wageningen' 17  1 1981   2730.    2.3    5.1   0.70    3.7    0.0   -99.9
 'Wageningen' 18  1 1981   2410.   -0.2    2.8   0.53    2.4    0.0   -99.9
 'Wageningen' 19  1 1981   1730.   -0.1    6.0   0.66    4.5    4.4   -99.9
 'Wageningen' 20  1 1981   3350.   -3.2    2.3   0.56    1.5    0.0   -99.9
 'Wageningen' 21  1 1981   2250.   -3.3    1.1   0.54    2.5    0.0   -99.9
 'Wageningen' 22  1 1981    770.    0.7    3.2   0.67    2.1    0.0   -99.9
 'Wageningen' 23  1 1981    850.    3.1    7.1   0.81    1.6    0.0   -99.9
 'Wageningen' 24  1 1981    530.    2.1    5.5   0.80    2.2    0.0   -99.9
 'Wageningen' 25  1 1981   1740.    0.0    6.0   0.72    2.9    0.0   -99.9
 'Wageningen' 26  1 1981   3140.   -2.8    2.9   0.63    1.5    0.9   -99.9
 'Wageningen' 27  1 1981    590.    2.4    6.5   0.86    1.4    0.0   -99.9
 'Wageningen' 28  1 1981   1340.    3.6    6.1   0.85    0.9    0.0   -99.9
 'Wageningen' 29  1 1981   1020.    2.2    5.0   0.73    1.4    0.0   -99.9
 'Wageningen' 30  1 1981    660.    0.4    4.6   0.70    1.7    0.0   -99.9
 'Wageningen' 31  1 1981   4640.   -0.9    7.4   0.62    1.7    0.0   -99.9
 'Wageningen'  1  2 1981   1060.   -1.0    4.0   0.64    1.7    0.0   -99.9
 'Wageningen'  2  2 1981   5570.   -0.4    8.0   0.69    3.3    0.0   -99.9
 'Wageningen'  3  2 1981   3260.    3.6    8.8   0.81    5.3   19.2   -99.9
 'Wageningen'  4  2 1981   2190.    0.4    4.8   0.68    3.4    5.4   -99.9
 'Wageningen'  5  2 1981   3170.   -0.2    4.1   0.62    3.3    0.5   -99.9
 'Wageningen'  6  2 1981    980.    3.0    8.9   0.90    4.2    2.2   -99.9
 'Wageningen'  7  2 1981   2650.    7.2   10.6   1.02    5.0    0.1   -99.9
 'Wageningen'  8  2 1981   1430.    6.4    9.0   0.98    4.4    1.4   -99.9
 'Wageningen'  9  2 1981   1250.    5.2    8.1   0.86    2.3    0.0   -99.9
 'Wageningen' 10  2 1981   2550.   -0.1    5.5   0.64    6.3    5.9   -99.9
 'Wageningen' 11  2 1981   5260.   -2.6    3.0   0.53    2.2    1.1   -99.9
 'Wageningen' 12  2 1981   3340.   -3.5    2.6   0.56    0.8    0.1   -99.9
 'Wageningen' 13  2 1981   7860.   -4.3    2.0   0.45    1.6    0.0   -99.9
 'Wageningen' 14  2 1981   7310.   -6.3    2.0   0.44    0.6    0.0   -99.9
 'Wageningen' 15  2 1981   7220.   -7.4    1.0   0.44    0.4    0.0   -99.9
 'Wageningen' 16  2 1981   5800.   -6.7    3.8   0.47    0.8    0.0   -99.9
 'Wageningen' 17  2 1981   2290.    0.2    3.6   0.63    1.8    0.0   -99.9
 'Wageningen' 18  2 1981   1900.   -1.5    2.2   0.55    3.2    0.0   -99.9
 'Wageningen' 19  2 1981   1970.   -1.5    0.7   0.51    3.1    0.0   -99.9
 'Wageningen' 20  2 1981   4120.   -6.6   -0.4   0.47    2.5    0.3   -99.9
 'Wageningen' 21  2 1981   8680.   -9.7   -1.0   0.37    1.6    0.0   -99.9
 'Wageningen' 22  2 1981   7580.   -5.0    1.1   0.41    2.6    0.0   -99.9
 'Wageningen' 23  2 1981   8000.   -6.2    1.7   0.41    2.3    0.0   -99.9
 'Wageningen' 24  2 1981   2530.   -4.6    0.0   0.49    1.9    0.9   -99.9
 'Wageningen' 25  2 1981   7330.   -1.7    1.3   0.53    2.2    0.1   -99.9
 'Wageningen' 26  2 1981   8170.   -0.6    3.9   0.53    2.8    0.0   -99.9
 'Wageningen' 27  2 1981   9020.   -2.3    7.1   0.38    4.0    0.0   -99.9
 'Wageningen' 28  2 1981   3380.   -0.3    3.6   0.48    4.6   10.1   -99.9
 'Wageningen'  1  3 1981   8100.    1.7    9.1   0.74    2.7    0.7   -99.9
 'Wageningen'  2  3 1981   3620.    4.2    8.7   0.86    2.2    0.3   -99.9
 'Wageningen'  3  3 1981   2310.    0.5    6.1   0.74    2.2    0.6   -99.9
 'Wageningen'  4  3 1981   3460.   -1.0    1.6   0.53    1.7    0.0   -99.9
 'Wageningen'  5  3 1981   5340.   -0.5    5.0   0.60    1.9    0.2   -99.9
 'Wageningen'  6  3 1981   3060.    1.9    8.4   0.79    2.9    0.5   -99.9
 'Wageningen'  7  3 1981   1260.    8.2   13.1   1.17    4.6    5.3   -99.9
 'Wageningen'  8  3 1981   2140.    9.7   13.9   1.20    5.4    6.2   -99.9
 'Wageningen'  9  3 1981   1860.    9.4   11.0   1.19    4.5   30.0   -99.9
 'Wageningen' 10  3 1981   1500.    8.1   13.9   1.27    2.6   16.9   -99.9
 'Wageningen' 11  3 1981   1590.    9.9   14.2   1.29    7.2   22.6   -99.9
 'Wageningen' 12  3 1981   3470.    8.5   11.3   1.09    4.1    7.5   -99.9
 'Wageningen' 13  3 1981   6350.    7.2   11.6   0.98    3.6    3.8   -99.9
 'Wageningen' 14  3 1981   3020.    6.0    9.4   0.90    4.7   12.4   -99.9
 'Wageningen' 15  3 1981   5650.    4.1    9.7   0.81    2.9    0.2   -99.9
 'Wageningen' 16  3 1981   5970.    1.3    6.6   0.73    1.2    2.3   -99.9
 'Wageningen' 17  3 1981   8100.   -1.2    6.1   0.61    0.7    0.7   -99.9
 'Wageningen' 18  3 1981   6360.   -2.1    5.9   0.67    3.2    0.0   -99.9
 'Wageningen' 19  3 1981   4940.    5.5    9.7   0.76    6.6    0.0   -99.9
 'Wageningen' 20  3 1981  11980.    5.7   12.2   0.80    3.6    0.0   -99.9
 'Wageningen' 21  3 1981  10920.    7.2   16.2   0.90    4.4    0.1   -99.9
 'Wageningen' 22  3 1981   5540.    0.5   14.9   0.77    6.1    1.6   -99.9
 'Wageningen' 23  3 1981   3110.    0.7   12.6   0.91    4.2    5.8   -99.9
 'Wageningen' 24  3 1981   5420.    9.3   12.6   1.09    5.5    3.2   -99.9
 'Wageningen' 25  3 1981   4550.   11.4   16.1   1.35    3.2    6.9   -99.9
 'Wageningen' 26  3 1981   6320.    4.9   14.7   1.04    3.8    4.0   -99.9
 'Wageningen' 27  3 1981  16240.    4.1   15.7   0.77    2.6    0.0   -99.9
 'Wageningen' 28  3 1981   9680.    9.0   17.0   0.79    2.8    0.0   -99.9
 'Wageningen' 29  3 1981  10620.    9.6   16.6   0.96    2.7    0.2   -99.9
 'Wageningen' 30  3 1981   5120.    6.4   14.7   1.13    0.8    0.4   -99.9
 'Wageningen' 31  3 1981   6200.    5.2   14.5   1.09    1.9    0.0   -99.9
 'Wageningen'  1  4 1981   2560.    7.5   13.5   1.12    1.9    0.0   -99.9
 'Wageningen'  2  4 1981   3450.    7.3    9.7   1.04    1.6    0.0   -99.9
 'Wageningen'  3  4 1981   5270.    7.7   12.1   1.08    2.4    0.0   -99.9
 'Wageningen'  4  4 1981   3030.    5.3    8.0   0.83    2.3    0.3   -99.9
 'Wageningen'  5  4 1981   9480.    2.8   10.5   0.80    1.7    0.0   -99.9
 'Wageningen'  6  4 1981  12830.    0.0   12.3   0.73    1.9    0.0   -99.9
 'Wageningen'  7  4 1981   9870.    5.7   15.1   0.98    1.6    0.0   -99.9
 'Wageningen'  8  4 1981  10960.    5.0   15.4   0.88    1.3    0.0   -99.9
 'Wageningen'  9  4 1981  15510.    2.7   19.1   0.97    0.9    0.0   -99.9
 'Wageningen' 10  4 1981  17850.    1.7   20.8   0.86    2.1    0.0   -99.9
 'Wageningen' 11  4 1981  14870.    9.1   21.0   1.10    2.6    0.0   -99.9
 'Wageningen' 12  4 1981   8960.    8.3   17.3   1.31    1.6    0.8   -99.9
 'Wageningen' 13  4 1981   8150.    4.6   16.1   0.86    2.9    0.0   -99.9
 'Wageningen' 14  4 1981  20700.    3.1   19.3   0.63    3.2    0.0   -99.9
 'Wageningen' 15  4 1981  20580.    2.9   19.6   0.71    2.7    0.0   -99.9
 'Wageningen' 16  4 1981  19690.    4.4   16.4   0.63    3.0    0.0   -99.9
 'Wageningen' 17  4 1981  19580.    1.5   10.8   0.46    3.7    0.0   -99.9
 'Wageningen' 18  4 1981  15180.   -1.3   10.7   0.53    2.6    0.0   -99.9
 'Wageningen' 19  4 1981   9940.    3.7    9.6   0.71    4.1    1.4   -99.9
 'Wageningen' 20  4 1981  16350.   -1.4   10.9   0.53    2.8    0.0   -99.9
 'Wageningen' 21  4 1981   6280.   -1.1    7.9   0.63    2.2    0.0   -99.9
 'Wageningen' 22  4 1981  12330.    0.3    8.4   0.60    2.1    0.4   -99.9
 'Wageningen' 23  4 1981  18390.   -3.9    8.0   0.49    1.7    0.1   -99.9
 'Wageningen' 24  4 1981  20160.   -6.7    9.7   0.38    2.5    0.0   -99.9
 'Wageningen' 25  4 1981  10040.    4.1   13.7   0.55    2.7    0.0   -99.9
 'Wageningen' 26  4 1981   9420.    4.9   12.5   0.81    2.2    0.7   -99.9
 'Wageningen' 27  4 1981  16260.    0.1   14.7   0.70    3.1    0.0   -99.9
 'Wageningen' 28  4 1981   7440.   -1.4    7.8   0.76    2.6    2.9   -99.9
 'Wageningen' 29  4 1981   9980.    6.1   12.2   1.01    3.6    0.3   -99.9
 'Wageningen' 30  4 1981   3000.    7.7   10.6   1.13    4.1    7.6   -99.9
 'Wageningen'  1  5 1981  16120.    0.3    9.6   0.65    2.6    0.4   -99.9
 'Wageningen'  2  5 1981  15590.   -1.1    9.5   0.61    2.1    0.1   -99.9
 'Wageningen'  3  5 1981  13720.   -1.9    9.0   0.59    2.9    2.7   -99.9
 'Wageningen'  4  5 1981   7330.    3.9   10.0   0.85    2.8    5.5   -99.9
 'Wageningen'  5  5 1981   8770.    1.6    9.2   0.80    3.2    4.3   -99.9
 'Wageningen'  6  5 1981   5780.    2.1   14.8   1.06    2.3    0.7   -99.9
 'Wageningen'  7  5 1981  20420.    7.8   20.4   1.17    3.0    0.0   -99.9
 'Wageningen'  8  5 1981   9680.    8.8   17.6   1.35    2.1    1.7   -99.9
 'Wageningen'  9  5 1981  19120.    7.6   23.5   1.29    1.6    0.1   -99.9
 'Wageningen' 10  5 1981  22590.   10.2   27.7   1.19    2.1    0.0   -99.9
 'Wageningen' 11  5 1981  22310.   13.8   25.9   1.33    3.1    0.2   -99.9
 'Wageningen' 12  5 1981  21800.   13.0   21.8   1.33    1.6    0.0   -99.9
 'Wageningen' 13  5 1981  15170.    9.8   19.0   1.29    1.1    0.2   -99.9
 'Wageningen' 14  5 1981   4620.   10.5   14.2   1.28    0.7    3.1   -99.9
 'Wageningen' 15  5 1981  18880.   10.6   18.5   1.21    1.3    0.0   -99.9
 'Wageningen' 16  5 1981  12770.    7.3   19.0   1.21    2.3    1.6   -99.9
 'Wageningen' 17  5 1981  18110.    7.2   16.2   1.02    2.0    0.1   -99.9
 'Wageningen' 18  5 1981  22240.    6.1   18.7   1.00    1.6    0.0   -99.9
 'Wageningen' 19  5 1981  13160.   12.1   23.7   1.35    2.1    0.3   -99.9
 'Wageningen' 20  5 1981  21370.   12.1   27.4   1.35    2.5    0.0   -99.9
 'Wageningen' 21  5 1981  19510.   12.9   26.8   1.54    1.2    6.2   -99.9
 'Wageningen' 22  5 1981  13740.    9.5   17.1   1.29    2.3   11.6   -99.9
 'Wageningen' 23  5 1981  11860.    8.9   18.2   1.27    3.0    4.5   -99.9
 'Wageningen' 24  5 1981  17370.    8.8   15.2   1.11    3.2    3.2   -99.9
 'Wageningen' 25  5 1981  12320.    8.2   16.4   1.08    2.8    4.5   -99.9
 'Wageningen' 26  5 1981  17860.    6.8   16.4   1.09    1.5    2.1   -99.9
 'Wageningen' 27  5 1981  12080.    4.0   16.7   1.12    0.8    4.6   -99.9
 'Wageningen' 28  5 1981  18060.    8.2   17.0   1.07    2.1    0.9   -99.9
 'Wageningen' 29  5 1981  19500.    5.8   18.8   1.24    0.8    0.0   -99.9
 'Wageningen' 30  5 1981  22330.   12.5   21.5   1.41    1.0    0.0   -99.9
 'Wageningen' 31  5 1981  21320.   15.3   26.4   1.73    1.9    5.8   -99.9
 'Wageningen'  1  6 1981  21950.   13.8   24.6   1.76    0.7    0.1   -99.9
 'Wageningen'  2  6 1981  20340.   14.3   26.7   1.75    2.1    0.6   -99.9
 'Wageningen'  3  6 1981  18030.   13.6   21.5   1.30    1.3    0.0   -99.9
 'Wageningen'  4  6 1981  18580.   12.3   18.9   1.15    2.7    0.1   -99.9
 'Wageningen'  5  6 1981  13910.   10.8   19.3   1.24    2.8    2.3   -99.9
 'Wageningen'  6  6 1981  20610.   11.0   19.5   1.33    2.4    2.8   -99.9
 'Wageningen'  7  6 1981  17350.   10.8   18.3   1.20    2.3    0.0   -99.9
 'Wageningen'  8  6 1981  10280.   15.3   21.6   1.73    2.6    0.7   -99.9
 'Wageningen'  9  6 1981  13920.   12.3   18.4   1.35    3.8    0.1   -99.9
 'Wageningen' 10  6 1981  14010.    9.4   16.9   1.07    3.7    0.0   -99.9
 'Wageningen' 11  6 1981   8650.   10.2   19.2   1.37    2.9    4.0   -99.9
 'Wageningen' 12  6 1981  13870.    5.1   16.0   1.15    2.2    0.0   -99.9
 'Wageningen' 13  6 1981  25680.    2.6   20.0   0.93    1.4    0.0   -99.9
 'Wageningen' 14  6 1981  12560.   13.0   21.5   1.64    2.6    0.0   -99.9
 'Wageningen' 15  6 1981  14000.   13.1   23.5   1.64    3.3    0.2   -99.9
 'Wageningen' 16  6 1981  15010.   11.4   16.7   0.99    4.1    0.0   -99.9
 'Wageningen' 17  6 1981  12130.    8.8   14.3   1.07    3.1    9.3   -99.9
 'Wageningen' 18  6 1981   7710.    8.9   12.9   0.93    2.1    0.2   -99.9
 'Wageningen' 19  6 1981  16890.    8.5   15.9   0.96    0.8    0.0   -99.9
 'Wageningen' 20  6 1981   8920.    9.0   15.9   1.08    0.5    0.4   -99.9
 'Wageningen' 21  6 1981  16270.    9.4   14.9   1.04    2.3    0.4   -99.9
 'Wageningen' 22  6 1981  17450.   10.2   19.5   1.13    1.5    0.0   -99.9
 'Wageningen' 23  6 1981  19530.    6.8   21.2   1.17    0.7    0.0   -99.9
 'Wageningen' 24  6 1981  20600.    9.2   21.2   1.32    0.8    0.0   -99.9
 'Wageningen' 25  6 1981  14060.    7.6   18.0   1.39    1.6    0.0   -99.9
 'Wageningen' 26  6 1981   2670.   11.1   13.2   1.32    1.6    6.5   -99.9
 'Wageningen' 27  6 1981  13520.   11.1   17.5   1.33    1.4    0.1   -99.9
 'Wageningen' 28  6 1981   2210.   12.2   14.6   1.49    1.3   16.6   -99.9
 'Wageningen' 29  6 1981   3310.    9.1   12.1   1.19    4.1   19.5   -99.9
 'Wageningen' 30  6 1981   4990.    8.7   14.8   1.33    4.3    0.5   -99.9
 'Wageningen'  1  7 1981  10330.   11.6   18.2   1.39    3.3    0.0   -99.9
 'Wageningen'  2  7 1981   9630.   10.9   19.2   1.46    1.5    1.5   -99.9
 'Wageningen'  3  7 1981  12250.   11.0   18.4   1.34    3.1    0.5   -99.9
 'Wageningen'  4  7 1981  17230.   11.3   20.6   1.38    2.7    0.0   -99.9
 'Wageningen'  5  7 1981  17980.   12.0   22.1   1.52    1.5    0.0   -99.9
 'Wageningen'  6  7 1981  14810.   12.2   21.9   1.51    1.9    0.0   -99.9
 'Wageningen'  7  7 1981  23460.   12.7   22.9   1.57    1.6    0.0   -99.9
 'Wageningen'  8  7 1981  24260.   10.2   27.7   1.62    1.5    0.0   -99.9
 'Wageningen'  9  7 1981  15860.   18.3   29.4   1.91    1.7    0.3   -99.9
 'Wageningen' 10  7 1981  11970.   17.2   23.5   2.04    1.1   11.7   -99.9
 'Wageningen' 11  7 1981   9270.   15.8   22.2   1.78    1.6    0.0   -99.9
 'Wageningen' 12  7 1981   8840.   10.6   19.0   1.48    2.7    0.2   -99.9
 'Wageningen' 13  7 1981  12870.   11.0   21.1   1.49    1.3    0.0   -99.9
 'Wageningen' 14  7 1981  10130.   11.3   19.4   1.40    2.9    0.0   -99.9
 'Wageningen' 15  7 1981  20320.   12.9   20.6   1.41    2.3    0.0   -99.9
 'Wageningen' 16  7 1981   6320.   11.9   19.1   1.54    3.0    3.0   -99.9
 'Wageningen' 17  7 1981  22770.    7.7   18.5   1.20    3.0    0.0   -99.9
 'Wageningen' 18  7 1981  15700.    6.6   17.4   1.18    1.4    0.1   -99.9
 'Wageningen' 19  7 1981  18130.   10.9   20.6   1.25    2.6    0.1   -99.9
 'Wageningen' 20  7 1981   9180.   13.8   19.6   1.56    2.0    0.7   -99.9
 'Wageningen' 21  7 1981   7220.   13.1   18.5   1.71    2.3    4.8   -99.9
 'Wageningen' 22  7 1981  12790.   13.4   20.9   1.54    2.2    0.0   -99.9
 'Wageningen' 23  7 1981  20350.   11.4   20.2   1.23    2.7    0.1   -99.9
 'Wageningen' 24  7 1981   6460.   10.3   16.3   1.33    3.0    5.7   -99.9
 'Wageningen' 25  7 1981   6690.   11.6   15.4   1.43    3.4   19.9   -99.9
 'Wageningen' 26  7 1981   6760.    9.0   17.9   1.42    2.9    0.0   -99.9
 'Wageningen' 27  7 1981  21210.   10.0   21.0   1.34    2.7    0.0   -99.9
 'Wageningen' 28  7 1981  15600.    9.7   22.9   1.62    1.5    0.0   -99.9
 'Wageningen' 29  7 1981  13930.    9.3   24.3   1.68    1.7    0.0   -99.9
 'Wageningen' 30  7 1981  20220.    7.7   18.8   1.24    1.0    0.0   -99.9
 'Wageningen' 31  7 1981  17960.    5.4   22.6   1.38    1.4    0.8   -99.9
 'Wageningen'  1  8 1981   9170.   13.6   19.6   1.58    1.2    0.0   -99.9
 'Wageningen'  2  8 1981  15140.    8.4   20.1   1.27    1.4    0.0   -99.9
 'Wageningen'  3  8 1981  16290.    7.6   23.4   1.53    0.7    0.0   -99.9
 'Wageningen'  4  8 1981  22340.    9.3   27.8   1.68    0.4    0.0   -99.9
 'Wageningen'  5  8 1981  18770.   13.4   29.2   1.98    0.5    0.0   -99.9
 'Wageningen'  6  8 1981  18070.   15.7   30.0   1.99    1.0    0.0   -99.9
 'Wageningen'  7  8 1981  16350.   15.0   26.1   2.00    1.8    0.0   -99.9
 'Wageningen'  8  8 1981   3190.   16.6   20.0   1.87    1.9    0.0   -99.9
 'Wageningen'  9  8 1981  10020.   15.4   21.2   1.68    1.9    0.0   -99.9
 'Wageningen' 10  8 1981   4260.   15.4   18.7   1.76    1.7    0.7   -99.9
 'Wageningen' 11  8 1981   6340.   15.2   18.3   1.68    1.3    0.1   -99.9
 'Wageningen' 12  8 1981  18410.   10.8   22.9   1.42    0.6    0.0   -99.9
 'Wageningen' 13  8 1981  16190.    9.5   24.4   1.54    0.3    0.0   -99.9
 'Wageningen' 14  8 1981  18630.   12.8   26.1   1.62    0.8    0.0   -99.9
 'Wageningen' 15  8 1981  13140.   13.3   26.2   1.76    0.6    0.0   -99.9
 'Wageningen' 16  8 1981  13940.    9.7   19.7   1.27    2.1    0.0   -99.9
 'Wageningen' 17  8 1981  15790.    7.2   18.5   1.08    1.7    0.0   -99.9
 'Wageningen' 18  8 1981  16620.    7.6   23.0   1.23    2.2    0.0   -99.9
 'Wageningen' 19  8 1981   7660.   14.2   19.9   1.45    2.8    0.9   -99.9
 'Wageningen' 20  8 1981   8550.   11.0   17.5   1.43    4.1   15.5   -99.9
 'Wageningen' 21  8 1981  13350.   10.6   17.6   1.27    3.0    0.5   -99.9
 'Wageningen' 22  8 1981  10080.   11.2   17.1   1.30    3.7    1.3   -99.9
 'Wageningen' 23  8 1981  16600.    8.7   19.2   1.24    1.8    0.1   -99.9
 'Wageningen' 24  8 1981   8790.    6.0   17.7   1.29    0.6    0.0   -99.9
 'Wageningen' 25  8 1981  14700.    5.9   20.8   1.39    0.9    0.0   -99.9
 'Wageningen' 26  8 1981  14770.   10.2   20.6   1.51    1.6    0.0   -99.9
 'Wageningen' 27  8 1981  11240.    9.8   20.2   1.41    2.0    0.0   -99.9
 'Wageningen' 28  8 1981   7470.   14.4   18.2   1.52    0.7    0.0   -99.9
 'Wageningen' 29  8 1981   9500.    9.3   19.1   1.37    0.6    0.8   -99.9
 'Wageningen' 30  8 1981  17180.    8.3   20.7   1.23    0.7    0.0   -99.9
 'Wageningen' 31  8 1981  13030.    5.8   20.0   1.19    0.6    0.0   -99.9
 'Wageningen'  1  9 1981  15070.    9.7   19.4   1.22    1.1    0.0   -99.9
 'Wageningen'  2  9 1981  14350.    6.4   20.9   1.13    1.7    0.0   -99.9
 'Wageningen'  3  9 1981  14120.    7.5   20.3   1.27    1.8    0.0   -99.9
 'Wageningen'  4  9 1981  17500.    4.0   22.2   1.02    0.8    0.0   -99.9
 'Wageningen'  5  9 1981  17040.    4.2   23.5   1.07    0.6    0.0   -99.9
 'Wageningen'  6  9 1981  16050.    3.8   23.9   1.08    0.5    0.0   -99.9
 'Wageningen'  7  9 1981  14060.    6.4   24.7   1.28    1.8    0.0   -99.9
 'Wageningen'  8  9 1981   9420.   15.3   22.9   1.75    1.6    1.3   -99.9
 'Wageningen'  9  9 1981   9930.   10.1   21.7   1.57    0.8    0.0   -99.9
 'Wageningen' 10  9 1981  14860.    8.4   25.1   1.55    1.9    0.0   -99.9
 'Wageningen' 11  9 1981   4790.   12.2   20.0   1.62    1.7    4.4   -99.9
 'Wageningen' 12  9 1981  10020.   11.1   20.6   1.45    1.9    4.9   -99.9
 'Wageningen' 13  9 1981  11070.    9.6   17.6   1.22    3.1    3.0   -99.9
 'Wageningen' 14  9 1981  13240.    8.1   18.0   1.17    2.6    0.0   -99.9
 'Wageningen' 15  9 1981   3550.   10.6   16.2   1.51    2.2    4.9   -99.9
 'Wageningen' 16  9 1981   7650.   12.8   19.8   1.67    1.4    5.1   -99.9
 'Wageningen' 17  9 1981   7470.   11.0   18.5   1.44    1.3    0.0   -99.9
 'Wageningen' 18  9 1981   6480.   12.1   19.1   1.50    2.3   16.5   -99.9
 'Wageningen' 19  9 1981  11220.   11.3   18.9   1.36    3.3    1.5   -99.9
 'Wageningen' 20  9 1981   4640.   13.6   17.8   1.57    3.6   11.8   -99.9
 'Wageningen' 21  9 1981   7520.   12.6   18.5   1.47    1.2    2.9   -99.9
 'Wageningen' 22  9 1981   8980.   12.7   19.7   1.48    1.5    0.9   -99.9
 'Wageningen' 23  9 1981  11250.   10.0   17.8   1.28    2.4    0.0   -99.9
 'Wageningen' 24  9 1981  13190.    9.2   18.4   1.19    3.4    0.0   -99.9
 'Wageningen' 25  9 1981   3540.   11.3   16.0   1.28    2.9    0.0   -99.9
 'Wageningen' 26  9 1981   4510.   10.8   19.5   1.37    3.8    0.2   -99.9
 'Wageningen' 27  9 1981   9380.    9.0   18.0   1.27    2.2    0.4   -99.9
 'Wageningen' 28  9 1981  10540.    7.2   17.5   1.18    0.9    0.1   -99.9
 'Wageningen' 29  9 1981  10540.    6.7   17.6   1.12    1.0    0.0   -99.9
 'Wageningen' 30  9 1981   9050.    8.1   18.1   1.12    2.7    0.0   -99.9
 'Wageningen'  1 10 1981  11470.    9.2   20.3   1.20    3.0    0.0   -99.9
 'Wageningen'  2 10 1981   4440.   11.4   17.2   1.37    2.0    0.5   -99.9
 'Wageningen'  3 10 1981   7640.    8.2   13.6   0.96    4.3    6.0   -99.9
 'Wageningen'  4 10 1981   1750.    8.8   11.9   1.08    4.9   15.1   -99.9
 'Wageningen'  5 10 1981  11400.    9.6   16.7   1.20    2.2    0.1   -99.9
 'Wageningen'  6 10 1981   2090.   10.1   17.1   1.43    2.9    5.3   -99.9
 'Wageningen'  7 10 1981   9830.    9.4   14.8   1.02    5.3    1.3   -99.9
 'Wageningen'  8 10 1981   5370.    8.7   14.9   1.21    3.5    0.1   -99.9
 'Wageningen'  9 10 1981   4710.    9.9   17.9   1.21    4.5    5.1   -99.9
 'Wageningen' 10 10 1981   5300.    7.5   12.7   0.94    4.8    5.3   -99.9
 'Wageningen' 11 10 1981   6200.    6.9   11.8   0.93    4.6    9.5   -99.9
 'Wageningen' 12 10 1981   3750.    3.4    9.3   0.86    2.8   12.3   -99.9
 'Wageningen' 13 10 1981   3240.    3.6   10.0   0.88    3.8   12.0   -99.9
 'Wageningen' 14 10 1981   5290.    3.5    9.9   0.83    2.0    1.0   -99.9
 'Wageningen' 15 10 1981   2830.    1.2    9.0   0.79    0.6    0.2   -99.9
 'Wageningen' 16 10 1981   5630.    1.4   10.7   0.85    1.1    0.0   -99.9
 'Wageningen' 17 10 1981   4040.    3.0   10.0   0.88    2.1    5.7   -99.9
 'Wageningen' 18 10 1981    770.    6.8    8.5   1.01    0.6    2.6   -99.9
 'Wageningen' 19 10 1981   2650.    3.3   12.3   1.06    3.1    5.6   -99.9
 'Wageningen' 20 10 1981   1180.    4.9   13.7   1.14    4.3    7.7   -99.9
 'Wageningen' 21 10 1981   5080.    3.7    9.3   0.83    2.1    0.1   -99.9
 'Wageningen' 22 10 1981   3350.    3.5    8.4   0.87    3.7   12.6   -99.9
 'Wageningen' 23 10 1981   7070.    0.2   11.3   0.76    1.0    0.0   -99.9
 'Wageningen' 24 10 1981   2630.    1.2    8.6   0.82    2.4    0.6   -99.9
 'Wageningen' 25 10 1981   2570.    3.0    9.9   0.90    2.6    3.7   -99.9
 'Wageningen' 26 10 1981   3130.   -0.3    8.7   0.83    0.9    0.0   -99.9
 'Wageningen' 27 10 1981   2780.    3.7    7.3   0.87    2.8    0.0   -99.9
 'Wageningen' 28 10 1981   5230.    4.4   10.6   0.91    3.4    1.1   -99.9
 'Wageningen' 29 10 1981   3560.    6.5   11.5   1.02    3.5   18.9   -99.9
 'Wageningen' 30 10 1981   5710.    7.2   11.3   0.95    3.8    3.2   -99.9
 'Wageningen' 31 10 1981   3150.    6.6   14.5   1.10    4.9    1.6   -99.9
 'Wageningen'  1 11 1981    980.    6.6   14.1   1.29    3.6    0.3   -99.9
 'Wageningen'  2 11 1981    480.   10.4   14.3   1.28    4.3    0.8   -99.9
 'Wageningen'  3 11 1981   1520.   11.5   13.5   1.29    2.1    0.1   -99.9
 'Wageningen'  4 11 1981   1880.    4.5   12.3   1.06    2.2    3.6   -99.9
 'Wageningen'  5 11 1981   4390.    3.2   11.1   0.80    2.2    0.5   -99.9
 'Wageningen'  6 11 1981   5300.    2.1   10.5   0.73    2.0    0.0   -99.9
 'Wageningen'  7 11 1981   5550.   -3.3    9.1   0.64    1.2    0.1   -99.9
 'Wageningen'  8 11 1981   5970.   -5.2    5.8   0.51    0.9    0.0   -99.9
 'Wageningen'  9 11 1981   1830.   -3.0    5.2   0.65    0.8    0.0   -99.9
 'Wageningen' 10 11 1981   2800.   -3.0    4.5   0.63    3.4    1.1   -99.9
 'Wageningen' 11 11 1981   1060.    3.1    5.9   0.73    4.9    4.5   -99.9
 'Wageningen' 12 11 1981   2020.    5.1   10.0   1.15    2.6    0.1   -99.9
 'Wageningen' 13 11 1981   3030.    4.3    8.9   0.83    3.7    3.3   -99.9
 'Wageningen' 14 11 1981   3840.    0.6    9.4   0.70    2.2    0.1   -99.9
 'Wageningen' 15 11 1981   5040.   -0.6    5.0   0.61    1.8    0.0   -99.9
 'Wageningen' 16 11 1981   2390.   -0.9    3.4   0.53    2.9    0.0   -99.9
 'Wageningen' 17 11 1981    780.    1.3    7.6   0.69    3.4    2.2   -99.9
 'Wageningen' 18 11 1981   2630.    6.8   11.6   1.07    4.8    6.5   -99.9
 'Wageningen' 19 11 1981   4490.    3.5   11.7   0.87    2.1    2.8   -99.9
 'Wageningen' 20 11 1981    710.    4.1   16.0   1.24    7.1    2.7   -99.9
 'Wageningen' 21 11 1981   2760.    6.7   12.8   1.06    2.9    2.5   -99.9
 'Wageningen' 22 11 1981   2780.   10.4   12.8   1.25    4.5    0.0   -99.9
 'Wageningen' 23 11 1981   3730.    4.3   14.4   1.05    4.7    2.6   -99.9
 'Wageningen' 24 11 1981   2910.    1.9    7.7   0.64    5.5    2.4   -99.9
 'Wageningen' 25 11 1981    950.    1.3    5.2   0.65    4.2    3.6   -99.9
 'Wageningen' 26 11 1981   1500.    4.5   10.2   0.92    5.5    0.3   -99.9
 'Wageningen' 27 11 1981    210.    5.6   10.4   0.94    4.7   11.8   -99.9
 'Wageningen' 28 11 1981   1500.    1.4    7.0   0.73    2.9    5.3   -99.9
 'Wageningen' 29 11 1981   2030.    2.9    7.5   0.76    3.5    2.4   -99.9
 'Wageningen' 30 11 1981    270.    0.2    8.5   0.75    3.6   11.1   -99.9
 'Wageningen'  1 12 1981   1670.    0.4    6.5   0.68    2.8    0.2   -99.9
 'Wageningen'  2 12 1981   2660.   -2.4    7.5   0.70    1.3    0.0   -99.9
 'Wageningen'  3 12 1981   1360.   -1.8    8.7   0.79    2.5    0.3   -99.9
 'Wageningen'  4 12 1981    360.    2.3    9.3   0.85    4.1   17.4   -99.9
 'Wageningen'  5 12 1981   1710.    1.0    4.0   0.66    3.1    0.8   -99.9
 'Wageningen'  6 12 1981    990.    2.4    4.4   0.73    3.0    6.5   -99.9
 'Wageningen'  7 12 1981   1920.    0.3    4.6   0.68    2.6    3.8   -99.9
 'Wageningen'  8 12 1981    570.   -0.5    2.7   0.65    2.1    2.3   -99.9
 'Wageningen'  9 12 1981   3030.   -0.3    1.2   0.58    3.1    5.1   -99.9
 'Wageningen' 10 12 1981   2270.   -5.5    0.5   0.55    1.6    0.3   -99.9
 'Wageningen' 11 12 1981    850.   -3.6    0.5   0.56    2.3    2.1   -99.9
 'Wageningen' 12 12 1981   1380.   -5.6   -0.6   0.49    1.5    0.9   -99.9
 'Wageningen' 13 12 1981   2860.   -4.6   -1.4   0.41    3.2    0.0   -99.9
 'Wageningen' 14 12 1981    970.   -3.0    2.8   0.56    5.0    4.6   -99.9
 'Wageningen' 15 12 1981   3750.   -7.8   -1.0   0.40    1.9    0.0   -99.9
 'Wageningen' 16 12 1981   3750.  -11.7   -6.1   0.32    1.8    0.0   -99.9
 'Wageningen' 17 12 1981   2270.  -11.1   -6.8   0.31    2.2    0.0   -99.9
 'Wageningen' 18 12 1981   1450.  -12.2   -7.4   0.29    2.1    0.0   -99.9
 'Wageningen' 19 12 1981   2600.   -7.6   -0.7   0.46    1.0    0.0   -99.9
 'Wageningen' 20 12 1981   2320.   -5.2   -1.2   0.44    2.7    0.0   -99.9
 'Wageningen' 21 12 1981   1910.   -5.9   -2.8   0.36    3.3    2.4   -99.9
 'Wageningen' 22 12 1981    810.   -5.9   -3.1   0.43    1.6    0.6   -99.9
 'Wageningen' 23 12 1981   1150.   -4.1    1.1   0.54    1.1    0.0   -99.9
 'Wageningen' 24 12 1981   1990.   -3.4    1.0   0.57    2.1    0.0   -99.9
 'Wageningen' 25 12 1981   2050.   -5.1    2.5   0.57    2.0    0.1   -99.9
 'Wageningen' 26 12 1981   1540.   -7.9   -0.5   0.51    1.3    0.0   -99.9
 'Wageningen' 27 12 1981   1470.   -3.2   -0.5   0.46    2.9    0.0   -99.9
 'Wageningen' 28 12 1981   1800.   -1.1    2.4   0.56    3.0    0.0   -99.9
 'Wageningen' 29 12 1981    530.    1.8    5.7   0.70    4.0    3.0   -99.9
 'Wageningen' 30 12 1981   2230.    4.0    7.3   0.74    3.9    1.1   -99.9
 'Wageningen' 31 12 1981    790.    1.5    8.5   0.84    3.1    6.9   -99.9
