***************************************************************************
* File name: Wageni.976
* Contents: SWAP  3.0 - Meteo data of Wageningen weather station                
***************************************************************************     
* Comment area:                                                                 
*                                                                               
*                                                                               
***************************************************************************     
    Station   DD MM YYYY     RAD   Tmin   Tmax    HUM   WIND   RAIN   ETref     
*             nr nr   nr   kJ/m2      C      C    kPa    m/s     mm      mm     
 'Wageningen'  1  1 1976   2200.    2.0    9.7   0.73    3.6   12.1   -99.9
 'Wageningen'  2  1 1976   1000.    1.9   10.3   0.86    6.3    8.6   -99.9
 'Wageningen'  3  1 1976   1890.    3.3   11.6   0.55   11.7    0.2   -99.9
 'Wageningen'  4  1 1976   3350.    2.4    6.6   0.55    3.8    2.3   -99.9
 'Wageningen'  5  1 1976    480.    2.0    9.5   0.92    4.4   13.4   -99.9
 'Wageningen'  6  1 1976   1500.    5.9    9.6   0.96    3.1    0.3   -99.9
 'Wageningen'  7  1 1976    750.    6.6    9.4   0.96    3.8    0.0   -99.9
 'Wageningen'  8  1 1976    370.    6.3    7.4   0.84    4.5    0.0   -99.9
 'Wageningen'  9  1 1976   1250.    6.8    8.3   0.92    4.6    6.9   -99.9
 'Wageningen' 10  1 1976    990.    6.5   10.1   0.95    5.5    5.9   -99.9
 'Wageningen' 11  1 1976    860.    9.3   11.9   1.05    6.8    3.4   -99.9
 'Wageningen' 12  1 1976   1140.    8.1    9.5   0.95    5.6    2.1   -99.9
 'Wageningen' 13  1 1976   1040.    6.5    9.4   0.98    3.2    0.5   -99.9
 'Wageningen' 14  1 1976    620.    5.5    8.6   0.87    6.0    5.4   -99.9
 'Wageningen' 15  1 1976   3320.    6.3    8.4   0.82    4.6    1.8   -99.9
 'Wageningen' 16  1 1976   1200.    7.0    8.3   0.96    3.3    0.0   -99.9
 'Wageningen' 17  1 1976   3270.    1.5    7.4   0.78    1.9    0.0   -99.9
 'Wageningen' 18  1 1976   2100.    1.5    5.9   0.72    2.8    1.1   -99.9
 'Wageningen' 19  1 1976   3390.    3.0    7.9   0.79    4.8    3.3   -99.9
 'Wageningen' 20  1 1976    540.    7.0   10.5   0.87    9.0    4.6   -99.9
 'Wageningen' 21  1 1976    930.    7.3    7.9   0.69    9.0    0.7   -99.9
 'Wageningen' 22  1 1976   1130.    5.5   10.0   0.83    7.0    0.0   -99.9
 'Wageningen' 23  1 1976   1980.    1.1    9.8   0.74    6.4    5.2   -99.9
 'Wageningen' 24  1 1976   4750.   -1.7    3.9   0.61    2.8    1.5   -99.9
 'Wageningen' 25  1 1976   2210.   -5.6    2.3   0.59    2.0    2.3   -99.9
 'Wageningen' 26  1 1976   4540.   -7.1    1.5   0.49    2.4    3.2   -99.9
 'Wageningen' 27  1 1976   2760.  -11.3    1.9   0.48    3.6    0.0   -99.9
 'Wageningen' 28  1 1976   6240.  -16.1   -5.3   0.30    1.9    0.0   -99.9
 'Wageningen' 29  1 1976   6180.  -10.8   -5.3   0.25    4.2    0.0   -99.9
 'Wageningen' 30  1 1976   6040.   -9.4   -4.9   0.25    5.1    0.0   -99.9
 'Wageningen' 31  1 1976   4670.   -8.4   -4.7   0.27    3.7    0.0   -99.9
 'Wageningen'  1  2 1976   3370.   -8.7   -4.4   0.29    2.7    0.0   -99.9
 'Wageningen'  2  2 1976   1900.   -7.0   -0.9   0.42    1.7    0.0   -99.9
 'Wageningen'  3  2 1976   1640.   -1.2   -0.3   0.55    1.2    0.0   -99.9
 'Wageningen'  4  2 1976   3280.   -1.5    0.4   0.50    2.4    0.0   -99.9
 'Wageningen'  5  2 1976   2870.   -0.7    1.9   0.51    4.1    0.0   -99.9
 'Wageningen'  6  2 1976   5580.   -1.5    2.3   0.48    3.4    0.0   -99.9
 'Wageningen'  7  2 1976   1970.   -2.0    1.5   0.53    2.0    0.0   -99.9
 'Wageningen'  8  2 1976   1630.    0.5    2.6   0.65    1.4    0.0   -99.9
 'Wageningen'  9  2 1976   1590.    2.0    4.8   0.73    2.0    2.6   -99.9
 'Wageningen' 10  2 1976   1560.    0.4    7.1   0.77    3.3    2.1   -99.9
 'Wageningen' 11  2 1976   3410.    0.5    4.5   0.60    3.9    4.6   -99.9
 'Wageningen' 12  2 1976   2000.    1.0    4.6   0.70    4.7    6.4   -99.9
 'Wageningen' 13  2 1976   1450.    1.1    5.8   0.70    3.6    1.8   -99.9
 'Wageningen' 14  2 1976   2700.   -2.3    1.3   0.42    4.3    0.0   -99.9
 'Wageningen' 15  2 1976   3610.   -1.6    0.0   0.38    2.3    0.0   -99.9
 'Wageningen' 16  2 1976   4080.   -1.5    1.9   0.50    3.5    0.0   -99.9
 'Wageningen' 17  2 1976   2220.    1.6    4.0   0.60    3.4    0.0   -99.9
 'Wageningen' 18  2 1976   6450.    1.1    7.3   0.63    2.4    0.0   -99.9
 'Wageningen' 19  2 1976   7990.    1.1   12.0   0.70    2.7    0.0   -99.9
 'Wageningen' 20  2 1976   7210.    3.1   13.0   0.75    2.4    0.0   -99.9
 'Wageningen' 21  2 1976   5080.    5.4   11.5   0.86    2.5    0.0   -99.9
 'Wageningen' 22  2 1976   7580.    3.6   12.8   0.66    2.7    0.0   -99.9
 'Wageningen' 23  2 1976   8240.    0.8   12.6   0.80    2.2    0.3   -99.9
 'Wageningen' 24  2 1976   1420.    5.0    9.9   0.98    3.1    0.2   -99.9
 'Wageningen' 25  2 1976   5450.    4.9   10.1   0.96    4.0    0.0   -99.9
 'Wageningen' 26  2 1976   2710.    3.6    8.8   0.88    3.1    0.0   -99.9
 'Wageningen' 27  2 1976   4770.    2.0   10.4   0.83    1.1    0.0   -99.9
 'Wageningen' 28  2 1976  10190.    2.4   13.3   0.75    2.0    0.0   -99.9
 'Wageningen' 29  2 1976   7290.    3.0   12.5   0.90    3.2    6.0   -99.9
 'Wageningen'  1  3 1976  11270.    1.0    9.3   0.66    3.6    0.0   -99.9
 'Wageningen'  2  3 1976  10340.   -2.2    9.2   0.65    1.3    0.0   -99.9
 'Wageningen'  3  3 1976  12720.   -3.2    9.5   0.44    3.1    0.0   -99.9
 'Wageningen'  4  3 1976  12090.   -0.3    8.9   0.35    4.1    0.0   -99.9
 'Wageningen'  5  3 1976  13140.   -2.3    3.2   0.34    4.3    0.0   -99.9
 'Wageningen'  6  3 1976  11140.   -3.5    2.2   0.33    3.3    0.0   -99.9
 'Wageningen'  7  3 1976   8010.   -4.7    1.2   0.36    2.4    0.0   -99.9
 'Wageningen'  8  3 1976   9240.   -7.7    1.6   0.31    1.1    0.0   -99.9
 'Wageningen'  9  3 1976   9180.   -8.1    3.0   0.37    0.7    0.0   -99.9
 'Wageningen' 10  3 1976   9130.   -9.0    4.0   0.38    1.4    0.0   -99.9
 'Wageningen' 11  3 1976   9250.   -0.1    7.2   0.32    3.0    0.0   -99.9
 'Wageningen' 12  3 1976   8740.    0.4    8.9   0.43    4.1    4.2   -99.9
 'Wageningen' 13  3 1976   9060.    0.6    9.0   0.64    2.9    0.0   -99.9
 'Wageningen' 14  3 1976  12550.   -2.9   11.5   0.54    1.4    0.0   -99.9
 'Wageningen' 15  3 1976   6630.    1.5    8.3   0.63    2.3    0.1   -99.9
 'Wageningen' 16  3 1976   4610.    1.6    5.1   0.64    1.8    0.1   -99.9
 'Wageningen' 17  3 1976   3230.    0.9    5.0   0.66    2.0    2.1   -99.9
 'Wageningen' 18  3 1976   3830.    2.3    6.0   0.70    1.4    0.0   -99.9
 'Wageningen' 19  3 1976  10980.   -1.3    5.9   0.42    2.4    0.0   -99.9
 'Wageningen' 20  3 1976  16650.   -5.0    7.1   0.33    2.5    0.0   -99.9
 'Wageningen' 21  3 1976  16280.   -2.5    5.4   0.28    4.2    0.0   -99.9
 'Wageningen' 22  3 1976  16410.   -4.0    3.8   0.31    4.1    0.0   -99.9
 'Wageningen' 23  3 1976  15670.   -4.5    5.9   0.37    2.6    0.0   -99.9
 'Wageningen' 24  3 1976  14610.   -5.5    5.6   0.40    1.9    3.9   -99.9
 'Wageningen' 25  3 1976   3720.    2.5    9.9   0.94    4.8    7.2   -99.9
 'Wageningen' 26  3 1976   3460.    1.8    9.3   0.81    4.1    4.3   -99.9
 'Wageningen' 27  3 1976   5920.    1.6    8.4   0.78    4.0    0.9   -99.9
 'Wageningen' 28  3 1976   8660.    4.4   11.0   0.83    3.6    0.0   -99.9
 'Wageningen' 29  3 1976   5050.    4.8    9.1   0.80    5.2    0.8   -99.9
 'Wageningen' 30  3 1976  10080.    4.3   10.5   0.70    4.3    0.0   -99.9
 'Wageningen' 31  3 1976   6810.    6.0   11.0   0.78    5.8    0.0   -99.9
 'Wageningen'  1  4 1976   9440.    8.0   14.8   0.83    2.7    0.0   -99.9
 'Wageningen'  2  4 1976   9880.    7.2   12.7   0.83    3.5    4.2   -99.9
 'Wageningen'  3  4 1976  11030.   -0.4    8.9   0.63    2.8    0.0   -99.9
 'Wageningen'  4  4 1976   6850.   -1.9    9.0   0.59    1.5    0.0   -99.9
 'Wageningen'  5  4 1976  17660.    1.9   13.4   0.59    3.7    0.0   -99.9
 'Wageningen'  6  4 1976   5110.   -0.3   11.6   0.71    3.7    0.0   -99.9
 'Wageningen'  7  4 1976   6420.   -0.1    6.1   0.62    1.4    2.3   -99.9
 'Wageningen'  8  4 1976  16330.   -1.2    9.1   0.57    3.0    0.0   -99.9
 'Wageningen'  9  4 1976  19060.   -5.0   11.5   0.45    0.8    0.0   -99.9
 'Wageningen' 10  4 1976  19360.   -0.9   13.6   0.51    0.6    0.0   -99.9
 'Wageningen' 11  4 1976  18770.   -3.4   15.8   0.49    0.7    0.0   -99.9
 'Wageningen' 12  4 1976  17710.   -1.4   15.4   0.51    1.6    0.0   -99.9
 'Wageningen' 13  4 1976  19800.   -1.7   16.4   0.55    1.3    0.0   -99.9
 'Wageningen' 14  4 1976   7760.    3.9   11.7   0.83    1.6    0.0   -99.9
 'Wageningen' 15  4 1976  16260.    0.1   17.4   0.76    2.6    0.0   -99.9
 'Wageningen' 16  4 1976   9940.    2.8   13.6   0.83    2.2    0.0   -99.9
 'Wageningen' 17  4 1976  18180.    1.9   17.6   0.84    1.0    0.0   -99.9
 'Wageningen' 18  4 1976  21330.    0.4   19.5   0.78    1.5    0.0   -99.9
 'Wageningen' 19  4 1976  19700.    6.4   19.4   0.84    3.5    0.0   -99.9
 'Wageningen' 20  4 1976  22240.    4.2   18.4   0.62    3.6    0.0   -99.9
 'Wageningen' 21  4 1976  10860.    2.9   13.4   0.75    2.3    0.0   -99.9
 'Wageningen' 22  4 1976  18110.    0.3    9.7   0.44    3.2    0.0   -99.9
 'Wageningen' 23  4 1976  18350.   -2.3    8.0   0.47    3.1    0.0   -99.9
 'Wageningen' 24  4 1976  18210.   -3.7   11.3   0.44    4.8    0.0   -99.9
 'Wageningen' 25  4 1976  16410.    1.5   15.2   0.50    4.3    0.0   -99.9
 'Wageningen' 26  4 1976  24470.    1.5   15.8   0.56    3.7    0.5   -99.9
 'Wageningen' 27  4 1976  12600.   -3.7    9.8   0.57    3.0    0.0   -99.9
 'Wageningen' 28  4 1976  16770.   -5.1    8.5   0.39    2.0    0.0   -99.9
 'Wageningen' 29  4 1976  22070.   -6.7   10.8   0.50    1.3    0.0   -99.9
 'Wageningen' 30  4 1976  13430.    0.6   12.2   0.64    1.5    0.0   -99.9
 'Wageningen'  1  5 1976  18420.   -2.7   14.9   0.57    1.3    0.3   -99.9
 'Wageningen'  2  5 1976   7150.    5.2   12.5   0.83    2.7    0.4   -99.9
 'Wageningen'  3  5 1976   5200.    6.6   11.4   1.00    3.2    1.7   -99.9
 'Wageningen'  4  5 1976   9850.    4.4   13.5   0.88    3.9    0.0   -99.9
 'Wageningen'  5  5 1976  16470.    1.7   19.1   0.93    1.3    0.0   -99.9
 'Wageningen'  6  5 1976  22670.    7.2   25.7   0.99    2.1    0.0   -99.9
 'Wageningen'  7  5 1976  22300.   12.6   28.4   1.07    3.3    0.0   -99.9
 'Wageningen'  8  5 1976  21550.   15.0   30.0   1.26    2.0    0.0   -99.9
 'Wageningen'  9  5 1976  23660.   12.8   29.5   0.97    1.9    0.0   -99.9
 'Wageningen' 10  5 1976  21160.    9.9   30.2   1.26    2.1    3.8   -99.9
 'Wageningen' 11  5 1976  23270.    9.9   17.9   0.85    2.3    0.0   -99.9
 'Wageningen' 12  5 1976   6500.    7.3   15.2   1.05    3.7    5.5   -99.9
 'Wageningen' 13  5 1976  13550.    1.1   11.5   0.81    3.3    1.7   -99.9
 'Wageningen' 14  5 1976  20700.    1.3   16.5   0.69    1.5    0.0   -99.9
 'Wageningen' 15  5 1976  25300.    7.0   21.4   0.79    2.9    0.0   -99.9
 'Wageningen' 16  5 1976  22720.    4.4   18.3   0.86    2.5    0.0   -99.9
 'Wageningen' 17  5 1976  25950.    3.6   23.9   0.85    2.5    0.0   -99.9
 'Wageningen' 18  5 1976  22490.   12.9   25.1   1.18    2.4    4.8   -99.9
 'Wageningen' 19  5 1976   9320.    8.0   16.2   1.29    1.7    0.6   -99.9
 'Wageningen' 20  5 1976  15250.    6.6   16.6   1.04    2.7    2.7   -99.9
 'Wageningen' 21  5 1976  16470.    6.9   14.9   0.96    2.8    3.6   -99.9
 'Wageningen' 22  5 1976  19920.    5.0   19.1   1.00    1.0    0.0   -99.9
 'Wageningen' 23  5 1976  26810.    2.0   21.1   0.90    1.9    0.0   -99.9
 'Wageningen' 24  5 1976  25600.    4.6   18.2   0.66    2.6    0.0   -99.9
 'Wageningen' 25  5 1976  22650.    1.5   20.0   0.85    1.7    0.5   -99.9
 'Wageningen' 26  5 1976  12860.    7.4   12.9   1.05    4.1    6.1   -99.9
 'Wageningen' 27  5 1976   7240.    8.5   13.5   1.13    4.2    0.2   -99.9
 'Wageningen' 28  5 1976  18190.    3.7   16.0   0.96    0.9    0.0   -99.9
 'Wageningen' 29  5 1976  15500.    4.0   19.7   1.11    2.0    0.1   -99.9
 'Wageningen' 30  5 1976  14600.    9.9   16.8   1.12    3.8    2.4   -99.9
 'Wageningen' 31  5 1976  14010.   10.3   16.1   1.14    4.0    0.0   -99.9
 'Wageningen'  1  6 1976  10210.   10.9   17.7   1.30    2.8   12.2   -99.9
 'Wageningen'  2  6 1976   9560.    8.6   12.3   0.93    3.2    0.0   -99.9
 'Wageningen'  3  6 1976   6270.    6.9   11.2   0.89    2.7    0.4   -99.9
 'Wageningen'  4  6 1976  12780.    2.0   13.0   0.78    0.9    0.0   -99.9
 'Wageningen'  5  6 1976  25700.    0.1   19.2   0.79    1.0    0.0   -99.9
 'Wageningen'  6  6 1976  26260.    4.9   22.6   0.96    1.4    0.0   -99.9
 'Wageningen'  7  6 1976  28050.    5.9   26.4   0.91    1.4    0.0   -99.9
 'Wageningen'  8  6 1976  26330.   17.0   28.1   1.18    3.1    0.0   -99.9
 'Wageningen'  9  6 1976  23410.   16.6   30.4   1.48    3.2    0.0   -99.9
 'Wageningen' 10  6 1976  18180.    9.8   20.5   1.26    2.5    0.0   -99.9
 'Wageningen' 11  6 1976  24970.    7.9   22.5   0.98    0.7    0.0   -99.9
 'Wageningen' 12  6 1976  24350.   10.2   25.0   1.26    2.6    0.0   -99.9
 'Wageningen' 13  6 1976  21170.    9.1   22.1   1.37    2.1    0.0   -99.9
 'Wageningen' 14  6 1976  26730.    8.6   24.1   1.35    2.4    0.0   -99.9
 'Wageningen' 15  6 1976  17220.   13.7   22.1   1.39    3.5    0.0   -99.9
 'Wageningen' 16  6 1976  13150.    7.8   16.5   1.08    2.8    0.0   -99.9
 'Wageningen' 17  6 1976  25960.    5.1   23.4   1.07    1.4    0.0   -99.9
 'Wageningen' 18  6 1976  21420.    4.6   23.1   1.20    2.1    0.0   -99.9
 'Wageningen' 19  6 1976   7500.   12.6   16.5   1.38    3.8   12.0   -99.9
 'Wageningen' 20  6 1976   4820.   10.1   15.1   1.44    3.9   10.0   -99.9
 'Wageningen' 21  6 1976  20390.   10.4   21.0   1.34    1.6    0.0   -99.9
 'Wageningen' 22  6 1976  19920.    8.0   24.0   1.40    0.7    0.0   -99.9
 'Wageningen' 23  6 1976  25740.   10.8   27.8   1.35    1.2    0.0   -99.9
 'Wageningen' 24  6 1976  24450.   17.9   31.1   1.47    1.6    0.0   -99.9
 'Wageningen' 25  6 1976  22540.   15.6   32.5   1.53    1.2    0.0   -99.9
 'Wageningen' 26  6 1976  24790.   14.4   32.7   1.46    1.4    0.0   -99.9
 'Wageningen' 27  6 1976  24960.   15.5   33.2   1.64    1.3    0.0   -99.9
 'Wageningen' 28  6 1976  25080.   17.0   31.1   1.51    2.1    0.0   -99.9
 'Wageningen' 29  6 1976  27960.   12.1   27.9   1.34    2.5    0.0   -99.9
 'Wageningen' 30  6 1976  27890.   14.0   30.1   1.32    3.3    0.0   -99.9
 'Wageningen'  1  7 1976  27890.   16.3   29.1   1.12    3.0    0.0   -99.9
 'Wageningen'  2  7 1976  28130.   14.3   32.1   1.15    2.2    0.0   -99.9
 'Wageningen'  3  7 1976  25220.   17.4   34.4   1.37    1.6    0.0   -99.9
 'Wageningen'  4  7 1976  25010.   15.6   33.6   1.35    1.6    0.0   -99.9
 'Wageningen'  5  7 1976  26600.   12.2   32.4   1.38    2.0    0.0   -99.9
 'Wageningen'  6  7 1976  27270.   18.0   29.8   1.10    2.8    0.0   -99.9
 'Wageningen'  7  7 1976  25360.   13.0   29.1   0.88    2.5    0.0   -99.9
 'Wageningen'  8  7 1976  27180.   11.8   28.1   1.39    2.3    0.0   -99.9
 'Wageningen'  9  7 1976  23260.   10.0   27.0   1.48    1.0    0.0   -99.9
 'Wageningen' 10  7 1976  15580.   10.5   22.1   1.50    1.9    0.0   -99.9
 'Wageningen' 11  7 1976  24100.    9.8   26.0   1.28    1.3    0.0   -99.9
 'Wageningen' 12  7 1976  23090.   14.5   28.9   1.41    2.0    3.0   -99.9
 'Wageningen' 13  7 1976   6620.   15.5   22.2   1.79    1.6    1.2   -99.9
 'Wageningen' 14  7 1976  14990.   13.3   23.2   1.45    2.0    0.0   -99.9
 'Wageningen' 15  7 1976  24010.   10.6   28.5   1.46    1.3    0.0   -99.9
 'Wageningen' 16  7 1976  17670.   19.0   33.2   2.01    2.0    7.2   -99.9
 'Wageningen' 17  7 1976   6580.   16.3   21.0   2.01    1.3    4.0   -99.9
 'Wageningen' 18  7 1976   9350.   16.0   23.1   1.84    1.2    0.0   -99.9
 'Wageningen' 19  7 1976  17050.   14.8   24.3   1.74    2.3    1.2   -99.9
 'Wageningen' 20  7 1976   9760.   13.6   20.6   1.61    2.8    1.8   -99.9
 'Wageningen' 21  7 1976  10370.   11.8   18.6   1.40    2.4    3.0   -99.9
 'Wageningen' 22  7 1976  19710.    9.8   20.1   1.21    2.2    0.0   -99.9
 'Wageningen' 23  7 1976  18800.    6.0   21.1   1.12    1.5    0.0   -99.9
 'Wageningen' 24  7 1976  13340.   11.8   19.6   1.41    1.3    2.8   -99.9
 'Wageningen' 25  7 1976  17700.   11.6   20.7   1.44    1.8    3.9   -99.9
 'Wageningen' 26  7 1976  22710.    8.3   21.1   1.36    1.9    0.0   -99.9
 'Wageningen' 27  7 1976  12790.    8.4   20.0   1.25    1.2    0.0   -99.9
 'Wageningen' 28  7 1976  12480.    9.4   20.2   1.33    2.2    0.0   -99.9
 'Wageningen' 29  7 1976  22090.    9.8   21.0   1.08    2.5    0.0   -99.9
 'Wageningen' 30  7 1976  10750.   13.0   20.3   1.38    3.4    0.5   -99.9
 'Wageningen' 31  7 1976   9650.    7.2   16.5   1.17    1.5    4.5   -99.9
 'Wageningen'  1  8 1976  19220.    6.5   18.0   0.97    2.7    1.6   -99.9
 'Wageningen'  2  8 1976   9090.   12.4   18.5   1.46    3.2    2.8   -99.9
 'Wageningen'  3  8 1976  10420.    8.7   18.0   1.47    2.3    1.0   -99.9
 'Wageningen'  4  8 1976  19180.    8.0   19.5   1.13    1.5    0.0   -99.9
 'Wageningen'  5  8 1976  15880.    9.5   20.4   1.21    1.3    0.0   -99.9
 'Wageningen'  6  8 1976  14760.   10.3   21.4   1.31    1.0    0.0   -99.9
 'Wageningen'  7  8 1976  15230.    9.3   21.6   1.35    2.1    0.0   -99.9
 'Wageningen'  8  8 1976  21440.    8.5   23.4   1.25    1.7    0.0   -99.9
 'Wageningen'  9  8 1976  21890.   13.7   26.5   1.19    2.5    0.0   -99.9
 'Wageningen' 10  8 1976  17670.    9.5   25.7   1.10    1.7    0.0   -99.9
 'Wageningen' 11  8 1976  17180.   10.6   26.3   1.26    1.2    0.0   -99.9
 'Wageningen' 12  8 1976  17430.    8.4   26.8   1.31    1.2    0.0   -99.9
 'Wageningen' 13  8 1976  22120.    9.9   25.6   1.19    1.5    0.0   -99.9
 'Wageningen' 14  8 1976  20960.   10.4   24.9   1.21    2.1    0.0   -99.9
 'Wageningen' 15  8 1976  21520.   12.8   25.9   1.14    2.7    0.0   -99.9
 'Wageningen' 16  8 1976  21610.    8.7   26.2   1.11    2.4    0.0   -99.9
 'Wageningen' 17  8 1976  18050.    8.7   23.2   1.26    1.5    0.0   -99.9
 'Wageningen' 18  8 1976  14200.    7.4   23.8   1.36    1.3    3.6   -99.9
 'Wageningen' 19  8 1976  21100.   12.9   26.1   1.55    2.4    0.0   -99.9
 'Wageningen' 20  8 1976  16270.   11.9   25.5   1.60    1.9    0.0   -99.9
 'Wageningen' 21  8 1976  19980.   13.2   25.5   1.20    2.5    0.0   -99.9
 'Wageningen' 22  8 1976  22300.   12.5   23.8   0.83    3.3    0.0   -99.9
 'Wageningen' 23  8 1976  21830.   12.9   24.8   0.81    3.0    0.0   -99.9
 'Wageningen' 24  8 1976  20910.    9.4   28.0   0.87    2.1    0.0   -99.9
 'Wageningen' 25  8 1976  20550.    7.7   30.0   0.93    1.3    0.0   -99.9
 'Wageningen' 26  8 1976  15960.   10.3   24.5   1.35    2.2    0.0   -99.9
 'Wageningen' 27  8 1976  13260.   13.3   21.5   1.41    2.6    3.8   -99.9
 'Wageningen' 28  8 1976  11240.   10.6   21.0   1.43    1.5    2.3   -99.9
 'Wageningen' 29  8 1976  13940.   14.4   26.1   1.56    2.6    0.1   -99.9
 'Wageningen' 30  8 1976   9980.   12.0   22.0   1.69    2.0    0.8   -99.9
 'Wageningen' 31  8 1976  17050.    8.3   22.4   1.30    1.5    0.0   -99.9
 'Wageningen'  1  9 1976   9760.    8.5   20.4   1.35    1.9   11.4   -99.9
 'Wageningen'  2  9 1976  12130.    8.9   16.7   1.20    2.1    2.4   -99.9
 'Wageningen'  3  9 1976  13760.    7.5   17.5   1.08    2.2    1.0   -99.9
 'Wageningen'  4  9 1976   7160.    8.0   17.3   1.18    1.1    6.4   -99.9
 'Wageningen'  5  9 1976   9720.    6.3   17.5   1.09    0.9    0.0   -99.9
 'Wageningen'  6  9 1976  17200.    4.3   19.8   1.09    1.1    0.0   -99.9
 'Wageningen'  7  9 1976  15350.    8.2   21.1   1.21    1.4    0.0   -99.9
 'Wageningen'  8  9 1976  12060.    7.2   20.8   1.19    1.2    0.1   -99.9
 'Wageningen'  9  9 1976   4780.    9.5   15.6   1.20    3.8    4.4   -99.9
 'Wageningen' 10  9 1976   7820.    7.7   14.5   1.04    4.6    2.8   -99.9
 'Wageningen' 11  9 1976   7230.    7.8   14.4   1.04    4.4    0.7   -99.9
 'Wageningen' 12  9 1976  14230.    7.0   18.4   1.11    2.8    0.0   -99.9
 'Wageningen' 13  9 1976   5450.    5.5   17.9   1.20    2.5    1.0   -99.9
 'Wageningen' 14  9 1976  10110.   10.0   17.2   1.19    2.9    0.0   -99.9
 'Wageningen' 15  9 1976  12390.   10.1   18.7   1.25    1.3    1.0   -99.9
 'Wageningen' 16  9 1976   6900.   10.5   16.1   1.29    0.8    1.1   -99.9
 'Wageningen' 17  9 1976   7470.   10.5   16.3   1.31    1.6    0.0   -99.9
 'Wageningen' 18  9 1976   8440.    8.8   17.0   1.17    1.7    2.3   -99.9
 'Wageningen' 19  9 1976  11340.    7.7   20.5   1.17    1.2    0.0   -99.9
 'Wageningen' 20  9 1976  11740.    4.6   18.7   1.10    1.2    0.0   -99.9
 'Wageningen' 21  9 1976  13490.    6.5   19.3   1.06    1.8    0.0   -99.9
 'Wageningen' 22  9 1976  13150.    9.9   19.6   1.09    2.5    0.0   -99.9
 'Wageningen' 23  9 1976   9690.   11.8   19.1   1.29    2.2    1.9   -99.9
 'Wageningen' 24  9 1976   8010.   13.2   18.3   1.49    1.4    0.0   -99.9
 'Wageningen' 25  9 1976   5940.   12.6   18.5   1.44    3.0    0.0   -99.9
 'Wageningen' 26  9 1976   5200.    9.5   19.8   1.52    1.6    0.6   -99.9
 'Wageningen' 27  9 1976   8390.    9.5   22.0   1.63    1.3    2.4   -99.9
 'Wageningen' 28  9 1976   7010.   11.5   21.0   1.66    0.9    1.7   -99.9
 'Wageningen' 29  9 1976   7300.   10.1   19.1   1.50    0.8    0.9   -99.9
 'Wageningen' 30  9 1976   9400.    9.4   19.6   1.44    2.0    0.4   -99.9
 'Wageningen'  1 10 1976   7880.   13.3   19.1   1.57    2.7    2.5   -99.9
 'Wageningen'  2 10 1976   8830.   12.2   19.1   1.48    1.5    0.0   -99.9
 'Wageningen'  3 10 1976   9680.   11.3   19.0   1.30    2.3    0.0   -99.9
 'Wageningen'  4 10 1976   5350.   10.0   18.0   1.33    3.0    2.4   -99.9
 'Wageningen'  5 10 1976  11230.    7.7   15.8   0.99    3.4    4.6   -99.9
 'Wageningen'  6 10 1976   2350.   11.9   18.3   1.52    4.4    5.1   -99.9
 'Wageningen'  7 10 1976   2810.   11.4   19.5   1.44    3.8    2.9   -99.9
 'Wageningen'  8 10 1976   7190.    8.7   15.7   1.21    1.5    0.0   -99.9
 'Wageningen'  9 10 1976   7560.    8.6   20.2   1.58    1.8    0.0   -99.9
 'Wageningen' 10 10 1976   4410.   14.0   18.0   1.59    1.5    0.0   -99.9
 'Wageningen' 11 10 1976   8960.   12.7   21.8   1.43    3.6    0.0   -99.9
 'Wageningen' 12 10 1976   4660.   10.5   16.6   1.26    2.6    0.0   -99.9
 'Wageningen' 13 10 1976   5440.    8.5   14.1   1.12    0.7    0.0   -99.9
 'Wageningen' 14 10 1976   5200.    7.0   14.4   1.04    3.2    0.9   -99.9
 'Wageningen' 15 10 1976   1750.    8.4   11.1   0.92    5.3    9.3   -99.9
 'Wageningen' 16 10 1976  10340.    0.2   13.1   0.84    2.1    0.0   -99.9
 'Wageningen' 17 10 1976  10250.   -2.7   12.6   0.76    1.6    0.0   -99.9
 'Wageningen' 18 10 1976   4830.    3.9   11.1   0.89    2.4    0.0   -99.9
 'Wageningen' 19 10 1976   5010.    7.7   13.2   1.10    3.0    3.7   -99.9
 'Wageningen' 20 10 1976   5540.    8.3   15.6   1.21    2.5    0.0   -99.9
 'Wageningen' 21 10 1976   6270.    8.2   14.3   1.02    3.3    1.2   -99.9
 'Wageningen' 22 10 1976   4560.    7.7   13.5   1.16    2.5    0.5   -99.9
 'Wageningen' 23 10 1976   5760.    9.0   15.0   1.01    2.9    2.5   -99.9
 'Wageningen' 24 10 1976   6820.    7.7   13.3   1.09    1.3    0.2   -99.9
 'Wageningen' 25 10 1976   6550.    8.1   15.7   1.04    2.5    0.0   -99.9
 'Wageningen' 26 10 1976   6330.    3.1   11.8   0.92    1.4    0.0   -99.9
 'Wageningen' 27 10 1976   1660.    4.8    6.5   0.86    1.2    0.0   -99.9
 'Wageningen' 28 10 1976    930.    3.9    6.7   0.81    1.9    0.0   -99.9
 'Wageningen' 29 10 1976   3310.    1.0   12.6   0.90    1.4    0.0   -99.9
 'Wageningen' 30 10 1976   2360.    0.6    7.4   0.82    2.2    0.0   -99.9
 'Wageningen' 31 10 1976   7360.    1.4   10.5   0.69    0.9    0.0   -99.9
 'Wageningen'  1 11 1976   3200.    3.7    9.6   0.89    3.5    0.7   -99.9
 'Wageningen'  2 11 1976   3420.    5.6   10.2   0.95    3.3    1.4   -99.9
 'Wageningen'  3 11 1976   1520.    4.1    6.4   0.83    1.7   17.2   -99.9
 'Wageningen'  4 11 1976   5990.    2.8   11.0   0.75    1.6    0.0   -99.9
 'Wageningen'  5 11 1976   2860.    3.9    8.9   0.81    3.8    0.0   -99.9
 'Wageningen'  6 11 1976   4000.    5.1   10.9   0.83    3.2    4.5   -99.9
 'Wageningen'  7 11 1976   2800.    5.7   11.0   0.95    2.2    0.3   -99.9
 'Wageningen'  8 11 1976   4610.    4.2   10.4   0.86    3.2    1.1   -99.9
 'Wageningen'  9 11 1976   3850.    6.1   10.0   0.88    2.9    0.6   -99.9
 'Wageningen' 10 11 1976   2240.    7.2   12.5   1.02    2.6    3.7   -99.9
 'Wageningen' 11 11 1976   1180.    2.2    8.6   0.91    0.8    0.8   -99.9
 'Wageningen' 12 11 1976   4720.    1.2    8.0   0.73    2.4    1.4   -99.9
 'Wageningen' 13 11 1976   2270.    4.5    6.5   0.84    1.7    0.1   -99.9
 'Wageningen' 14 11 1976   2320.    6.0    8.8   0.87    1.5    0.0   -99.9
 'Wageningen' 15 11 1976   2070.    5.3    7.5   0.83    1.5    0.0   -99.9
 'Wageningen' 16 11 1976   2350.    5.5    7.7   0.84    1.6    0.8   -99.9
 'Wageningen' 17 11 1976    850.    6.0    7.4   0.94    1.7    0.0   -99.9
 'Wageningen' 18 11 1976   1280.    4.8    8.6   0.95    0.8    0.0   -99.9
 'Wageningen' 19 11 1976   2070.   -0.5    9.4   0.80    1.1    0.0   -99.9
 'Wageningen' 20 11 1976   4210.   -1.8    8.0   0.66    0.5    0.0   -99.9
 'Wageningen' 21 11 1976   4300.   -2.1    5.4   0.66    0.8    0.6   -99.9
 'Wageningen' 22 11 1976   2410.    1.4    6.6   0.73    2.1    0.8   -99.9
 'Wageningen' 23 11 1976   3950.    0.6    5.8   0.63    2.6    0.8   -99.9
 'Wageningen' 24 11 1976    770.    2.5    9.6   0.88    4.4    5.3   -99.9
 'Wageningen' 25 11 1976   1650.    3.6   10.0   0.93    2.7    0.0   -99.9
 'Wageningen' 26 11 1976   1260.    6.9    8.0   0.78    4.2    0.6   -99.9
 'Wageningen' 27 11 1976   2460.    5.2   10.0   0.88    3.7    0.0   -99.9
 'Wageningen' 28 11 1976   1220.    5.4    9.8   0.90    5.4    3.6   -99.9
 'Wageningen' 29 11 1976   2280.    6.0    9.3   0.82    5.6    5.2   -99.9
 'Wageningen' 30 11 1976    740.    4.7   11.2   0.92    4.8   13.1   -99.9
 'Wageningen'  1 12 1976   3540.    1.7    7.0   0.66    4.6    0.0   -99.9
 'Wageningen'  2 12 1976   2350.    1.4    5.0   0.65    2.0    2.8   -99.9
 'Wageningen'  3 12 1976   2610.    0.7    3.4   0.62    3.5    2.8   -99.9
 'Wageningen'  4 12 1976   4290.   -0.1    4.5   0.60    3.7    0.0   -99.9
 'Wageningen'  5 12 1976   2260.   -1.6    1.5   0.56    2.5    0.2   -99.9
 'Wageningen'  6 12 1976    830.   -1.4    6.5   0.66    4.8    5.5   -99.9
 'Wageningen'  7 12 1976   4180.    4.6    8.0   0.74    4.9    0.2   -99.9
 'Wageningen'  8 12 1976   2300.    5.6    8.0   0.81    5.0    1.3   -99.9
 'Wageningen'  9 12 1976   3640.    1.1    7.3   0.69    2.6    0.0   -99.9
 'Wageningen' 10 12 1976   3820.   -1.0    5.0   0.55    2.3    2.2   -99.9
 'Wageningen' 11 12 1976   2000.    0.7    5.6   0.63    4.6    1.8   -99.9
 'Wageningen' 12 12 1976   1700.   -4.3    4.7   0.63    2.5    1.7   -99.9
 'Wageningen' 13 12 1976   2360.   -4.7    1.7   0.57    1.0    0.5   -99.9
 'Wageningen' 14 12 1976   3410.   -5.6    2.0   0.52    1.2    0.0   -99.9
 'Wageningen' 15 12 1976   1400.   -4.2    0.4   0.48    0.9    0.0   -99.9
 'Wageningen' 16 12 1976   1600.   -2.9    1.5   0.51    1.2    0.0   -99.9
 'Wageningen' 17 12 1976   1230.   -2.2    1.6   0.52    3.5    3.5   -99.9
 'Wageningen' 18 12 1976    610.    0.4    3.3   0.66    1.5    0.7   -99.9
 'Wageningen' 19 12 1976    620.   -0.1    1.8   0.58    4.0    4.0   -99.9
 'Wageningen' 20 12 1976   1730.    1.8    4.1   0.68    3.6    3.3   -99.9
 'Wageningen' 21 12 1976    630.    2.4    6.5   0.79    3.5    1.2   -99.9
 'Wageningen' 22 12 1976   1450.    0.3    5.3   0.66    1.7    0.0   -99.9
 'Wageningen' 23 12 1976   3020.   -4.9    4.0   0.57    1.6    0.0   -99.9
 'Wageningen' 24 12 1976   3120.   -1.1    1.9   0.56    1.1    0.0   -99.9
 'Wageningen' 25 12 1976   3850.   -6.0    1.7   0.36    2.1    0.8   -99.9
 'Wageningen' 26 12 1976   3790.   -0.8    3.0   0.46    2.3    0.2   -99.9
 'Wageningen' 27 12 1976    710.   -0.5    2.5   0.57    4.4    3.8   -99.9
 'Wageningen' 28 12 1976   3640.   -5.1    1.3   0.48    1.7    0.0   -99.9
 'Wageningen' 29 12 1976   3370.   -8.5   -4.0   0.36    2.2    0.0   -99.9
 'Wageningen' 30 12 1976   2610.   -9.7   -4.0   0.29    4.3    0.0   -99.9
 'Wageningen' 31 12 1976   2360.   -5.6    2.1   0.50    4.3    3.5   -99.9
