***************************************************************************
* File name: Wageni.959
* Contents: SWAP  3.0 - Meteo data of Wageningen weather station                
***************************************************************************     
* Comment area:                                                                 
*                                                                               
*                                                                               
***************************************************************************     
    Station   DD MM YYYY     RAD   Tmin   Tmax    HUM   WIND   RAIN   ETref     
*             nr nr   nr   kJ/m2      C      C    kPa    m/s     mm      mm     
 'Wageningen'  1  1 1959   3098.    3.0    8.3   0.81    6.3    8.7   -99.9
 'Wageningen'  2  1 1959   1005.    1.8    4.1   0.76    6.3    9.1   -99.9
 'Wageningen'  3  1 1959   1758.    0.4    2.8   0.65    4.3    1.7   -99.9
 'Wageningen'  4  1 1959   2721.   -0.3    4.5   0.63    2.5    5.2   -99.9
 'Wageningen'  5  1 1959   2345.    1.5    2.8   0.76    4.3    3.0   -99.9
 'Wageningen'  6  1 1959   2303.    0.7    7.1   0.70    1.2   10.8   -99.9
 'Wageningen'  7  1 1959    502.    0.8    4.5   0.76    4.3    3.4   -99.9
 'Wageningen'  8  1 1959   2763.    0.6    1.8   0.67    2.5    2.2   -99.9
 'Wageningen'  9  1 1959   1884.    0.0    0.8   0.61    4.3    3.6   -99.9
 'Wageningen' 10  1 1959   1675.   -4.3   -0.2   0.57    0.1    6.8   -99.9
 'Wageningen' 11  1 1959    461.   -2.5    1.8   0.44    4.3    6.3   -99.9
 'Wageningen' 12  1 1959   1130.   -3.2    1.9   0.64    4.3    3.7   -99.9
 'Wageningen' 13  1 1959   2093.   -2.2    0.8   0.60    1.2    0.1   -99.9
 'Wageningen' 14  1 1959    963.   -0.3    0.2   0.64    2.5    0.3   -99.9
 'Wageningen' 15  1 1959   1465.   -2.9   -0.1   0.52    1.2    0.0   -99.9
 'Wageningen' 16  1 1959   2973.   -6.8    0.4   0.56    1.2    0.1   -99.9
 'Wageningen' 17  1 1959   1717.   -3.9    1.4   0.56    1.2    3.5   -99.9
 'Wageningen' 18  1 1959    586.   -0.7    4.6   0.63    2.5    4.9   -99.9
 'Wageningen' 19  1 1959   1591.    1.4   10.5   0.64    2.5    0.2   -99.9
 'Wageningen' 20  1 1959   1424.    4.3    9.1   0.81    8.6    1.0   -99.9
 'Wageningen' 21  1 1959   3140.    6.1   11.8   0.81    6.3    1.4   -99.9
 'Wageningen' 22  1 1959   1884.    7.3   11.0   0.90   11.1    4.8   -99.9
 'Wageningen' 23  1 1959   4899.    2.5    5.8   0.61    4.3    2.0   -99.9
 'Wageningen' 24  1 1959   4689.    1.3    5.1   0.67    6.3    0.0   -99.9
 'Wageningen' 25  1 1959   5192.   -0.2    6.8   0.67    4.3    0.3   -99.9
 'Wageningen' 26  1 1959   5652.   -1.9   -0.3   0.65    1.2    0.1   -99.9
 'Wageningen' 27  1 1959   2010.   -3.2    4.8   0.60    1.2    0.2   -99.9
 'Wageningen' 28  1 1959   5234.   -2.9    5.6   0.74    2.5    0.2   -99.9
 'Wageningen' 29  1 1959   5652.   -2.1    0.6   0.69    1.2    0.1   -99.9
 'Wageningen' 30  1 1959   1256.   -5.4    5.8   0.48    1.2    0.8   -99.9
 'Wageningen' 31  1 1959   5820.   -2.9    4.9   0.68    4.3    0.2   -99.9
 'Wageningen'  1  2 1959   7453.   -1.6    2.7   0.56    1.2    0.2   -99.9
 'Wageningen'  2  2 1959   7411.   -4.6    3.1   0.48    2.5    0.0   -99.9
 'Wageningen'  3  2 1959   6615.   -5.0    5.3   0.56    2.5    0.0   -99.9
 'Wageningen'  4  2 1959   6406.   -3.2    4.4   0.59    4.3    0.3   -99.9
 'Wageningen'  5  2 1959   5945.   -2.1   -0.2   0.68    1.2    0.0   -99.9
 'Wageningen'  6  2 1959   1591.   -7.1   -3.2   0.45    1.2    0.0   -99.9
 'Wageningen'  7  2 1959   1256.   -5.1   -3.0   0.45    1.2    0.0   -99.9
 'Wageningen'  8  2 1959   1214.   -5.4   -3.0   0.44    1.2    0.0   -99.9
 'Wageningen'  9  2 1959    670.   -5.2   -0.3   0.41    1.2    0.0   -99.9
 'Wageningen' 10  2 1959   1591.   -4.9   -0.6   0.56    1.2    0.0   -99.9
 'Wageningen' 11  2 1959   1172.   -4.2   -0.2   0.49    1.2    0.2   -99.9
 'Wageningen' 12  2 1959   1842.   -1.9   -1.4   0.55    1.2    0.0   -99.9
 'Wageningen' 13  2 1959   1340.   -4.2   -0.5   0.45    1.2    0.0   -99.9
 'Wageningen' 14  2 1959   1758.   -5.2    0.8   0.57    1.2    0.0   -99.9
 'Wageningen' 15  2 1959   1214.   -3.8    6.0   0.53    1.2    0.0   -99.9
 'Wageningen' 16  2 1959   4982.   -0.7    5.3   0.81    2.5    0.2   -99.9
 'Wageningen' 17  2 1959   2303.    0.3    3.8   0.84    1.2    0.0   -99.9
 'Wageningen' 18  2 1959   1717.    2.0    2.7   0.74    1.2    0.0   -99.9
 'Wageningen' 19  2 1959   1633.   -1.8    9.2   0.56    1.2    0.0   -99.9
 'Wageningen' 20  2 1959   6071.   -2.7    5.9   0.85    6.3    0.5   -99.9
 'Wageningen' 21  2 1959   1968.    1.9    5.4   0.78    2.5    6.1   -99.9
 'Wageningen' 22  2 1959   2931.    1.3   10.8   0.69    6.3    0.0   -99.9
 'Wageningen' 23  2 1959   6364.    3.1    9.9   1.02    4.3    0.0   -99.9
 'Wageningen' 24  2 1959   4605.    4.1   11.8   0.97    4.3    0.3   -99.9
 'Wageningen' 25  2 1959   7997.    1.1   12.7   1.06    4.3    0.1   -99.9
 'Wageningen' 26  2 1959   8374.    2.6   16.9   1.01    4.3    0.0   -99.9
 'Wageningen' 27  2 1959   9043.    2.8   18.3   1.17    1.2    0.0   -99.9
 'Wageningen' 28  2 1959   9672.    3.8   14.8   1.32    1.2    0.0   -99.9
 'Wageningen'  1  3 1959   8374.    3.6   17.0   0.98    2.5    0.0   -99.9
 'Wageningen'  2  3 1959   9881.    1.7   14.9   1.14    2.5    0.0   -99.9
 'Wageningen'  3  3 1959   5443.    6.0   12.4   0.84    6.3    0.5   -99.9
 'Wageningen'  4  3 1959   4522.    8.0   14.3   1.00    4.3    2.5   -99.9
 'Wageningen'  5  3 1959   7578.    5.3   13.0   0.89    6.3   13.2   -99.9
 'Wageningen'  6  3 1959   9881.    5.8   11.5   0.89    6.3    1.0   -99.9
 'Wageningen'  7  3 1959   5108.    6.0   10.8   1.12    1.2    3.0   -99.9
 'Wageningen'  8  3 1959   5945.    5.7   11.3   1.02    1.2    0.0   -99.9
 'Wageningen'  9  3 1959  12393.   -0.3   10.7   0.90    4.3    0.0   -99.9
 'Wageningen' 10  3 1959  10174.    1.3   13.2   0.72    6.3    0.0   -99.9
 'Wageningen' 11  3 1959  10341.    1.0   11.2   0.90    4.3    1.1   -99.9
 'Wageningen' 12  3 1959   4229.    6.3    9.6   0.97    2.5    0.0   -99.9
 'Wageningen' 13  3 1959  12058.    3.7    8.0   0.61    6.3    0.0   -99.9
 'Wageningen' 14  3 1959   9504.   -2.9    8.0   0.77    1.2    0.0   -99.9
 'Wageningen' 15  3 1959   3308.   -1.4    9.0   0.96    1.2   11.1   -99.9
 'Wageningen' 16  3 1959   6741.    2.7    6.9   0.78    2.5    0.1   -99.9
 'Wageningen' 17  3 1959  10886.    2.3    5.0   0.69    2.5    0.0   -99.9
 'Wageningen' 18  3 1959   4564.    0.2   12.5   0.68    2.5    0.0   -99.9
 'Wageningen' 19  3 1959  11514.    0.2   11.2   0.84    2.5    0.0   -99.9
 'Wageningen' 20  3 1959   4061.    4.9   10.0   1.06    2.5   19.9   -99.9
 'Wageningen' 21  3 1959   3768.    4.3   13.0   0.92    2.5    0.8   -99.9
 'Wageningen' 22  3 1959   2638.    0.2   11.9   1.45    1.2    5.5   -99.9
 'Wageningen' 23  3 1959   2596.    8.8   18.5   1.16    1.2    0.2   -99.9
 'Wageningen' 24  3 1959  10300.    6.9   14.4   1.42    2.5    1.9   -99.9
 'Wageningen' 25  3 1959   1842.    7.8   13.1   1.09    4.3    8.6   -99.9
 'Wageningen' 26  3 1959  12477.    3.8   14.7   0.88    2.5    0.0   -99.9
 'Wageningen' 27  3 1959  12979.    2.0   12.7   0.89    4.3    2.1   -99.9
 'Wageningen' 28  3 1959  11891.    6.7   14.4   0.89    4.3    0.1   -99.9
 'Wageningen' 29  3 1959  12225.    3.1   12.3   0.84    2.5    6.2   -99.9
 'Wageningen' 30  3 1959   6992.    6.4   16.1   0.98    1.2    3.8   -99.9
 'Wageningen' 31  3 1959  15952.    1.0   13.5   0.96    1.2    0.0   -99.9
 'Wageningen'  1  4 1959   9755.    4.3   12.8   1.17    4.3    0.1   -99.9
 'Wageningen'  2  4 1959   4396.    9.8   18.5   1.29    1.2    0.0   -99.9
 'Wageningen'  3  4 1959  13188.    6.3   17.9   1.30    1.2    0.0   -99.9
 'Wageningen'  4  4 1959  12937.    5.6   13.9   1.09    1.2    0.0   -99.9
 'Wageningen'  5  4 1959  12184.    7.1   11.1   0.74    4.3    0.0   -99.9
 'Wageningen'  6  4 1959   4480.    2.7    8.6   0.94    6.3   12.0   -99.9
 'Wageningen'  7  4 1959  13649.    2.8   12.7   0.77    8.6    6.0   -99.9
 'Wageningen'  8  4 1959  12602.    4.5   11.8   1.16    8.6    3.5   -99.9
 'Wageningen'  9  4 1959  11262.    4.6   10.4   0.89    6.3    1.9   -99.9
 'Wageningen' 10  4 1959   8625.    3.3   12.8   0.88    4.3    5.2   -99.9
 'Wageningen' 11  4 1959  10844.    4.1   15.5   0.78    4.3    2.7   -99.9
 'Wageningen' 12  4 1959  12058.    7.6   23.5   1.12    4.3    0.2   -99.9
 'Wageningen' 13  4 1959  16998.    8.8   23.1   1.22    4.3    0.0   -99.9
 'Wageningen' 14  4 1959  19552.   10.5   19.4   1.49    4.3    0.0   -99.9
 'Wageningen' 15  4 1959   9630.   13.0   17.7   1.18    4.3    1.3   -99.9
 'Wageningen' 16  4 1959   4522.    8.6   23.2   1.38    2.5   25.3   -99.9
 'Wageningen' 17  4 1959  19217.    8.8   18.6   1.34    4.3    0.0   -99.9
 'Wageningen' 18  4 1959  13147.    7.8   11.9   1.02    8.6    0.0   -99.9
 'Wageningen' 19  4 1959  13565.    7.1    9.9   0.72    6.3    0.0   -99.9
 'Wageningen' 20  4 1959  16538.   -1.1   11.7   0.81    1.2    0.0   -99.9
 'Wageningen' 21  4 1959  15449.    3.7   15.3   0.90    2.5    0.0   -99.9
 'Wageningen' 22  4 1959  15659.    5.1   17.1   1.12    1.2    0.0   -99.9
 'Wageningen' 23  4 1959  20390.    5.1   15.4   0.89    2.5    0.0   -99.9
 'Wageningen' 24  4 1959  21227.    6.8   20.9   1.06    1.2    0.0   -99.9
 'Wageningen' 25  4 1959  16245.   10.0   16.9   0.90    4.3    0.2   -99.9
 'Wageningen' 26  4 1959   5945.    7.0   13.4   1.33    4.3    8.4   -99.9
 'Wageningen' 27  4 1959  12979.    8.9   15.1   0.94    4.3    2.5   -99.9
 'Wageningen' 28  4 1959   8164.    3.5   13.8   1.00    4.3    0.1   -99.9
 'Wageningen' 29  4 1959  10760.   10.3   15.6   1.41    2.5    2.4   -99.9
 'Wageningen' 30  4 1959  10006.   10.3   12.5   1.36    6.3    0.6   -99.9
 'Wageningen'  1  5 1959   6992.    7.6   12.8   0.89    6.3    0.2   -99.9
 'Wageningen'  2  5 1959  15742.    5.3   14.0   0.84    6.3    0.0   -99.9
 'Wageningen'  3  5 1959  13649.    4.4   14.6   0.84    6.3    3.7   -99.9
 'Wageningen'  4  5 1959  20557.    6.0   12.7   0.86    4.3    0.0   -99.9
 'Wageningen'  5  5 1959  13188.    1.9   16.8   0.77    1.2    0.0   -99.9
 'Wageningen'  6  5 1959  25163.    3.4   21.1   0.81    4.3    0.0   -99.9
 'Wageningen'  7  5 1959  22358.    6.1   24.4   1.05    2.5    0.0   -99.9
 'Wageningen'  8  5 1959  20976.   11.5   26.5   1.25    2.5    0.4   -99.9
 'Wageningen'  9  5 1959  21311.   14.2   26.7   1.56    2.5    0.0   -99.9
 'Wageningen' 10  5 1959  21897.   15.8   27.5   1.41    4.3    0.0   -99.9
 'Wageningen' 11  5 1959  21604.   14.1   24.0   1.38    4.3    0.0   -99.9
 'Wageningen' 12  5 1959  24618.   12.0   22.6   0.92    4.3    0.0   -99.9
 'Wageningen' 13  5 1959  23948.   10.1   19.5   0.78    2.5    0.0   -99.9
 'Wageningen' 14  5 1959  24032.    5.7   20.2   1.73    6.3    0.0   -99.9
 'Wageningen' 15  5 1959  19720.    5.4   20.4   1.21    4.3    0.0   -99.9
 'Wageningen' 16  5 1959  17794.    7.3   22.6   1.42    2.5    0.0   -99.9
 'Wageningen' 17  5 1959  22190.    9.3   19.3   1.52    2.5    0.0   -99.9
 'Wageningen' 18  5 1959  11221.    8.0   16.7   1.26    4.3    0.0   -99.9
 'Wageningen' 19  5 1959  19217.    9.3   20.7   1.24    4.3    4.8   -99.9
 'Wageningen' 20  5 1959  12016.   12.3   21.2   1.54    2.5    0.1   -99.9
 'Wageningen' 21  5 1959  22986.   11.7   22.9   1.42    6.3    0.0   -99.9
 'Wageningen' 22  5 1959  26042.   11.9   21.6   1.04    6.3    0.0   -99.9
 'Wageningen' 23  5 1959  28177.    9.3   22.0   0.98    6.3    0.0   -99.9
 'Wageningen' 24  5 1959  27884.    7.0   19.3   1.10    6.3    0.0   -99.9
 'Wageningen' 25  5 1959  27842.    8.3   14.8   1.33    4.3    0.0   -99.9
 'Wageningen' 26  5 1959   4982.    8.0   13.0   1.21    4.3    0.2   -99.9
 'Wageningen' 27  5 1959  11053.    9.6   13.7   1.06    4.3    0.0   -99.9
 'Wageningen' 28  5 1959  15449.    8.0   17.6   0.93    4.3    0.4   -99.9
 'Wageningen' 29  5 1959  16747.    5.0   17.3   0.98    4.3    0.8   -99.9
 'Wageningen' 30  5 1959  25581.    5.3   21.5   1.06    4.3    0.0   -99.9
 'Wageningen' 31  5 1959  22316.    5.1   19.4   1.14    4.3    0.0   -99.9
 'Wageningen'  1  6 1959  16119.    9.3   20.9   1.28    4.3    0.4   -99.9
 'Wageningen'  2  6 1959  24702.    8.3   25.3   1.01    4.3    0.0   -99.9
 'Wageningen'  3  6 1959  27214.    8.0   28.4   1.02    1.2    0.0   -99.9
 'Wageningen'  4  6 1959  23572.   10.1   29.8   1.25    1.2    0.0   -99.9
 'Wageningen'  5  6 1959  21729.   15.4   23.4   1.38    2.5    0.0   -99.9
 'Wageningen'  6  6 1959  13356.   14.9   23.0   1.78    4.3    0.0   -99.9
 'Wageningen'  7  6 1959  22274.   13.9   21.7   1.49    1.2    0.0   -99.9
 'Wageningen'  8  6 1959  22692.    9.5   17.7   1.16    6.3    1.3   -99.9
 'Wageningen'  9  6 1959  13523.   11.8   16.8   1.37    4.3    2.0   -99.9
 'Wageningen' 10  6 1959  13565.    9.2   17.3   1.00    2.5    0.0   -99.9
 'Wageningen' 11  6 1959  28554.    5.8   19.1   1.18    6.3    0.0   -99.9
 'Wageningen' 12  6 1959  23069.    3.4   23.8   1.12    4.3    0.0   -99.9
 'Wageningen' 13  6 1959  27214.    7.3   21.6   1.29    4.3    0.0   -99.9
 'Wageningen' 14  6 1959  26251.    7.5   20.9   1.29    6.3    0.0   -99.9
 'Wageningen' 15  6 1959  20306.    6.6   19.8   1.34    4.3    0.0   -99.9
 'Wageningen' 16  6 1959  21227.    6.2   25.7   1.18    4.3    0.0   -99.9
 'Wageningen' 17  6 1959  27758.    8.9   22.6   1.40    4.3    0.0   -99.9
 'Wageningen' 18  6 1959  27005.   11.7   20.5   1.26    4.3    0.0   -99.9
 'Wageningen' 19  6 1959  29475.    5.7   22.3   0.81    4.3    0.0   -99.9
 'Wageningen' 20  6 1959  28889.    7.1   28.2   0.81    4.3    0.0   -99.9
 'Wageningen' 21  6 1959  24200.    9.8   30.7   2.87    1.2    0.0   -99.9
 'Wageningen' 22  6 1959  23907.   16.6   26.9   1.58    1.2    0.0   -99.9
 'Wageningen' 23  6 1959  17961.   15.8   28.2   1.82    4.3    0.0   -99.9
 'Wageningen' 24  6 1959  26209.   16.8   28.0   0.97    2.5    0.0   -99.9
 'Wageningen' 25  6 1959  23907.   15.6   26.2   0.90    4.3    0.0   -99.9
 'Wageningen' 26  6 1959   9713.   16.2   22.0   1.88    1.2   13.1   -99.9
 'Wageningen' 27  6 1959  14486.   13.8   20.6   1.65    1.2    1.2   -99.9
 'Wageningen' 28  6 1959  11723.   14.8   21.1   1.73    6.3    1.6   -99.9
 'Wageningen' 29  6 1959  18087.   12.0   15.3   1.25    6.3    1.8   -99.9
 'Wageningen' 30  6 1959   5275.   12.8   19.7   1.48    6.3    1.7   -99.9
 'Wageningen'  1  7 1959  11639.   13.5   19.4   1.57    4.3    5.2   -99.9
 'Wageningen'  2  7 1959   3852.   15.0   22.5   1.89    4.3    4.2   -99.9
 'Wageningen'  3  7 1959   9546.   15.5   26.6   1.74    4.3    0.5   -99.9
 'Wageningen'  4  7 1959  23655.   14.3   30.9   1.72    1.2    0.0   -99.9
 'Wageningen'  5  7 1959  25833.   16.8   28.9   1.68    2.5    6.1   -99.9
 'Wageningen'  6  7 1959  23069.   18.0   25.4   1.71    6.3    0.0   -99.9
 'Wageningen'  7  7 1959  28177.    9.2   32.8   1.45    1.2    0.0   -99.9
 'Wageningen'  8  7 1959  27298.   15.2   35.0   1.14    1.2    0.0   -99.9
 'Wageningen'  9  7 1959  24409.   18.5   30.5   1.82    1.2   17.6   -99.9
 'Wageningen' 10  7 1959  21981.   18.6   33.3   1.97    4.3    0.0   -99.9
 'Wageningen' 11  7 1959  23362.   18.8   23.8   2.24    6.3    0.0   -99.9
 'Wageningen' 12  7 1959  16705.   12.3   22.0   1.47    4.3    0.0   -99.9
 'Wageningen' 13  7 1959  17961.   11.7   20.7   1.24    4.3    0.0   -99.9
 'Wageningen' 14  7 1959  19804.   10.8   22.9   1.29    4.3    0.0   -99.9
 'Wageningen' 15  7 1959  23739.    8.4   24.8   1.36    4.3    0.0   -99.9
 'Wageningen' 16  7 1959  26335.   10.8   27.1   1.22    1.2    0.0   -99.9
 'Wageningen' 17  7 1959  24911.   13.8   31.3   1.53    1.2    0.0   -99.9
 'Wageningen' 18  7 1959  21018.   16.2   27.1   1.25    4.3    0.0   -99.9
 'Wageningen' 19  7 1959  20264.   15.8   24.3   1.64    4.3    0.0   -99.9
 'Wageningen' 20  7 1959  27968.   10.0   25.7   1.07    4.3    0.0   -99.9
 'Wageningen' 21  7 1959  20976.    9.5   24.8   1.45    4.3    0.0   -99.9
 'Wageningen' 22  7 1959  23948.    8.8   25.1   1.61    1.2    0.0   -99.9
 'Wageningen' 23  7 1959  27884.   10.2   24.6   1.17    1.2    0.0   -99.9
 'Wageningen' 24  7 1959  25958.   10.1   24.5   1.29    2.5    0.0   -99.9
 'Wageningen' 25  7 1959  22274.   10.1   27.0   1.28    4.3    0.0   -99.9
 'Wageningen' 26  7 1959  23530.    9.5   28.1   1.34    1.2    0.2   -99.9
 'Wageningen' 27  7 1959  12770.   13.7   23.2   1.42    2.5    0.7   -99.9
 'Wageningen' 28  7 1959  12644.   14.9   19.8   1.66    1.2    2.7   -99.9
 'Wageningen' 29  7 1959  11932.   11.9   16.8   1.47    2.5    8.7   -99.9
 'Wageningen' 30  7 1959   6657.   13.1   20.3   1.61    2.5   35.2   -99.9
 'Wageningen' 31  7 1959  12309.   13.2   22.0   1.51    4.3    8.1   -99.9
 'Wageningen'  1  8 1959  14151.   15.4   21.1   1.41    4.3    0.0   -99.9
 'Wageningen'  2  8 1959  14821.   12.6   18.3   1.80    1.2    0.9   -99.9
 'Wageningen'  3  8 1959   7662.   11.9   20.3   1.27    1.2    1.2   -99.9
 'Wageningen'  4  8 1959  14779.   13.0   19.0   1.49    2.5    0.6   -99.9
 'Wageningen'  5  8 1959   5275.   13.5   21.9   1.78    1.2    3.4   -99.9
 'Wageningen'  6  8 1959  11639.   13.8   24.9   1.58    2.5    0.4   -99.9
 'Wageningen'  7  8 1959  16705.   13.0   27.2   1.88    1.2    0.0   -99.9
 'Wageningen'  8  8 1959  20557.   15.8   25.7   1.70    2.5    2.1   -99.9
 'Wageningen'  9  8 1959  13147.   16.8   29.7   2.41    2.5    0.0   -99.9
 'Wageningen' 10  8 1959  17375.   16.9   22.8   2.02    1.2    6.3   -99.9
 'Wageningen' 11  8 1959   4731.   16.7   21.2   1.89    2.5    4.5   -99.9
 'Wageningen' 12  8 1959   7034.   14.0   26.2   1.88    4.3    2.6   -99.9
 'Wageningen' 13  8 1959  17752.   14.7   24.8   1.80    4.3    1.0   -99.9
 'Wageningen' 14  8 1959   9504.   17.1   21.4   2.03    4.3    0.4   -99.9
 'Wageningen' 15  8 1959  13733.   13.0   20.6   1.77    4.3    0.0   -99.9
 'Wageningen' 16  8 1959  10676.    8.8   21.4   1.56    2.5    0.0   -99.9
 'Wageningen' 17  8 1959  22860.    9.8   24.1   1.92    6.3    0.0   -99.9
 'Wageningen' 18  8 1959  22483.    8.1   27.8   1.73    2.5    0.0   -99.9
 'Wageningen' 19  8 1959  20013.   15.8   28.6   1.68    2.5    0.0   -99.9
 'Wageningen' 20  8 1959  19301.   17.3   29.6   1.38    6.3    0.0   -99.9
 'Wageningen' 21  8 1959  16831.   17.9   24.5   1.64    2.5    6.4   -99.9
 'Wageningen' 22  8 1959  12895.   14.6   24.6   1.68    1.2    0.0   -99.9
 'Wageningen' 23  8 1959  17961.   13.9   27.5   2.13    2.5    0.1   -99.9
 'Wageningen' 24  8 1959  16119.   15.0   27.7   2.22    1.2    0.0   -99.9
 'Wageningen' 25  8 1959  15952.   16.7   26.0   2.18    4.3    0.0   -99.9
 'Wageningen' 26  8 1959  13188.   15.3   20.2   2.02    4.3    0.0   -99.9
 'Wageningen' 27  8 1959  15366.   11.9   21.4   1.21    6.3    0.0   -99.9
 'Wageningen' 28  8 1959  11723.    9.0   18.4   1.42    6.3    0.0   -99.9
 'Wageningen' 29  8 1959  17375.    8.2   19.5   1.09    6.3    1.6   -99.9
 'Wageningen' 30  8 1959  19720.    8.3   19.9   1.48    4.3    0.0   -99.9
 'Wageningen' 31  8 1959  14193.    7.3   21.3   1.09    2.5    0.0   -99.9
 'Wageningen'  1  9 1959  15952.    5.6   21.5   1.41    1.2    0.0   -99.9
 'Wageningen'  2  9 1959  18631.    9.7   23.5   0.97    2.5    0.0   -99.9
 'Wageningen'  3  9 1959  16915.    9.8   24.3   1.14    4.3    0.0   -99.9
 'Wageningen'  4  9 1959  17752.   10.8   25.7   1.38    4.3    0.0   -99.9
 'Wageningen'  5  9 1959  17124.   11.1   24.8   1.12    4.3    0.0   -99.9
 'Wageningen'  6  9 1959  17501.   12.9   24.8   1.17    4.3    0.0   -99.9
 'Wageningen'  7  9 1959  18045.    7.2   25.1   1.29    2.5    0.0   -99.9
 'Wageningen'  8  9 1959  16998.    8.9   26.1   1.25    2.5    0.0   -99.9
 'Wageningen'  9  9 1959  15575.   12.8   28.2   1.29    4.3    0.0   -99.9
 'Wageningen' 10  9 1959  14193.   10.1   28.7   1.57    1.2    0.0   -99.9
 'Wageningen' 11  9 1959  13649.   13.2   29.0   1.41    2.5    0.0   -99.9
 'Wageningen' 12  9 1959  13063.   11.2   22.9   1.41    0.1    0.0   -99.9
 'Wageningen' 13  9 1959  14528.   14.6   21.3   1.69    4.3    0.0   -99.9
 'Wageningen' 14  9 1959  14779.    9.4   22.9   1.21    1.2    0.0   -99.9
 'Wageningen' 15  9 1959  16412.    9.7   19.1   1.42    1.2    0.0   -99.9
 'Wageningen' 16  9 1959   7871.    5.5   19.8   1.57    1.2    0.0   -99.9
 'Wageningen' 17  9 1959  16035.    6.2   19.8   1.09    2.5    0.0   -99.9
 'Wageningen' 18  9 1959  10174.    4.3   18.5   1.37    1.2    0.0   -99.9
 'Wageningen' 19  9 1959   5108.   11.5   21.6   1.46    1.2    0.0   -99.9
 'Wageningen' 20  9 1959  13733.   13.6   22.4   1.25    1.2    0.0   -99.9
 'Wageningen' 21  9 1959  13188.    5.9   21.8   1.22    4.3    5.0   -99.9
 'Wageningen' 22  9 1959  10844.   14.0   20.1   1.38    4.3    0.0   -99.9
 'Wageningen' 23  9 1959   9420.    7.7   19.0   1.42    2.5    0.0   -99.9
 'Wageningen' 24  9 1959  10383.   10.2   21.8   1.29    2.5    0.0   -99.9
 'Wageningen' 25  9 1959  10174.   10.8   19.6   1.28    1.2    0.0   -99.9
 'Wageningen' 26  9 1959   7327.   10.4   18.4   1.38    2.5    0.0   -99.9
 'Wageningen' 27  9 1959  10258.   11.6   18.7   1.38    4.3    0.0   -99.9
 'Wageningen' 28  9 1959   9043.    4.7   21.0   1.18    1.2    0.0   -99.9
 'Wageningen' 29  9 1959  12853.    8.5   19.9   1.00    6.3    0.0   -99.9
 'Wageningen' 30  9 1959  11639.    8.2   23.8   0.80    4.3    0.0   -99.9
 'Wageningen'  1 10 1959  14026.    6.7   25.7   0.63    2.5    0.0   -99.9
 'Wageningen'  2 10 1959  10593.    6.2   25.6   1.21    1.2    0.0   -99.9
 'Wageningen'  3 10 1959  10844.    9.0   21.9   1.65    1.2    0.0   -99.9
 'Wageningen'  4 10 1959   5568.   10.7   19.2   1.46    4.3    0.0   -99.9
 'Wageningen'  5 10 1959  11723.    7.8   19.0   1.05    4.3    0.0   -99.9
 'Wageningen'  6 10 1959  11891.    3.9   20.8   0.80    4.3    0.0   -99.9
 'Wageningen'  7 10 1959  10551.    4.8   21.7   1.00    2.5    0.0   -99.9
 'Wageningen'  8 10 1959  10174.    3.9   20.2   1.09    1.2    0.0   -99.9
 'Wageningen'  9 10 1959   9337.    0.2   23.1   1.01    2.5    0.0   -99.9
 'Wageningen' 10 10 1959  10174.    7.6   15.7   1.04    6.3    0.0   -99.9
 'Wageningen' 11 10 1959   2973.    8.6   19.2   1.37    4.3    0.0   -99.9
 'Wageningen' 12 10 1959   3894.    9.3   18.0   1.42    1.2    0.0   -99.9
 'Wageningen' 13 10 1959   3894.    6.8   21.2   1.25    1.2    0.0   -99.9
 'Wageningen' 14 10 1959   8374.    9.2   17.9   1.34    1.2    0.0   -99.9
 'Wageningen' 15 10 1959   8960.    7.0   19.1   0.76    4.3    0.0   -99.9
 'Wageningen' 16 10 1959   9295.    4.0   19.1   0.84    2.5    0.0   -99.9
 'Wageningen' 17 10 1959   7285.    8.0   17.4   1.12    2.5    0.2   -99.9
 'Wageningen' 18 10 1959   6364.   11.0   16.7   0.90    8.6    4.9   -99.9
 'Wageningen' 19 10 1959   2596.    8.5   15.9   1.38    6.3    0.0   -99.9
 'Wageningen' 20 10 1959   7201.    5.2   11.8   1.08    4.3    0.2   -99.9
 'Wageningen' 21 10 1959   2010.    5.0   16.0   1.18    2.5    7.0   -99.9
 'Wageningen' 22 10 1959   7118.    9.6   13.4   0.98    8.6    3.0   -99.9
 'Wageningen' 23 10 1959   3182.    5.3   13.5   1.24    2.5    0.0   -99.9
 'Wageningen' 24 10 1959   1633.    8.9   12.3   1.20    4.3    3.1   -99.9
 'Wageningen' 25 10 1959   7620.    8.2   13.0   0.98    4.3    0.0   -99.9
 'Wageningen' 26 10 1959   6029.    3.7   10.8   0.97    6.3    0.1   -99.9
 'Wageningen' 27 10 1959    754.    8.4   11.7   1.10   13.8   13.5   -99.9
 'Wageningen' 28 10 1959   7034.    5.3   11.9   0.78    4.3    0.2   -99.9
 'Wageningen' 29 10 1959   6155.    0.3    9.0   0.81    8.6    1.9   -99.9
 'Wageningen' 30 10 1959    628.    3.3   11.8   0.96    4.3   20.0   -99.9
 'Wageningen' 31 10 1959   2931.    5.2    8.9   1.14    2.5    0.4   -99.9
 'Wageningen'  1 11 1959   3601.   -0.2    7.9   0.89    2.5    0.7   -99.9
 'Wageningen'  2 11 1959   2763.    2.1   11.8   1.00    1.2    0.1   -99.9
 'Wageningen'  3 11 1959   4689.    3.7   10.8   0.98    2.5    1.6   -99.9
 'Wageningen'  4 11 1959   2554.    4.6    9.3   0.96    0.1    4.0   -99.9
 'Wageningen'  5 11 1959   4940.   -1.5    4.6   0.84    0.1    2.1   -99.9
 'Wageningen'  6 11 1959   2010.   -2.2    6.4   0.80    0.1    0.0   -99.9
 'Wageningen'  7 11 1959   3936.   -1.0    6.6   0.74    0.1    0.0   -99.9
 'Wageningen'  8 11 1959   2721.   -3.6    6.0   0.77    0.1    0.2   -99.9
 'Wageningen'  9 11 1959   1633.    0.9   10.0   0.65    8.6   14.1   -99.9
 'Wageningen' 10 11 1959   2805.    5.1    6.8   0.92    4.3    0.3   -99.9
 'Wageningen' 11 11 1959   1047.    1.0    7.4   0.82    1.2    0.7   -99.9
 'Wageningen' 12 11 1959   3517.    1.8    6.0   0.80    2.5    0.0   -99.9
 'Wageningen' 13 11 1959   1591.    1.1   10.0   0.69    8.6    4.6   -99.9
 'Wageningen' 14 11 1959   4522.    4.7    9.5   0.74    8.6    0.0   -99.9
 'Wageningen' 15 11 1959   3308.    4.6    8.1   0.93    2.5    0.0   -99.9
 'Wageningen' 16 11 1959   1758.    4.7    7.8   0.90    2.5    0.0   -99.9
 'Wageningen' 17 11 1959   4103.    1.5   11.3   0.85    2.5    3.0   -99.9
 'Wageningen' 18 11 1959   2428.    3.7   12.7   0.96    2.5    0.7   -99.9
 'Wageningen' 19 11 1959   2470.    7.7   14.7   1.12    2.5    0.0   -99.9
 'Wageningen' 20 11 1959   4396.    6.9   12.7   1.12    1.2    0.0   -99.9
 'Wageningen' 21 11 1959   4396.    3.5    9.7   1.04    1.2    0.0   -99.9
 'Wageningen' 22 11 1959   3852.    1.1    6.0   0.92    1.2    0.1   -99.9
 'Wageningen' 23 11 1959    754.    2.0    6.6   0.86    1.2    0.2   -99.9
 'Wageningen' 24 11 1959    461.    0.7    3.6   0.68    1.2    0.1   -99.9
 'Wageningen' 25 11 1959    628.    0.8    7.1   0.76    1.2    0.0   -99.9
 'Wageningen' 26 11 1959   2554.   -2.2    9.8   0.88    2.5    5.1   -99.9
 'Wageningen' 27 11 1959   1591.    4.7    8.7   1.04    2.5    0.4   -99.9
 'Wageningen' 28 11 1959    963.    3.8   11.8   0.98    1.2    0.5   -99.9
 'Wageningen' 29 11 1959   3517.    4.6    8.4   0.97    2.5    0.0   -99.9
 'Wageningen' 30 11 1959   1382.    4.9    5.9   0.90    2.5    0.3   -99.9
 'Wageningen'  1 12 1959    419.    0.7    5.0   0.70    1.2    0.2   -99.9
 'Wageningen'  2 12 1959    461.    4.1    8.0   0.82    1.2    0.9   -99.9
 'Wageningen'  3 12 1959   1047.    4.2    6.5   0.98    2.5    1.4   -99.9
 'Wageningen'  4 12 1959   1968.    4.4    7.3   0.76   11.1    0.3   -99.9
 'Wageningen'  5 12 1959   1800.    2.6    6.6   0.90    2.5    0.1   -99.9
 'Wageningen'  6 12 1959   2973.    0.2    3.7   0.78    2.5    0.0   -99.9
 'Wageningen'  7 12 1959   2093.    0.9    3.4   0.64    6.3    0.9   -99.9
 'Wageningen'  8 12 1959    963.    1.3    1.9   0.64    2.5    3.4   -99.9
 'Wageningen'  9 12 1959   1130.   -0.4   -0.2   0.57    1.2    0.1   -99.9
 'Wageningen' 10 12 1959   1130.   -3.4    0.8   0.52    1.2    0.0   -99.9
 'Wageningen' 11 12 1959   1424.   -1.6    1.7   0.53    2.5    0.0   -99.9
 'Wageningen' 12 12 1959   1758.   -1.1    1.6   0.56    1.2    0.0   -99.9
 'Wageningen' 13 12 1959    544.    0.3    4.2   0.59    1.2    0.0   -99.9
 'Wageningen' 14 12 1959    544.   -0.2    3.8   0.76    1.2    0.5   -99.9
 'Wageningen' 15 12 1959   2512.   -2.1    4.1   0.53    1.2    0.0   -99.9
 'Wageningen' 16 12 1959   1633.   -3.2    9.4   0.69    2.5    0.1   -99.9
 'Wageningen' 17 12 1959    335.    4.0    9.4   1.04    8.6    4.1   -99.9
 'Wageningen' 18 12 1959   1507.    5.1    7.2   0.88    4.3    4.2   -99.9
 'Wageningen' 19 12 1959   2428.    2.4   11.1   0.80    4.3    5.8   -99.9
 'Wageningen' 20 12 1959    251.    5.5    9.0   1.24   11.1    2.2   -99.9
 'Wageningen' 21 12 1959   2303.    3.2    5.5   0.74    1.2    0.0   -99.9
 'Wageningen' 22 12 1959   2177.    0.7    8.8   0.76    2.5    5.7   -99.9
 'Wageningen' 23 12 1959   1758.    2.8    7.1   0.84    2.5    0.9   -99.9
 'Wageningen' 24 12 1959   2303.    5.1    8.3   0.74    2.5    3.8   -99.9
 'Wageningen' 25 12 1959   1298.    4.2   10.4   0.93    2.5    5.5   -99.9
 'Wageningen' 26 12 1959   2261.    6.5    9.4   0.81    8.6    9.5   -99.9
 'Wageningen' 27 12 1959   1758.    5.8    7.1   0.85    4.3    4.6   -99.9
 'Wageningen' 28 12 1959   1130.    4.3    7.8   0.88    2.5    2.8   -99.9
 'Wageningen' 29 12 1959   1968.    4.1   10.7   0.86    1.2    4.7   -99.9
 'Wageningen' 30 12 1959   2847.    4.9    8.8   0.81    4.3    0.0   -99.9
 'Wageningen' 31 12 1959    419.    4.8   11.2   1.04    4.3    0.0   -99.9
