***************************************************************************
* File name: Wageni.989
* Contents: SWAP 3.0 - Meteo data of Wageningen weather station                
***************************************************************************     
* Comment area:                                                                 
*                                                                               
*                                                                               
***************************************************************************     
    Station   DD MM YYYY     RAD   Tmin   Tmax    HUM   WIND   RAIN   ETref     
*             nr nr   nr   kJ/m2      C      C    kPa    m/s     mm      mm     
 'Wageningen'  1  1 1989    900.    4.9    8.0   0.90    0.8    0.0   -99.9
 'Wageningen'  2  1 1989   1730.    3.4    8.3   0.81    1.5    0.0   -99.9
 'Wageningen'  3  1 1989   2400.    0.8    4.6   0.66    2.8    0.0   -99.9
 'Wageningen'  4  1 1989    660.    0.4    5.5   0.68    3.8    1.8   -99.9
 'Wageningen'  5  1 1989   1960.    2.4    5.5   0.77    3.9    5.4   -99.9
 'Wageningen'  6  1 1989   1410.    3.9   10.0   0.97    2.3    5.5   -99.9
 'Wageningen'  7  1 1989   1910.    1.7    8.2   0.89    2.4    0.0   -99.9
 'Wageningen'  8  1 1989    600.    8.2   10.1   1.10    3.4    0.2   -99.9
 'Wageningen'  9  1 1989    540.    7.1    9.0   1.02    3.2    0.3   -99.9
 'Wageningen' 10  1 1989    730.    0.9    8.2   0.88    2.7    3.7   -99.9
 'Wageningen' 11  1 1989   2110.   -0.4    5.7   0.68    2.8    0.0   -99.9
 'Wageningen' 12  1 1989    910.    2.7    8.5   0.82    4.3    3.6   -99.9
 'Wageningen' 13  1 1989   3950.    1.9    8.1   0.72    3.9    0.0   -99.9
 'Wageningen' 14  1 1989   2540.    4.3    9.6   0.80    4.9    0.4   -99.9
 'Wageningen' 15  1 1989   2070.    3.6    9.0   0.88    5.2    0.0   -99.9
 'Wageningen' 16  1 1989   1180.    4.3    9.2   0.91    3.2    0.0   -99.9
 'Wageningen' 17  1 1989    750.   -0.1    5.7   0.77    3.4    0.8   -99.9
 'Wageningen' 18  1 1989   2710.   -0.1    5.5   0.71    2.1    0.0   -99.9
 'Wageningen' 19  1 1989   1160.   -0.3    1.7   0.62    1.8    0.0   -99.9
 'Wageningen' 20  1 1989    720.   -1.1    2.8   0.61    2.6    0.0   -99.9
 'Wageningen' 21  1 1989   1070.    2.2    6.5   0.73    3.8    0.5   -99.9
 'Wageningen' 22  1 1989   4550.    0.0    9.0   0.76    1.5    0.0   -99.9
 'Wageningen' 23  1 1989   4220.    0.2    5.5   0.68    2.5    0.0   -99.9
 'Wageningen' 24  1 1989   1140.   -4.1    0.9   0.57    2.3    0.0   -99.9
 'Wageningen' 25  1 1989   4340.   -2.0    2.7   0.54    2.3    0.0   -99.9
 'Wageningen' 26  1 1989   5600.   -1.4    6.5   0.56    2.1    0.0   -99.9
 'Wageningen' 27  1 1989   5460.   -0.6    8.3   0.58    2.7    0.0   -99.9
 'Wageningen' 28  1 1989   5730.    0.1    9.1   0.64    2.4    0.4   -99.9
 'Wageningen' 29  1 1989   1670.    1.2    5.5   0.77    1.7    0.0   -99.9
 'Wageningen' 30  1 1989   2520.    0.9    6.0   0.73    2.3    0.0   -99.9
 'Wageningen' 31  1 1989   1900.    1.7    3.7   0.71    2.0    0.0   -99.9
 'Wageningen'  1  2 1989    810.    0.1    3.9   0.66    2.9    0.0   -99.9
 'Wageningen'  2  2 1989   1520.   -0.3    1.3   0.57    2.6    0.0   -99.9
 'Wageningen'  3  2 1989   1600.    0.1    3.5   0.68    3.4    0.0   -99.9
 'Wageningen'  4  2 1989   3180.    1.3    4.4   0.66    4.5    0.0   -99.9
 'Wageningen'  5  2 1989   4700.    3.1   10.0   0.86    4.1    5.0   -99.9
 'Wageningen'  6  2 1989   5690.    7.4   12.6   1.01    5.5    0.0   -99.9
 'Wageningen'  7  2 1989   6680.    5.1   12.6   0.93    3.5    0.0   -99.9
 'Wageningen'  8  2 1989   7130.    2.0   10.2   0.80    2.0    0.0   -99.9
 'Wageningen'  9  2 1989   7730.    1.5   10.1   0.73    2.5    0.0   -99.9
 'Wageningen' 10  2 1989   7200.    0.6    9.7   0.68    2.3    0.0   -99.9
 'Wageningen' 11  2 1989   4480.    1.8    9.3   0.76    2.4    0.0   -99.9
 'Wageningen' 12  2 1989   1880.    2.9    8.4   0.81    4.4    0.6   -99.9
 'Wageningen' 13  2 1989   5730.   -0.2    8.1   0.52    4.3    8.8   -99.9
 'Wageningen' 14  2 1989   4910.    2.6    9.0   0.65    5.9    0.6   -99.9
 'Wageningen' 15  2 1989   1660.    3.7   10.0   0.67    6.2   13.9   -99.9
 'Wageningen' 16  2 1989   5510.   -1.6    6.6   0.59    3.1    0.2   -99.9
 'Wageningen' 17  2 1989   5040.   -2.3    6.8   0.61    3.0    0.2   -99.9
 'Wageningen' 18  2 1989    650.    6.5   13.0   1.14    5.8    8.5   -99.9
 'Wageningen' 19  2 1989   3280.    9.5   12.9   1.18    5.1    7.3   -99.9
 'Wageningen' 20  2 1989   7930.    1.3    9.8   0.79    3.7    1.7   -99.9
 'Wageningen' 21  2 1989   8490.   -1.4    9.4   0.62    1.1    0.0   -99.9
 'Wageningen' 22  2 1989   8340.   -2.1    9.0   0.67    3.7    1.0   -99.9
 'Wageningen' 23  2 1989   6140.    1.9    7.7   0.71    3.9    1.3   -99.9
 'Wageningen' 24  2 1989   9240.    1.0    9.0   0.66    4.1    0.5   -99.9
 'Wageningen' 25  2 1989   4500.    5.0    8.5   0.70    6.1    2.6   -99.9
 'Wageningen' 26  2 1989   3210.    0.9    6.3   0.66    5.9    3.9   -99.9
 'Wageningen' 27  2 1989   3450.    0.9    7.0   0.71    5.5    3.6   -99.9
 'Wageningen' 28  2 1989   6510.    1.0    7.1   0.69    4.9    6.1   -99.9
 'Wageningen'  1  3 1989   2000.    3.7    7.0   0.79    7.1   15.5   -99.9
 'Wageningen'  2  3 1989   5130.    4.3    8.7   0.82    4.3    9.1   -99.9
 'Wageningen'  3  3 1989   4760.    5.4   10.5   0.94    2.4    1.5   -99.9
 'Wageningen'  4  3 1989   5510.    3.7   11.2   0.93    3.4    0.3   -99.9
 'Wageningen'  5  3 1989   5140.    9.0   14.3   1.16    2.4    0.4   -99.9
 'Wageningen'  6  3 1989  11800.    7.1   18.7   1.00    3.0    0.0   -99.9
 'Wageningen'  7  3 1989   1770.    6.5   10.8   0.99    2.7   19.6   -99.9
 'Wageningen'  8  3 1989   6300.    1.4    9.0   0.72    3.9    1.8   -99.9
 'Wageningen'  9  3 1989   8370.    1.9   11.8   0.74    3.7    0.0   -99.9
 'Wageningen' 10  3 1989  13220.    5.8   14.7   0.81    3.1    0.0   -99.9
 'Wageningen' 11  3 1989   4280.    5.0   11.5   0.95    2.4    0.1   -99.9
 'Wageningen' 12  3 1989   9630.   -0.3   11.7   0.84    2.4    0.0   -99.9
 'Wageningen' 13  3 1989   2740.    4.2   11.0   0.81    6.3    2.0   -99.9
 'Wageningen' 14  3 1989  10150.    3.6   10.9   0.75    5.0    0.6   -99.9
 'Wageningen' 15  3 1989   6920.    4.4    9.9   0.84    5.4    2.2   -99.9
 'Wageningen' 16  3 1989   1980.    2.8    6.5   0.82    2.5   11.7   -99.9
 'Wageningen' 17  3 1989   7230.   -0.3    6.6   0.66    2.5    8.3   -99.9
 'Wageningen' 18  3 1989  13090.   -3.1    7.8   0.54    2.3    0.0   -99.9
 'Wageningen' 19  3 1989   4100.    4.3    9.6   0.81    3.5    0.1   -99.9
 'Wageningen' 20  3 1989   7500.    4.0   11.1   0.78    2.8    0.3   -99.9
 'Wageningen' 21  3 1989  11470.    2.8    8.7   0.72    4.8    2.5   -99.9
 'Wageningen' 22  3 1989   3920.    5.7   12.7   0.96    6.8    2.5   -99.9
 'Wageningen' 23  3 1989  10960.    2.8    8.2   0.64    6.9    1.8   -99.9
 'Wageningen' 24  3 1989   1640.    5.8   11.0   0.70    5.9   21.2   -99.9
 'Wageningen' 25  3 1989  16970.    2.7    9.9   0.65    4.2    0.0   -99.9
 'Wageningen' 26  3 1989  13120.    2.9   16.6   0.90    2.3    0.0   -99.9
 'Wageningen' 27  3 1989  15550.    7.2   20.5   0.99    3.8    0.0   -99.9
 'Wageningen' 28  3 1989  15000.   10.1   21.5   0.79    3.0    0.0   -99.9
 'Wageningen' 29  3 1989  15690.    6.9   14.9   0.82    2.3    0.0   -99.9
 'Wageningen' 30  3 1989  13670.    5.8   15.5   1.02    2.6    0.0   -99.9
 'Wageningen' 31  3 1989  16230.    2.5   18.4   1.00    1.3    0.0   -99.9
 'Wageningen'  1  4 1989  16740.    4.5   11.4   0.82    3.5    0.0   -99.9
 'Wageningen'  2  4 1989  16310.    1.3    8.1   0.45    5.3    0.0   -99.9
 'Wageningen'  3  4 1989  10380.    1.8    6.7   0.43    5.5    0.0   -99.9
 'Wageningen'  4  4 1989   3570.    0.7    5.3   0.53    5.7    1.5   -99.9
 'Wageningen'  5  4 1989   2830.    3.2    5.2   0.64    4.2    0.6   -99.9
 'Wageningen'  6  4 1989   3460.    2.6    6.8   0.80    6.1    7.7   -99.9
 'Wageningen'  7  4 1989  11620.    4.1   11.9   0.81    4.8    3.4   -99.9
 'Wageningen'  8  4 1989  14710.    2.1   12.7   0.78    2.5    0.0   -99.9
 'Wageningen'  9  4 1989  18940.    1.8   14.5   0.73    3.2    0.0   -99.9
 'Wageningen' 10  4 1989   6680.    8.2   15.3   1.11    4.5    2.8   -99.9
 'Wageningen' 11  4 1989  12280.    8.1   15.0   1.04    0.0    8.2   -99.9
 'Wageningen' 12  4 1989   3840.    7.1   12.3   1.17    2.1    4.2   -99.9
 'Wageningen' 13  4 1989   6110.    0.1   12.5   1.06    1.4    0.2   -99.9
 'Wageningen' 14  4 1989   1700.    7.1    8.6   0.99    4.2   18.0   -99.9
 'Wageningen' 15  4 1989  15070.    5.0   14.1   0.86    1.9    0.0   -99.9
 'Wageningen' 16  4 1989   5000.    4.2   11.4   0.96    2.7    0.0   -99.9
 'Wageningen' 17  4 1989  17040.    0.7   11.8   0.78    3.3    2.4   -99.9
 'Wageningen' 18  4 1989   8780.   -0.6    8.9   0.76    2.3    0.1   -99.9
 'Wageningen' 19  4 1989  11560.    2.3   10.0   0.78    2.6    1.8   -99.9
 'Wageningen' 20  4 1989  12800.   -0.6   10.7   0.70    1.0    0.0   -99.9
 'Wageningen' 21  4 1989  11240.    0.9   11.2   0.82    2.1    0.0   -99.9
 'Wageningen' 22  4 1989  14990.    4.9   11.0   0.82    3.0    0.0   -99.9
 'Wageningen' 23  4 1989   5470.    3.1    6.9   0.82    1.7    3.2   -99.9
 'Wageningen' 24  4 1989  14640.    4.7   13.8   0.93    2.3    2.0   -99.9
 'Wageningen' 25  4 1989   5630.    3.8   10.5   0.92    3.2    3.8   -99.9
 'Wageningen' 26  4 1989   5410.    1.1    6.8   0.70    2.7    0.6   -99.9
 'Wageningen' 27  4 1989  23260.    0.1   10.8   0.58    2.0    0.0   -99.9
 'Wageningen' 28  4 1989  17670.   -1.7   11.5   0.63    2.0    0.0   -99.9
 'Wageningen' 29  4 1989  23340.   -2.7   13.9   0.66    1.2    0.0   -99.9
 'Wageningen' 30  4 1989  20120.   -1.0   15.2   0.68    1.1    0.0   -99.9
 'Wageningen'  1  5 1989  22230.    4.5   17.7   0.88    1.9    0.0   -99.9
 'Wageningen'  2  5 1989  16760.    5.5   18.6   1.24    1.8    0.0   -99.9
 'Wageningen'  3  5 1989  23660.    5.0   19.8   1.11    2.0    0.0   -99.9
 'Wageningen'  4  5 1989  25370.    7.3   23.5   1.17    2.1    0.0   -99.9
 'Wageningen'  5  5 1989  22630.    5.6   22.0   1.23    1.7    0.0   -99.9
 'Wageningen'  6  5 1989  20240.    4.5   12.9   0.80    3.2    0.0   -99.9
 'Wageningen'  7  5 1989  17320.    4.1   14.0   0.81    1.2    0.0   -99.9
 'Wageningen'  8  5 1989  23900.    2.7   18.4   0.96    1.6    0.0   -99.9
 'Wageningen'  9  5 1989  23670.    7.7   21.7   1.09    1.9    0.0   -99.9
 'Wageningen' 10  5 1989  26270.    4.4   17.1   0.78    1.9    0.0   -99.9
 'Wageningen' 11  5 1989   8570.    4.2   14.5   1.15    2.2    1.0   -99.9
 'Wageningen' 12  5 1989  12550.    7.3   13.3   1.00    4.8    9.7   -99.9
 'Wageningen' 13  5 1989  16780.    7.6   14.1   0.96    3.7    2.7   -99.9
 'Wageningen' 14  5 1989  26000.    6.5   17.7   0.99    1.8    0.0   -99.9
 'Wageningen' 15  5 1989  25080.    5.4   20.7   0.99    1.7    0.0   -99.9
 'Wageningen' 16  5 1989  24940.    6.4   22.6   1.12    1.7    0.0   -99.9
 'Wageningen' 17  5 1989  21830.    8.3   22.4   1.21    1.6    0.0   -99.9
 'Wageningen' 18  5 1989  24040.   11.7   25.2   1.27    1.6    0.0   -99.9
 'Wageningen' 19  5 1989  21660.    9.6   26.7   1.26    1.9    0.0   -99.9
 'Wageningen' 20  5 1989  23190.   14.2   26.6   1.31    3.2    0.8   -99.9
 'Wageningen' 21  5 1989  26000.   15.1   26.2   1.36    4.1    0.0   -99.9
 'Wageningen' 22  5 1989  27300.   13.2   23.9   0.84    4.5    0.0   -99.9
 'Wageningen' 23  5 1989  28210.   11.3   26.1   1.05    3.6    0.0   -99.9
 'Wageningen' 24  5 1989  27560.   15.2   27.8   1.24    3.2    0.0   -99.9
 'Wageningen' 25  5 1989  27460.   11.5   27.9   1.25    2.2    0.0   -99.9
 'Wageningen' 26  5 1989  25530.    9.2   23.5   1.23    2.8    0.0   -99.9
 'Wageningen' 27  5 1989  27570.    8.6   20.3   0.93    3.1    0.0   -99.9
 'Wageningen' 28  5 1989  26670.    4.6   21.4   1.02    2.1    0.0   -99.9
 'Wageningen' 29  5 1989  26590.    4.4   20.3   1.00    1.6    0.0   -99.9
 'Wageningen' 30  5 1989  16910.    4.4   16.3   1.00    3.1    0.0   -99.9
 'Wageningen' 31  5 1989  17480.    3.8   14.3   0.76    1.6    0.0   -99.9
 'Wageningen'  1  6 1989  11980.    3.6   14.0   0.88    1.9    0.0   -99.9
 'Wageningen'  2  6 1989  14600.    4.5   16.9   0.83    1.6    0.0   -99.9
 'Wageningen'  3  6 1989  11820.    4.1   15.3   0.97    2.2   16.6   -99.9
 'Wageningen'  4  6 1989   7310.    6.8   10.3   1.01    2.6    3.0   -99.9
 'Wageningen'  5  6 1989  11660.    3.6   13.6   0.92    2.0    7.5   -99.9
 'Wageningen'  6  6 1989  18380.    3.5   16.1   0.93    2.8    0.0   -99.9
 'Wageningen'  7  6 1989  12070.    9.0   14.4   1.07    1.7    0.0   -99.9
 'Wageningen'  8  6 1989  12340.    8.7   14.4   1.07    2.3    9.6   -99.9
 'Wageningen'  9  6 1989  15780.    8.9   17.4   1.15    2.2    0.1   -99.9
 'Wageningen' 10  6 1989  18610.   11.3   21.8   1.24    2.0    0.3   -99.9
 'Wageningen' 11  6 1989  24180.    8.9   23.4   1.40    1.4    0.0   -99.9
 'Wageningen' 12  6 1989  28200.   14.4   24.1   1.33    3.2    0.0   -99.9
 'Wageningen' 13  6 1989  27770.   14.9   25.1   1.13    2.9    0.0   -99.9
 'Wageningen' 14  6 1989  26560.   12.4   26.2   1.25    1.8    0.0   -99.9
 'Wageningen' 15  6 1989  22590.   10.7   26.6   1.26    1.4    0.0   -99.9
 'Wageningen' 16  6 1989  27150.   10.7   24.4   1.33    1.7    0.0   -99.9
 'Wageningen' 17  6 1989  29040.   10.7   24.4   1.26    2.2    0.0   -99.9
 'Wageningen' 18  6 1989  28180.    9.1   24.3   1.34    2.1    0.0   -99.9
 'Wageningen' 19  6 1989  27780.   11.5   28.5   1.34    2.1    0.0   -99.9
 'Wageningen' 20  6 1989  28920.   11.2   27.9   1.43    1.5    0.1   -99.9
 'Wageningen' 21  6 1989  25800.   10.5   24.6   1.45    2.5    0.0   -99.9
 'Wageningen' 22  6 1989  13840.   10.0   24.0   1.60    1.6    0.0   -99.9
 'Wageningen' 23  6 1989  17620.    9.8   21.0   1.45    2.1    0.0   -99.9
 'Wageningen' 24  6 1989  22450.    7.6   22.9   1.25    1.1    0.0   -99.9
 'Wageningen' 25  6 1989  28650.    7.3   26.5   1.17    1.1    0.0   -99.9
 'Wageningen' 26  6 1989  26570.   11.9   27.8   1.37    1.6    5.5   -99.9
 'Wageningen' 27  6 1989  11430.   11.1   20.1   1.37    3.5    3.0   -99.9
 'Wageningen' 28  6 1989  19800.   12.0   17.6   1.14    5.0    2.7   -99.9
 'Wageningen' 29  6 1989   3890.    6.1   16.2   1.28    2.4   12.2   -99.9
 'Wageningen' 30  6 1989  27020.    2.6   19.1   1.02    1.4    0.1   -99.9
 'Wageningen'  1  7 1989   6920.   13.8   18.7   1.56    2.7   10.2   -99.9
 'Wageningen'  2  7 1989   9600.   13.1   19.6   1.53    2.9    0.3   -99.9
 'Wageningen'  3  7 1989  23050.   11.3   22.9   1.23    2.7    0.0   -99.9
 'Wageningen'  4  7 1989  27120.   12.0   24.0   1.39    3.3    0.0   -99.9
 'Wageningen'  5  7 1989  25430.   16.5   28.6   1.90    3.1    0.0   -99.9
 'Wageningen'  6  7 1989  24870.   17.7   31.0   1.83    2.8    0.0   -99.9
 'Wageningen'  7  7 1989  23000.   16.1   28.1   1.92    3.0    5.4   -99.9
 'Wageningen'  8  7 1989  17160.   15.0   21.6   1.82    0.4    7.6   -99.9
 'Wageningen'  9  7 1989  10090.   14.7   20.6   1.79    1.8   22.1   -99.9
 'Wageningen' 10  7 1989  10080.   11.8   19.5   1.30    1.7    0.0   -99.9
 'Wageningen' 11  7 1989  18000.   11.1   21.9   1.45    1.1    0.0   -99.9
 'Wageningen' 12  7 1989  20590.   10.9   23.0   1.46    2.3    0.0   -99.9
 'Wageningen' 13  7 1989  16120.    9.9   20.5   1.27    3.0    0.0   -99.9
 'Wageningen' 14  7 1989  15740.    8.8   17.9   1.11    2.7    0.2   -99.9
 'Wageningen' 15  7 1989  18970.    9.3   22.4   1.32    3.8    0.0   -99.9
 'Wageningen' 16  7 1989  17420.    8.5   19.4   1.21    2.6    1.9   -99.9
 'Wageningen' 17  7 1989   6620.    7.6   18.4   1.38    1.1    0.1   -99.9
 'Wageningen' 18  7 1989  15410.   12.1   17.9   1.17    2.7    0.1   -99.9
 'Wageningen' 19  7 1989  24550.    9.0   20.1   1.14    1.6    0.0   -99.9
 'Wageningen' 20  7 1989  24750.    6.3   25.3   1.30    1.1    0.0   -99.9
 'Wageningen' 21  7 1989  24880.    8.5   26.1   1.26    2.3    0.0   -99.9
 'Wageningen' 22  7 1989  21440.   16.3   30.6   1.35    2.3    0.0   -99.9
 'Wageningen' 23  7 1989  13790.   16.2   25.9   1.97    1.4   10.4   -99.9
 'Wageningen' 24  7 1989  23730.   13.8   25.1   1.70    1.7    0.0   -99.9
 'Wageningen' 25  7 1989   9080.   16.1   21.5   1.77    1.2    0.1   -99.9
 'Wageningen' 26  7 1989  18640.   11.9   25.8   1.75    2.4    0.0   -99.9
 'Wageningen' 27  7 1989  18270.   10.8   22.2   1.31    1.3    0.0   -99.9
 'Wageningen' 28  7 1989  17840.    9.7   23.9   1.32    1.7    0.0   -99.9
 'Wageningen' 29  7 1989  18070.   11.8   24.8   1.46    1.6    0.0   -99.9
 'Wageningen' 30  7 1989   6070.   14.3   18.6   1.58    4.1    4.1   -99.9
 'Wageningen' 31  7 1989  16450.   10.6   18.5   1.25    3.7    6.1   -99.9
 'Wageningen'  1  8 1989  16100.    9.9   18.5   1.22    3.8    2.7   -99.9
 'Wageningen'  2  8 1989  12010.    8.7   16.4   1.15    3.0    0.1   -99.9
 'Wageningen'  3  8 1989  14090.    9.1   21.8   1.49    2.6    0.0   -99.9
 'Wageningen'  4  8 1989  18750.    9.9   20.1   1.23    1.5    0.0   -99.9
 'Wageningen'  5  8 1989  23120.    6.6   23.2   1.24    0.9    0.1   -99.9
 'Wageningen'  6  8 1989  22060.    7.2   27.5   1.38    1.7    0.0   -99.9
 'Wageningen'  7  8 1989   9210.   13.7   23.3   1.83    1.0    4.2   -99.9
 'Wageningen'  8  8 1989  11800.   12.4   22.8   1.71    1.7    0.5   -99.9
 'Wageningen'  9  8 1989  17500.   12.7   24.6   1.63    2.0    1.8   -99.9
 'Wageningen' 10  8 1989  18930.   12.8   27.5   1.54    2.5    2.2   -99.9
 'Wageningen' 11  8 1989   6000.   12.2   17.7   1.55    3.5    2.0   -99.9
 'Wageningen' 12  8 1989  10570.   13.0   21.2   1.56    3.5    0.0   -99.9
 'Wageningen' 13  8 1989  20380.    9.6   22.8   1.41    2.0    0.0   -99.9
 'Wageningen' 14  8 1989  19240.   13.7   25.5   1.47    2.6    0.1   -99.9
 'Wageningen' 15  8 1989  13950.   16.7   26.5   1.65    3.4    0.1   -99.9
 'Wageningen' 16  8 1989  14790.   16.3   25.9   1.68    1.4    0.2   -99.9
 'Wageningen' 17  8 1989  17670.   12.6   21.9   1.50    2.4    0.0   -99.9
 'Wageningen' 18  8 1989  19910.   10.3   22.7   1.29    1.9    0.0   -99.9
 'Wageningen' 19  8 1989  20370.    8.3   27.0   1.23    1.6    0.0   -99.9
 'Wageningen' 20  8 1989  20750.   11.0   29.2   1.53    1.3    0.0   -99.9
 'Wageningen' 21  8 1989  18420.   14.3   25.4   1.77    1.9    0.0   -99.9
 'Wageningen' 22  8 1989  17850.   12.6   23.1   1.51    2.4    0.0   -99.9
 'Wageningen' 23  8 1989  17690.    9.9   21.7   1.31    1.7    0.0   -99.9
 'Wageningen' 24  8 1989  15650.   10.2   21.7   1.39    2.6    0.0   -99.9
 'Wageningen' 25  8 1989   8760.    6.3   18.5   1.36    2.0    1.1   -99.9
 'Wageningen' 26  8 1989  11890.    4.5   19.2   1.11    1.5    2.9   -99.9
 'Wageningen' 27  8 1989   6620.   10.5   16.7   1.32    3.1   19.9   -99.9
 'Wageningen' 28  8 1989  14870.    9.8   18.3   1.15    3.1    2.1   -99.9
 'Wageningen' 29  8 1989  13300.    9.2   19.5   1.18    1.9    0.0   -99.9
 'Wageningen' 30  8 1989   4810.   13.6   19.9   1.66    2.4    0.5   -99.9
 'Wageningen' 31  8 1989   6700.   14.4   21.1   1.60    1.9    5.8   -99.9
 'Wageningen'  1  9 1989  15680.    7.3   19.3   1.23    1.5    0.2   -99.9
 'Wageningen'  2  9 1989   6490.    7.3   16.5   1.17    1.2    6.2   -99.9
 'Wageningen'  3  9 1989  15880.    3.8   17.2   0.99    1.4    0.0   -99.9
 'Wageningen'  4  9 1989  13630.    2.1   18.0   0.96    1.0    0.0   -99.9
 'Wageningen'  5  9 1989   8900.    6.3   18.8   1.16    1.1    0.0   -99.9
 'Wageningen'  6  9 1989  15240.    6.6   22.1   1.23    1.3    0.1   -99.9
 'Wageningen'  7  9 1989  14620.    8.7   23.4   1.26    1.1    0.0   -99.9
 'Wageningen'  8  9 1989  16400.    9.7   23.5   1.28    1.8    0.0   -99.9
 'Wageningen'  9  9 1989  13920.    9.0   23.7   1.51    2.8    0.0   -99.9
 'Wageningen' 10  9 1989  11260.   13.3   20.9   1.55    3.1    0.0   -99.9
 'Wageningen' 11  9 1989  13080.   14.6   21.2   1.44    3.7    0.0   -99.9
 'Wageningen' 12  9 1989  13080.   13.1   22.6   1.53    2.2    9.5   -99.9
 'Wageningen' 13  9 1989   4150.   14.5   18.3   1.61    2.3   23.8   -99.9
 'Wageningen' 14  9 1989  12540.   10.5   16.0   1.16    3.0    8.5   -99.9
 'Wageningen' 15  9 1989   7280.   10.2   17.4   1.49    3.0    8.5   -99.9
 'Wageningen' 16  9 1989   9670.   16.8   20.2   1.61    3.8    7.7   -99.9
 'Wageningen' 17  9 1989  13500.   14.7   23.9   1.73    2.2    0.0   -99.9
 'Wageningen' 18  9 1989  14420.   12.6   26.8   1.68    2.3    0.0   -99.9
 'Wageningen' 19  9 1989   4440.   10.7   19.2   1.66    2.0   11.7   -99.9
 'Wageningen' 20  9 1989  15250.    9.6   21.3   1.73    2.1    0.2   -99.9
 'Wageningen' 21  9 1989  14270.    8.1   24.8   1.67    1.8    0.0   -99.9
 'Wageningen' 22  9 1989  11800.   14.1   26.3   1.79    2.2    0.0   -99.9
 'Wageningen' 23  9 1989   6200.   13.3   17.1   1.36    1.9    1.7   -99.9
 'Wageningen' 24  9 1989  11180.   11.3   18.7   1.29    0.8    3.9   -99.9
 'Wageningen' 25  9 1989   6800.    9.7   17.5   1.41    1.0    0.3   -99.9
 'Wageningen' 26  9 1989   7030.    5.2   17.7   1.32    1.1    0.3   -99.9
 'Wageningen' 27  9 1989  14800.    4.7   17.1   0.93    0.9    0.0   -99.9
 'Wageningen' 28  9 1989   6650.    6.4   15.7   1.14    2.0    5.1   -99.9
 'Wageningen' 29  9 1989   4530.    8.0   14.9   1.19    2.0    1.8   -99.9
 'Wageningen' 30  9 1989   4660.   11.2   16.2   1.38    2.0    0.0   -99.9
 'Wageningen'  1 10 1989   5780.   11.7   15.7   1.25    1.9    0.0   -99.9
 'Wageningen'  2 10 1989   5380.    9.0   14.9   1.21    2.5    0.0   -99.9
 'Wageningen'  3 10 1989  10860.    2.1   16.6   1.08    1.2    0.0   -99.9
 'Wageningen'  4 10 1989  12760.    0.8   15.5   0.81    1.7    0.9   -99.9
 'Wageningen'  5 10 1989  12620.    6.2   18.7   1.09    2.4    0.0   -99.9
 'Wageningen'  6 10 1989   7060.   10.1   14.6   1.25    3.5    8.4   -99.9
 'Wageningen'  7 10 1989   8800.    6.5   13.9   1.07    2.9    7.6   -99.9
 'Wageningen'  8 10 1989   9420.    6.4   14.5   1.08    1.9    1.4   -99.9
 'Wageningen'  9 10 1989   5510.    7.2   14.6   1.13    1.6    3.2   -99.9
 'Wageningen' 10 10 1989   7200.    7.0   13.2   0.99    2.1    0.0   -99.9
 'Wageningen' 11 10 1989   9630.    7.2   14.4   1.07    2.3    2.7   -99.9
 'Wageningen' 12 10 1989   3280.    8.5   15.4   1.42    3.1    0.0   -99.9
 'Wageningen' 13 10 1989   4410.    9.7   16.0   1.44    4.1    5.7   -99.9
 'Wageningen' 14 10 1989   6650.    6.9   12.9   1.07    3.9    3.2   -99.9
 'Wageningen' 15 10 1989   8580.    5.6   14.0   1.01    2.2    0.1   -99.9
 'Wageningen' 16 10 1989   7250.    6.8   15.4   1.19    3.0    0.0   -99.9
 'Wageningen' 17 10 1989   9940.    6.2   17.1   1.16    1.5    0.0   -99.9
 'Wageningen' 18 10 1989   9060.    7.3   17.7   1.18    1.5    0.0   -99.9
 'Wageningen' 19 10 1989   6730.    9.5   18.1   1.45    2.1    0.0   -99.9
 'Wageningen' 20 10 1989   6870.   10.0   15.0   1.26    5.3    6.2   -99.9
 'Wageningen' 21 10 1989   4830.   12.7   20.0   1.57    6.1    0.8   -99.9
 'Wageningen' 22 10 1989   8360.   12.8   21.6   1.40    4.1    0.0   -99.9
 'Wageningen' 23 10 1989   2190.   12.2   16.6   1.52    1.2    0.1   -99.9
 'Wageningen' 24 10 1989   8540.    8.6   16.5   1.32    2.8    0.2   -99.9
 'Wageningen' 25 10 1989   4460.    8.6   15.0   1.27    2.2    0.0   -99.9
 'Wageningen' 26 10 1989   2450.   11.0   14.9   1.47    2.1    0.6   -99.9
 'Wageningen' 27 10 1989   5310.   11.4   17.9   1.38    3.1    0.0   -99.9
 'Wageningen' 28 10 1989   3190.   10.0   16.3   1.08    4.3    2.1   -99.9
 'Wageningen' 29 10 1989   1410.    9.3   13.4   1.13    5.7    5.5   -99.9
 'Wageningen' 30 10 1989   1860.   10.7   15.8   1.36    5.8   12.0   -99.9
 'Wageningen' 31 10 1989   1330.    7.5   12.2   1.22    2.5    8.5   -99.9
 'Wageningen'  1 11 1989   3990.    9.5   14.7   1.20    1.1    0.0   -99.9
 'Wageningen'  2 11 1989   4720.    8.6   15.2   1.19    3.4    2.5   -99.9
 'Wageningen'  3 11 1989   3760.    5.8   10.9   1.00    2.9    0.0   -99.9
 'Wageningen'  4 11 1989   4540.    5.8   11.0   0.98    4.6    2.2   -99.9
 'Wageningen'  5 11 1989   4030.    3.1    9.3   0.85    2.5    2.5   -99.9
 'Wageningen'  6 11 1989   2340.    1.6    5.9   0.77    1.3    0.0   -99.9
 'Wageningen'  7 11 1989   4270.    2.9    9.9   0.80    2.3    0.3   -99.9
 'Wageningen'  8 11 1989   1820.    5.6   11.5   0.84    5.7    0.9   -99.9
 'Wageningen'  9 11 1989   5140.    5.4   10.2   0.84    4.8    4.8   -99.9
 'Wageningen' 10 11 1989    920.    5.3   10.4   0.98    5.5    3.2   -99.9
 'Wageningen' 11 11 1989   5330.    6.2   12.1   0.85    3.0    0.0   -99.9
 'Wageningen' 12 11 1989   4490.    1.2   11.4   0.80    1.4    0.0   -99.9
 'Wageningen' 13 11 1989   5010.   -2.1   12.4   0.71    0.7    0.0   -99.9
 'Wageningen' 14 11 1989   5250.   -2.7   11.1   0.82    1.0    0.0   -99.9
 'Wageningen' 15 11 1989   3000.    3.8   11.4   0.87    1.4    0.0   -99.9
 'Wageningen' 16 11 1989   5900.    1.5    7.8   0.62    3.5    0.0   -99.9
 'Wageningen' 17 11 1989   5440.    0.7    6.2   0.53    4.3    0.0   -99.9
 'Wageningen' 18 11 1989   5210.   -0.4    5.4   0.44    3.5    0.0   -99.9
 'Wageningen' 19 11 1989   5000.   -0.6    7.3   0.54    2.2    0.0   -99.9
 'Wageningen' 20 11 1989   3570.    3.4   10.4   0.73    2.4    0.0   -99.9
 'Wageningen' 21 11 1989   1860.    3.2   10.9   0.85    2.5    0.2   -99.9
 'Wageningen' 22 11 1989   4940.   -2.2    8.4   0.66    1.7    0.4   -99.9
 'Wageningen' 23 11 1989   2560.    4.4    5.9   0.70    2.6    0.3   -99.9
 'Wageningen' 24 11 1989   2320.   -2.3    7.3   0.47    2.6    3.0   -99.9
 'Wageningen' 25 11 1989   5540.   -7.3    2.2   0.41    2.0    0.0   -99.9
 'Wageningen' 26 11 1989    990.    0.3    6.2   0.70    4.2    1.0   -99.9
 'Wageningen' 27 11 1989   1150.    6.1    8.4   0.90    3.1    0.2   -99.9
 'Wageningen' 28 11 1989   4750.   -5.2    9.2   0.64    1.4    0.0   -99.9
 'Wageningen' 29 11 1989   4770.   -6.8    4.4   0.47    1.1    0.0   -99.9
 'Wageningen' 30 11 1989   4260.   -8.3    1.3   0.43    1.4    0.0   -99.9
 'Wageningen'  1 12 1989   3920.   -7.8    2.6   0.42    1.3    0.0   -99.9
 'Wageningen'  2 12 1989   4450.   -6.4    6.1   0.42    2.2    0.0   -99.9
 'Wageningen'  3 12 1989   4220.   -5.6    9.1   0.45    1.1    0.0   -99.9
 'Wageningen'  4 12 1989   1610.   -7.5    4.3   0.58    0.9    0.3   -99.9
 'Wageningen'  5 12 1989   2960.   -0.2    7.0   0.72    0.9    0.3   -99.9
 'Wageningen'  6 12 1989   1510.    3.6    8.0   0.87    1.4    1.2   -99.9
 'Wageningen'  7 12 1989   2170.   -0.4    8.0   0.74    1.1    0.0   -99.9
 'Wageningen'  8 12 1989   1670.   -0.2    5.8   0.69    0.8    0.0   -99.9
 'Wageningen'  9 12 1989   2010.   -4.0    7.0   0.71    1.0    0.0   -99.9
 'Wageningen' 10 12 1989   1250.   -5.8   -0.4   0.52    1.6    0.0   -99.9
 'Wageningen' 11 12 1989   2070.   -0.4    5.3   0.66    1.4    0.0   -99.9
 'Wageningen' 12 12 1989    380.   -0.7    7.1   0.71    3.0    5.1   -99.9
 'Wageningen' 13 12 1989    420.    4.1    9.4   0.85    2.2   15.4   -99.9
 'Wageningen' 14 12 1989    530.    7.8   13.3   1.04    5.9   15.2   -99.9
 'Wageningen' 15 12 1989    550.    2.8   11.2   0.82    4.3    0.3   -99.9
 'Wageningen' 16 12 1989   1220.    3.2   14.0   1.01    3.9    9.3   -99.9
 'Wageningen' 17 12 1989   2330.    9.6   13.3   1.00    7.6    1.3   -99.9
 'Wageningen' 18 12 1989    790.    8.9   11.9   1.04    4.3    5.6   -99.9
 'Wageningen' 19 12 1989    730.    2.5   11.9   0.83    5.0    0.9   -99.9
 'Wageningen' 20 12 1989    280.    4.0   13.3   1.07    5.4   11.8   -99.9
 'Wageningen' 21 12 1989   1640.   11.0   14.6   1.07    6.4    0.0   -99.9
 'Wageningen' 22 12 1989    660.    4.6   11.4   1.00    3.1    6.8   -99.9
 'Wageningen' 23 12 1989   2260.    3.3    7.6   0.78    4.6    1.8   -99.9
 'Wageningen' 24 12 1989   2050.    6.9   10.1   0.87    4.7    1.2   -99.9
 'Wageningen' 25 12 1989   1850.    7.2   10.6   0.72    3.3    0.0   -99.9
 'Wageningen' 26 12 1989   1380.   -0.3    7.8   0.66    1.4    0.0   -99.9
 'Wageningen' 27 12 1989   1260.   -1.9    1.9   0.61    1.1    0.0   -99.9
 'Wageningen' 28 12 1989    400.    0.4    2.4   0.63    1.7    0.3   -99.9
 'Wageningen' 29 12 1989    890.   -0.7    1.1   0.54    2.9    0.0   -99.9
 'Wageningen' 30 12 1989    560.   -0.9    1.6   0.55    2.6    0.3   -99.9
 'Wageningen' 31 12 1989    390.    0.0    0.6   0.59    2.4    0.3   -99.9
